episodes,mean,ci_down,ci_up
0.0,189.53,172.29,206.77
100.0,391.53,374.29,408.77
200.0,593.53,576.29,610.77
300.0,795.53,778.29,812.77
400.0,997.53,980.29,1014.77
500.0,1199.53,1182.29,1216.77
600.0,1401.53,1384.29,1418.77
700.0,1603.53,1586.29,1620.77
800.0,1805.53,1788.29,1822.77
900.0,2007.53,1990.29,2024.77
1000.0,2209.53,2192.29,2226.77
1100.0,2411.53,2394.29,2428.77
1200.0,2613.53,2596.29,2630.77
1300.0,2815.53,2798.29,2832.77
1400.0,3017.53,3000.29,3034.77
1500.0,3219.53,3202.29,3236.77
1600.0,3421.53,3404.29,3438.77
1700.0,3623.53,3606.29,3640.77
1800.0,3825.53,3808.29,3842.77
1900.0,4027.53,4010.29,4044.77
2000.0,4229.53,4212.29,4246.77
2100.0,4431.53,4414.29,4448.77
2200.0,4633.53,4616.29,4650.77
2300.0,4835.53,4818.29,4852.77
2400.0,5031.47,5010.92,5052.02
2500.0,5227.40,5198.44,5256.36
2600.0,5423.33,5384.00,5462.67
2700.0,5625.33,5586.00,5664.67
2800.0,5827.33,5788.00,5866.67
2900.0,6029.33,5990.00,6068.67
3000.0,6231.33,6192.00,6270.67
3100.0,6433.33,6394.00,6472.67
3200.0,6635.33,6596.00,6674.67
3300.0,6837.33,6798.00,6876.67
3400.0,7039.33,7000.00,7078.67
3500.0,7241.33,7202.00,7280.67
3600.0,7443.33,7404.00,7482.67
3700.0,7645.33,7606.00,7684.67
3800.0,7847.33,7808.00,7886.67
3900.0,8049.33,8010.00,8088.67
4000.0,8251.33,8212.00,8290.67
4100.0,8453.33,8414.00,8492.67
4200.0,8655.33,8616.00,8694.67
4300.0,8857.33,8818.00,8896.67
4400.0,9059.33,9020.00,9098.67
4500.0,9261.33,9222.00,9300.67
4600.0,9463.33,9424.00,9502.67
4700.0,9665.33,9626.00,9704.67
4800.0,9867.33,9828.00,9906.67
4900.0,10069.33,10030.00,10108.67
5000.0,10271.33,10232.00,10310.67
5100.0,10467.27,10426.75,10507.79
5200.0,10669.27,10628.75,10709.79
5300.0,10871.27,10830.75,10911.79
5400.0,11073.27,11032.75,11113.79
5500.0,11269.20,11227.64,11310.76
5600.0,11465.13,11419.27,11510.99
5700.0,11661.07,11608.42,11713.71
5800.0,11863.07,11810.42,11915.71
5900.0,12065.07,12012.42,12117.71
6000.0,12267.07,12214.42,12319.71
6100.0,12469.07,12416.42,12521.71
6200.0,12671.07,12618.42,12723.71
6300.0,12873.07,12820.42,12925.71
6400.0,13075.07,13022.42,13127.71
6500.0,13277.07,13224.42,13329.71
6600.0,13479.07,13426.42,13531.71
6700.0,13681.07,13628.42,13733.71
6800.0,13883.07,13830.42,13935.71
6900.0,14085.07,14032.42,14137.71
7000.0,14287.07,14234.42,14339.71
7100.0,14489.07,14436.42,14541.71
7200.0,14691.07,14638.42,14743.71
7300.0,14893.07,14840.42,14945.71
7400.0,15095.07,15042.42,15147.71
7500.0,15297.07,15244.42,15349.71
7600.0,15499.07,15446.42,15551.71
7700.0,15701.07,15648.42,15753.71
7800.0,15903.07,15850.42,15955.71
7900.0,16105.07,16052.42,16157.71
8000.0,16307.07,16254.42,16359.71
