episodes,mean,ci_down,ci_up
0.0,634.48,438.94,830.03
100.0,1612.18,1428.89,1795.48
200.0,2638.12,2465.24,2811.00
300.0,3688.09,3517.91,3858.28
400.0,4774.82,4585.79,4963.84
500.0,5864.36,5627.54,6101.18
600.0,6981.90,6684.92,7278.89
700.0,8107.72,7742.19,8473.26
800.0,9253.02,8826.74,9679.30
900.0,10436.16,9936.21,10936.11
1000.0,11626.68,11051.56,12201.80
1100.0,12843.00,12194.11,13491.89
1200.0,14076.86,13354.07,14799.65
1300.0,15329.79,14533.55,16126.04
1400.0,16628.72,15737.19,17520.24
1500.0,17947.24,16958.34,18936.15
1600.0,19277.10,18173.61,20380.59
1700.0,20635.66,19417.48,21853.84
1800.0,22028.31,20687.94,23368.68
1900.0,23435.81,21973.09,24898.53
2000.0,24867.40,23282.59,26452.21
2100.0,26331.44,24616.94,28045.93
2200.0,27817.53,25970.20,29664.85
2300.0,29333.57,27349.20,31317.95
2400.0,30849.64,28724.10,32975.18
2500.0,32390.36,30117.78,34662.93
2600.0,33959.84,31532.21,36387.47
2700.0,35557.54,32967.12,38147.97
2800.0,37160.37,34404.45,39916.28
2900.0,38806.07,35887.11,41725.04
3000.0,40540.80,37439.33,43642.27
3100.0,42327.99,39046.32,45609.67
3200.0,44144.37,40672.98,47615.76
3300.0,45954.90,42289.47,49620.34
3400.0,47802.28,43940.46,51664.10
3500.0,49705.30,45650.70,53759.90
3600.0,51626.94,47377.28,55876.60
3700.0,53601.85,49155.07,58048.63
3800.0,55590.85,50944.37,60237.33
3900.0,57591.30,52746.58,62436.01
4000.0,59597.26,54552.44,64642.08
4100.0,61610.98,56365.86,66856.10
4200.0,63629.65,58183.84,69075.45
4300.0,65652.15,60003.84,71300.46
4400.0,67681.87,61829.92,73533.81
4500.0,69748.79,63693.64,75803.94
4600.0,71862.87,65617.13,78108.61
4700.0,73985.10,67550.31,80419.88
4800.0,76121.99,69498.51,82745.46
4900.0,78262.72,71449.94,85075.50
5000.0,80403.45,73399.34,87407.56
5100.0,82537.97,75349.33,89726.62
5200.0,84719.45,77350.79,92088.12
5300.0,86943.13,79392.13,94494.12
5400.0,89153.02,81426.47,96879.57
5500.0,91403.84,83502.80,99304.88
5600.0,93687.41,85615.44,101759.39
5700.0,95999.35,87765.02,104233.68
5800.0,98313.04,89914.94,106711.15
5900.0,100613.57,92061.35,109165.79
6000.0,102934.98,94225.94,111644.02
6100.0,105257.27,96387.33,114127.21
6200.0,107591.41,98567.05,116615.76
6300.0,109948.52,100756.95,119140.10
6400.0,112305.64,102945.12,121666.16
6500.0,114671.49,105160.56,124182.43
6600.0,117082.52,107405.63,126759.41
6700.0,119453.95,109611.73,129296.17
6800.0,121821.15,111815.02,131827.28
6900.0,124203.38,114040.14,134366.62
7000.0,126626.45,116293.99,136958.91
7100.0,129055.91,118556.78,139555.05
7200.0,131487.23,120821.42,142153.05
7300.0,133904.45,123069.63,144739.27
7400.0,136294.51,125313.07,147275.95
7500.0,138694.82,127565.02,149824.63
7600.0,141109.89,129846.78,152373.01
7700.0,143509.67,132095.23,154924.10
7800.0,145869.53,134288.81,157450.24
7900.0,148314.22,136580.54,160047.90
8000.0,150689.26,138810.50,162568.03
