episodes,mean,ci_down,ci_up
0.0,634.48,438.94,830.03
100.0,977.70,884.30,1071.10
200.0,1025.94,979.61,1072.27
300.0,1049.97,995.91,1104.03
400.0,1086.73,1005.49,1167.96
500.0,1089.54,1006.57,1172.51
600.0,1117.55,1034.47,1200.62
700.0,1125.82,1043.30,1208.34
800.0,1145.30,1063.72,1226.87
900.0,1183.14,1097.69,1268.59
1000.0,1190.52,1106.76,1274.29
1100.0,1216.31,1135.20,1297.43
1200.0,1233.86,1150.97,1316.75
1300.0,1252.93,1169.31,1336.56
1400.0,1298.93,1197.19,1400.66
1500.0,1318.53,1208.71,1428.35
1600.0,1329.85,1203.63,1456.08
1700.0,1358.56,1232.53,1484.60
1800.0,1392.64,1261.43,1523.86
1900.0,1407.50,1276.31,1538.69
2000.0,1431.59,1296.25,1566.93
2100.0,1464.04,1306.25,1621.83
2200.0,1486.09,1327.57,1644.61
2300.0,1516.05,1350.17,1681.92
2400.0,1516.07,1350.19,1681.95
2500.0,1540.71,1370.30,1711.12
2600.0,1569.49,1383.66,1755.31
2700.0,1597.70,1407.39,1788.01
2800.0,1602.83,1412.73,1792.93
2900.0,1645.71,1459.80,1831.61
3000.0,1734.73,1518.00,1951.45
3100.0,1787.19,1570.63,2003.75
3200.0,1816.38,1590.93,2041.82
3300.0,1810.53,1583.37,2037.69
3400.0,1847.38,1621.86,2072.90
3500.0,1903.02,1670.22,2135.82
3600.0,1921.64,1684.10,2159.18
3700.0,1974.91,1736.26,2213.56
3800.0,1989.00,1748.12,2229.88
3900.0,2000.44,1765.08,2235.81
4000.0,2005.97,1771.46,2240.48
4100.0,2013.72,1781.82,2245.61
4200.0,2018.67,1788.51,2248.83
4300.0,2022.51,1792.59,2252.43
4400.0,2029.71,1801.03,2258.40
4500.0,2066.92,1838.16,2295.68
4600.0,2114.08,1888.17,2339.99
4700.0,2122.23,1899.74,2344.71
4800.0,2136.89,1912.19,2361.60
4900.0,2140.73,1917.15,2364.31
5000.0,2140.73,1917.15,2364.31
5100.0,2134.52,1915.61,2353.43
5200.0,2181.48,1963.87,2399.09
5300.0,2223.67,2003.56,2443.78
5400.0,2209.89,1994.29,2425.50
5500.0,2250.82,2034.87,2466.77
5600.0,2283.57,2073.22,2493.93
5700.0,2311.94,2107.27,2516.60
5800.0,2313.69,2109.87,2517.52
5900.0,2300.53,2093.47,2507.58
6000.0,2321.41,2109.53,2533.29
6100.0,2322.29,2111.11,2533.46
6200.0,2334.14,2118.40,2549.88
6300.0,2357.12,2147.20,2567.03
6400.0,2357.12,2147.20,2567.03
6500.0,2365.85,2145.40,2586.30
6600.0,2411.03,2198.91,2623.14
6700.0,2371.43,2147.13,2595.73
6800.0,2367.19,2142.10,2592.28
6900.0,2382.23,2168.60,2595.87
7000.0,2423.07,2215.54,2630.61
7100.0,2429.46,2225.88,2633.04
7200.0,2431.32,2229.32,2633.32
7300.0,2417.22,2214.46,2619.98
7400.0,2390.06,2187.29,2592.82
7500.0,2400.31,2200.09,2600.54
7600.0,2415.07,2214.90,2615.24
7700.0,2399.77,2199.24,2600.31
7800.0,2359.86,2123.71,2596.00
7900.0,2444.70,2250.65,2638.74
8000.0,2375.04,2165.85,2584.23
