episodes,mean,ci_down,ci_up
0.0,-2361.60,-2687.86,-2035.34
2.0,-2168.39,-2947.37,-1389.42
4.0,-2415.94,-2899.22,-1932.66
6.0,-1913.67,-2327.84,-1499.51
8.0,-2102.58,-2545.43,-1659.72
10.0,-2408.52,-2904.86,-1912.19
12.0,-2100.33,-2662.32,-1538.34
14.0,-1994.79,-2725.83,-1263.74
16.0,-1934.50,-2402.39,-1466.62
18.0,-2277.32,-2729.51,-1825.12
20.0,-1419.34,-1708.47,-1130.21
22.0,-2210.56,-2940.12,-1481.00
24.0,-1625.21,-2066.17,-1184.25
26.0,-2494.97,-3034.07,-1955.86
28.0,-2523.72,-2973.88,-2073.56
30.0,-1731.32,-2202.19,-1260.46
32.0,-2138.37,-2815.03,-1461.71
34.0,-1890.76,-2367.18,-1414.33
36.0,-2445.94,-3110.71,-1781.17
38.0,-1810.10,-2458.38,-1161.82
40.0,-2631.17,-3365.43,-1896.91
42.0,-2378.54,-3148.74,-1608.35
44.0,-2522.10,-3276.97,-1767.22
46.0,-1841.72,-2176.69,-1506.75
48.0,-2021.78,-2383.94,-1659.62
50.0,-1958.05,-2397.22,-1518.88
52.0,-2017.26,-2551.77,-1482.76
54.0,-2401.57,-2959.57,-1843.56
56.0,-2213.29,-2673.08,-1753.49
58.0,-2222.38,-2594.51,-1850.24
60.0,-1953.01,-2418.17,-1487.85
62.0,-2066.47,-2425.46,-1707.49
64.0,-2260.21,-2722.68,-1797.73
66.0,-2376.19,-2772.91,-1979.47
68.0,-2121.53,-2614.74,-1628.33
70.0,-2160.36,-2646.28,-1674.44
72.0,-1910.29,-2646.01,-1174.58
74.0,-2048.21,-2301.48,-1794.94
76.0,-2413.09,-2923.17,-1903.00
78.0,-2307.75,-2716.33,-1899.16
80.0,-1869.67,-2400.66,-1338.68
82.0,-2264.61,-2821.28,-1707.94
84.0,-2073.71,-2531.12,-1616.31
86.0,-1851.61,-2469.62,-1233.61
88.0,-1951.28,-2337.15,-1565.42
90.0,-2103.08,-2326.61,-1879.55
92.0,-2508.70,-3159.56,-1857.84
94.0,-2159.26,-2673.05,-1645.47
96.0,-2859.79,-3504.97,-2214.60
98.0,-1691.54,-2121.81,-1261.28
100.0,-2585.66,-3098.50,-2072.82
102.0,-2386.87,-2975.95,-1797.79
104.0,-1960.19,-2548.46,-1371.92
106.0,-1749.39,-2101.00,-1397.77
108.0,-2142.42,-2699.60,-1585.24
110.0,-1801.34,-2246.21,-1356.46
112.0,-1890.81,-2099.40,-1682.22
114.0,-1962.17,-2494.72,-1429.62
116.0,-2324.11,-2799.60,-1848.62
118.0,-1831.21,-2244.32,-1418.10
120.0,-2178.85,-2808.67,-1549.04
