episodes,mean,ci_down,ci_up
0.0,50.15,29.79,70.51
2.0,49.35,30.03,68.67
4.0,67.40,46.07,88.73
6.0,49.70,33.13,66.27
8.0,57.25,35.20,79.30
10.0,72.30,50.64,93.96
12.0,50.05,36.76,63.34
14.0,64.75,44.09,85.41
16.0,58.80,36.18,81.42
18.0,60.65,39.57,81.73
20.0,58.95,39.28,78.62
22.0,54.85,39.86,69.84
24.0,69.45,50.16,88.74
26.0,48.45,34.35,62.55
28.0,75.90,56.30,95.50
30.0,60.70,42.97,78.43
32.0,40.70,26.27,55.13
34.0,58.80,42.12,75.48
36.0,49.90,25.44,74.36
38.0,52.60,32.35,72.85
40.0,58.80,36.16,81.44
42.0,60.80,39.50,82.10
44.0,52.65,41.58,63.72
46.0,63.80,41.16,86.44
48.0,53.65,35.43,71.87
50.0,60.90,40.96,80.84
52.0,63.05,46.48,79.62
54.0,51.20,37.17,65.23
56.0,55.20,36.90,73.50
58.0,63.90,44.19,83.61
60.0,53.80,33.41,74.19
62.0,47.60,31.14,64.06
64.0,44.15,30.28,58.02
66.0,45.50,26.93,64.07
68.0,48.10,32.63,63.57
70.0,53.90,39.70,68.10
72.0,69.50,47.39,91.61
74.0,59.20,39.56,78.84
76.0,53.20,35.90,70.50
78.0,52.95,31.16,74.74
80.0,58.75,39.95,77.55
82.0,64.20,31.81,96.59
84.0,46.95,34.31,59.59
86.0,50.20,36.71,63.69
88.0,45.85,32.38,59.32
90.0,49.25,43.01,55.49
92.0,40.30,27.05,53.55
94.0,62.35,36.43,88.27
96.0,48.60,28.98,68.22
98.0,67.65,47.62,87.68
100.0,54.25,33.63,74.87
102.0,68.35,47.19,89.51
104.0,61.55,40.95,82.15
106.0,49.35,31.15,67.55
108.0,38.50,24.48,52.52
110.0,67.50,41.70,93.30
112.0,55.75,38.92,72.58
114.0,52.75,39.70,65.80
116.0,49.35,31.37,67.33
118.0,43.65,30.06,57.24
120.0,59.80,42.30,77.30
