trial,mean,ci_down,ci_up
0.0,0.16,-0.26,0.58
10.0,0.05,-0.12,0.21
20.0,0.16,-0.27,0.59
30.0,0.21,-0.13,0.55
40.0,0.11,-0.10,0.32
50.0,0.06,-0.09,0.21
60.0,0.04,-0.07,0.15
70.0,0.05,-0.09,0.18
80.0,0.22,-0.13,0.56
90.0,0.21,-0.25,0.67
100.0,0.30,-0.14,0.74
110.0,0.19,-0.13,0.51
120.0,0.03,-0.03,0.09
130.0,0.15,-0.14,0.44
140.0,0.14,-0.11,0.38
150.0,0.08,-0.11,0.27
160.0,0.23,-0.28,0.73
170.0,0.04,-0.04,0.11
180.0,0.14,-0.08,0.37
190.0,0.24,-0.52,1.01
200.0,0.09,-0.19,0.37
210.0,0.10,-0.08,0.28
220.0,0.09,-0.10,0.27
230.0,0.31,-0.21,0.84
240.0,0.34,-0.33,1.02
250.0,0.17,-0.25,0.59
260.0,0.09,-0.13,0.30
270.0,0.09,-0.09,0.27
280.0,0.15,-0.11,0.42
290.0,0.13,-0.06,0.32
300.0,0.14,-0.12,0.40
310.0,0.11,-0.12,0.35
320.0,0.21,-0.19,0.61
330.0,0.12,-0.12,0.35
340.0,0.11,-0.14,0.37
350.0,0.02,-0.01,0.06
360.0,0.22,-0.21,0.65
370.0,0.19,-0.10,0.49
380.0,0.18,-0.18,0.55
390.0,0.11,-0.15,0.36
400.0,0.20,-0.18,0.58
410.0,0.15,-0.28,0.57
420.0,0.14,-0.12,0.39
430.0,0.08,-0.14,0.31
440.0,0.14,-0.15,0.43
450.0,0.09,-0.22,0.41
460.0,0.20,-0.24,0.65
470.0,0.24,-0.23,0.71
480.0,0.26,-0.30,0.81
490.0,0.04,-0.04,0.12
500.0,0.08,-0.05,0.22
510.0,0.01,-0.01,0.03
520.0,0.13,-0.16,0.42
530.0,0.09,-0.08,0.26
540.0,0.14,-0.30,0.57
550.0,0.07,-0.09,0.24
560.0,0.30,0.03,0.56
570.0,0.04,-0.04,0.11
580.0,0.21,-0.20,0.62
590.0,0.06,-0.11,0.22
600.0,0.10,-0.14,0.35
610.0,0.20,-0.18,0.58
620.0,0.15,-0.31,0.60
630.0,0.21,-0.11,0.52
640.0,0.13,-0.09,0.35
650.0,0.23,-0.22,0.68
660.0,0.32,-0.21,0.84
670.0,0.14,-0.13,0.41
680.0,0.06,-0.02,0.14
690.0,0.12,-0.12,0.35
700.0,0.04,-0.08,0.16
710.0,0.15,-0.14,0.45
720.0,0.05,-0.10,0.19
730.0,0.29,-0.36,0.95
740.0,0.17,-0.17,0.50
750.0,0.15,-0.05,0.36
760.0,0.12,-0.22,0.46
770.0,0.04,-0.01,0.08
780.0,0.07,-0.07,0.22
790.0,0.14,-0.17,0.45
800.0,0.22,-0.15,0.59
810.0,0.23,-0.10,0.57
820.0,0.17,-0.17,0.51
830.0,0.31,-0.14,0.75
840.0,0.23,-0.08,0.54
850.0,0.17,-0.22,0.55
860.0,0.03,-0.04,0.10
870.0,0.19,-0.15,0.53
880.0,0.09,-0.03,0.21
890.0,0.21,-0.29,0.72
900.0,0.15,-0.27,0.56
910.0,0.18,-0.05,0.42
920.0,0.15,-0.35,0.64
930.0,0.30,-0.21,0.81
940.0,0.17,-0.17,0.51
950.0,0.16,-0.10,0.42
960.0,0.13,-0.12,0.38
970.0,0.02,-0.04,0.09
980.0,0.13,-0.10,0.36
990.0,0.19,-0.21,0.59
1000.0,0.14,-0.18,0.46
1010.0,0.06,-0.11,0.23
1020.0,0.07,-0.06,0.20
1030.0,0.10,-0.21,0.42
1040.0,0.10,-0.24,0.45
1050.0,0.16,-0.17,0.49
1060.0,0.06,-0.12,0.24
1070.0,0.05,-0.06,0.15
1080.0,0.14,-0.13,0.41
1090.0,0.23,-0.18,0.64
1100.0,0.12,-0.04,0.29
1110.0,0.23,-0.29,0.75
1120.0,0.27,-0.16,0.70
1130.0,0.12,-0.36,0.61
1140.0,0.00,-0.01,0.01
1150.0,0.14,-0.34,0.62
1160.0,0.14,-0.12,0.40
1170.0,0.09,-0.19,0.37
1180.0,0.11,-0.13,0.35
1190.0,0.19,-0.12,0.50
1200.0,0.12,-0.26,0.50
1210.0,0.12,-0.13,0.38
1220.0,0.21,-0.11,0.53
1230.0,0.12,-0.15,0.39
1240.0,0.07,-0.07,0.22
1250.0,0.26,0.02,0.50
1260.0,0.26,-0.30,0.83
1270.0,0.25,-0.28,0.79
1280.0,0.08,-0.07,0.24
1290.0,0.14,-0.15,0.42
1300.0,0.01,-0.01,0.02
1310.0,0.19,-0.10,0.48
1320.0,0.11,-0.13,0.36
1330.0,0.14,-0.22,0.51
1340.0,0.16,-0.09,0.41
1350.0,0.08,-0.06,0.23
1360.0,0.15,-0.23,0.54
1370.0,0.07,-0.12,0.25
1380.0,0.13,-0.02,0.28
1390.0,0.09,-0.01,0.19
1400.0,0.11,-0.19,0.41
1410.0,0.07,-0.06,0.19
1420.0,0.11,-0.24,0.46
1430.0,0.18,-0.19,0.54
1440.0,0.17,-0.13,0.48
1450.0,0.12,-0.07,0.31
1460.0,0.36,-0.34,1.06
1470.0,0.19,-0.23,0.60
1480.0,0.16,-0.12,0.45
1490.0,0.30,-0.26,0.87
1500.0,0.16,-0.15,0.47
1510.0,0.07,-0.07,0.21
1520.0,0.18,-0.18,0.53
1530.0,0.11,-0.14,0.36
1540.0,0.09,-0.23,0.40
1550.0,0.10,-0.08,0.28
1560.0,0.20,-0.17,0.58
1570.0,0.06,-0.09,0.21
1580.0,0.09,-0.14,0.32
1590.0,0.12,-0.10,0.35
1600.0,0.21,-0.13,0.55
1610.0,0.04,-0.04,0.12
1620.0,0.16,-0.18,0.50
1630.0,0.15,-0.13,0.44
1640.0,0.10,-0.22,0.42
1650.0,0.10,-0.07,0.28
1660.0,0.15,-0.16,0.46
1670.0,0.13,-0.13,0.40
1680.0,0.03,-0.06,0.12
1690.0,0.11,-0.11,0.34
1700.0,0.24,-0.09,0.56
1710.0,0.11,-0.11,0.33
1720.0,0.10,-0.04,0.24
1730.0,0.15,-0.38,0.68
1740.0,0.20,-0.22,0.62
1750.0,0.12,-0.17,0.40
1760.0,0.10,-0.14,0.33
1770.0,0.28,-0.23,0.78
1780.0,0.17,-0.26,0.60
1790.0,0.01,-0.02,0.05
1800.0,0.28,-0.17,0.73
1810.0,0.03,-0.02,0.08
1820.0,0.03,-0.07,0.14
1830.0,0.07,-0.16,0.30
1840.0,0.18,-0.20,0.56
1850.0,0.22,-0.01,0.45
1860.0,0.02,-0.01,0.04
1870.0,0.25,-0.17,0.68
1880.0,0.23,-0.24,0.70
1890.0,0.28,-0.07,0.64
1900.0,0.06,-0.05,0.17
1910.0,0.15,-0.11,0.41
1920.0,0.13,-0.11,0.36
1930.0,0.11,-0.17,0.40
1940.0,0.28,-0.36,0.92
1950.0,0.06,-0.03,0.14
1960.0,0.01,-0.01,0.02
1970.0,0.09,-0.07,0.24
1980.0,0.05,-0.12,0.21
1990.0,0.13,-0.19,0.44
2000.0,0.20,-0.19,0.60
2010.0,0.10,-0.07,0.28
2020.0,0.03,-0.02,0.08
2030.0,0.16,-0.01,0.33
2040.0,0.25,-0.11,0.60
2050.0,0.28,-0.23,0.79
2060.0,0.08,-0.09,0.25
2070.0,0.11,-0.21,0.43
2080.0,0.19,-0.42,0.80
2090.0,0.18,-0.31,0.67
2100.0,0.07,-0.07,0.21
2110.0,0.31,-0.16,0.78
2120.0,0.05,-0.09,0.20
2130.0,0.13,-0.15,0.41
2140.0,0.03,-0.02,0.08
2150.0,0.14,-0.37,0.64
2160.0,0.10,-0.04,0.23
2170.0,0.17,-0.14,0.49
2180.0,0.16,-0.16,0.48
2190.0,0.31,-0.15,0.77
2200.0,0.08,-0.11,0.27
2210.0,0.14,-0.38,0.66
2220.0,0.13,-0.17,0.44
2230.0,0.14,-0.08,0.36
2240.0,0.07,-0.11,0.26
2250.0,0.14,-0.23,0.51
2260.0,0.17,-0.02,0.36
2270.0,0.16,-0.17,0.48
2280.0,0.25,-0.09,0.59
2290.0,0.18,-0.24,0.59
2300.0,0.07,-0.04,0.18
2310.0,0.13,-0.09,0.35
2320.0,0.17,-0.36,0.69
2330.0,0.10,-0.25,0.45
2340.0,0.10,-0.14,0.35
2350.0,0.07,-0.07,0.20
2360.0,0.22,-0.18,0.61
2370.0,0.05,-0.05,0.14
2380.0,0.22,-0.24,0.68
2390.0,0.05,-0.05,0.15
2400.0,0.15,-0.08,0.39
2410.0,0.16,-0.15,0.46
2420.0,0.14,-0.35,0.63
2430.0,0.19,-0.22,0.59
2440.0,0.14,-0.00,0.29
2450.0,0.13,-0.13,0.40
2460.0,0.11,-0.12,0.35
2470.0,0.10,-0.13,0.33
2480.0,0.15,-0.21,0.51
2490.0,0.04,-0.02,0.09
2500.0,0.29,-0.26,0.84
2510.0,0.23,-0.34,0.80
2520.0,0.04,-0.07,0.15
2530.0,0.12,-0.13,0.37
2540.0,0.09,-0.10,0.28
2550.0,0.15,-0.17,0.46
2560.0,0.17,-0.10,0.44
2570.0,0.08,-0.10,0.26
2580.0,0.14,-0.29,0.57
2590.0,0.12,-0.02,0.26
2600.0,0.19,-0.18,0.57
2610.0,0.09,-0.11,0.28
2620.0,0.18,-0.26,0.61
2630.0,0.17,-0.12,0.47
2640.0,0.10,-0.22,0.42
2650.0,0.01,-0.03,0.05
2660.0,0.05,-0.10,0.21
2670.0,0.15,-0.11,0.41
2680.0,0.15,-0.15,0.45
2690.0,0.18,-0.35,0.71
2700.0,0.23,-0.11,0.57
2710.0,0.18,-0.20,0.56
2720.0,0.14,-0.11,0.38
2730.0,0.18,-0.29,0.64
2740.0,0.07,-0.19,0.33
2750.0,0.11,-0.08,0.29
2760.0,0.08,-0.05,0.21
2770.0,0.22,-0.27,0.72
2780.0,0.15,-0.18,0.47
2790.0,0.09,-0.10,0.28
2800.0,0.10,-0.14,0.35
2810.0,0.07,-0.09,0.23
2820.0,0.13,-0.17,0.43
2830.0,0.10,-0.10,0.31
2840.0,0.15,-0.12,0.43
2850.0,0.10,-0.08,0.27
2860.0,0.04,-0.03,0.11
2870.0,0.19,-0.21,0.60
2880.0,0.12,-0.18,0.43
2890.0,0.20,-0.13,0.52
2900.0,0.18,-0.10,0.46
2910.0,0.08,-0.15,0.30
2920.0,0.18,-0.25,0.60
2930.0,0.18,-0.09,0.45
2940.0,0.06,-0.13,0.24
2950.0,0.26,-0.15,0.67
2960.0,0.13,-0.11,0.37
2970.0,0.08,-0.20,0.36
2980.0,0.14,-0.24,0.52
2990.0,0.08,-0.13,0.29
3000.0,0.17,-0.13,0.47
3010.0,0.24,-0.20,0.68
3020.0,0.14,-0.21,0.50
3030.0,0.13,-0.13,0.39
3040.0,0.07,-0.12,0.25
3050.0,0.23,-0.11,0.56
3060.0,0.15,-0.05,0.36
3070.0,0.04,-0.07,0.15
3080.0,0.15,-0.32,0.62
3090.0,0.10,-0.13,0.32
3100.0,0.09,-0.08,0.27
3110.0,0.01,-0.01,0.03
3120.0,0.07,-0.13,0.27
3130.0,0.13,-0.15,0.41
3140.0,0.16,-0.38,0.69
3150.0,0.32,-0.30,0.93
3160.0,0.12,-0.10,0.34
3170.0,0.02,-0.06,0.10
3180.0,0.04,-0.04,0.12
3190.0,0.32,-0.21,0.85
3200.0,0.11,-0.09,0.32
3210.0,0.11,-0.03,0.25
3220.0,0.21,0.02,0.41
3230.0,0.05,-0.04,0.15
3240.0,0.10,-0.15,0.34
3250.0,0.28,-0.25,0.81
3260.0,0.22,-0.08,0.51
3270.0,0.21,-0.23,0.65
3280.0,0.27,-0.13,0.67
3290.0,0.11,-0.23,0.45
3300.0,0.14,-0.13,0.40
3310.0,0.13,-0.20,0.46
3320.0,0.10,-0.12,0.33
3330.0,0.09,-0.09,0.26
3340.0,0.21,-0.28,0.71
3350.0,0.10,-0.13,0.34
3360.0,0.11,-0.17,0.40
3370.0,0.09,-0.10,0.29
3380.0,0.08,-0.11,0.27
3390.0,0.15,-0.23,0.52
3400.0,0.24,-0.15,0.63
3410.0,0.03,-0.04,0.10
3420.0,0.13,-0.29,0.55
3430.0,0.07,-0.09,0.23
3440.0,0.14,-0.23,0.50
3450.0,0.07,-0.06,0.19
3460.0,0.06,-0.08,0.19
3470.0,0.07,-0.16,0.31
3480.0,0.13,-0.20,0.46
3490.0,0.23,-0.36,0.83
3500.0,0.14,-0.05,0.33
3510.0,0.11,-0.00,0.23
3520.0,0.14,-0.17,0.46
3530.0,0.16,-0.16,0.49
3540.0,0.23,-0.27,0.73
3550.0,0.03,-0.07,0.14
3560.0,0.07,-0.10,0.24
3570.0,0.09,-0.23,0.41
3580.0,0.16,-0.17,0.49
3590.0,0.23,-0.27,0.73
3600.0,0.07,-0.11,0.26
3610.0,0.08,-0.05,0.20
3620.0,0.12,-0.08,0.31
3630.0,0.18,-0.23,0.60
3640.0,0.15,-0.10,0.40
3650.0,0.15,-0.08,0.37
3660.0,0.19,-0.17,0.55
3670.0,0.16,-0.03,0.35
3680.0,0.00,-0.01,0.01
3690.0,0.03,-0.09,0.15
3700.0,0.05,-0.00,0.10
3710.0,0.04,-0.10,0.18
3720.0,0.13,-0.10,0.35
3730.0,0.11,-0.08,0.30
3740.0,0.17,-0.35,0.69
3750.0,0.19,-0.18,0.56
3760.0,0.13,-0.02,0.28
3770.0,0.05,-0.11,0.21
3780.0,0.05,-0.04,0.13
3790.0,0.32,-0.10,0.74
3800.0,0.06,-0.10,0.21
3810.0,0.22,-0.15,0.58
3820.0,0.26,-0.18,0.71
3830.0,0.07,-0.11,0.25
3840.0,0.25,-0.22,0.72
3850.0,0.04,-0.04,0.12
3860.0,0.02,-0.02,0.06
3870.0,0.11,-0.07,0.30
3880.0,0.04,-0.08,0.16
3890.0,0.14,-0.13,0.42
3900.0,0.23,0.01,0.46
3910.0,0.11,-0.16,0.39
3920.0,0.15,-0.15,0.45
3930.0,0.09,-0.13,0.31
3940.0,0.21,-0.27,0.70
3950.0,0.08,-0.06,0.22
3960.0,0.13,-0.26,0.51
3970.0,0.06,-0.04,0.15
3980.0,0.20,-0.23,0.63
3990.0,0.25,-0.29,0.80
4000.0,0.09,-0.17,0.35
4010.0,0.32,-0.31,0.95
4020.0,0.10,-0.13,0.32
4030.0,0.02,-0.05,0.09
4040.0,0.16,-0.29,0.61
4050.0,0.05,-0.04,0.14
4060.0,0.22,-0.20,0.65
4070.0,0.14,-0.06,0.33
4080.0,0.01,-0.02,0.05
4090.0,0.06,-0.11,0.22
4100.0,0.05,-0.05,0.16
4110.0,0.16,-0.15,0.47
4120.0,0.16,-0.20,0.52
4130.0,0.05,-0.09,0.20
4140.0,0.10,-0.12,0.32
4150.0,0.06,-0.03,0.14
4160.0,0.05,-0.03,0.13
4170.0,0.11,-0.09,0.31
4180.0,0.01,-0.02,0.05
4190.0,0.08,-0.12,0.27
4200.0,0.10,-0.14,0.33
4210.0,0.22,-0.20,0.65
4220.0,0.08,-0.17,0.34
4230.0,0.17,-0.11,0.45
4240.0,0.20,-0.08,0.49
4250.0,0.05,-0.07,0.16
4260.0,0.28,-0.16,0.73
4270.0,0.14,-0.10,0.38
4280.0,0.27,-0.25,0.78
4290.0,0.07,-0.07,0.22
4300.0,0.21,-0.13,0.55
4310.0,0.06,-0.15,0.26
4320.0,0.12,-0.28,0.53
4330.0,0.07,-0.07,0.21
4340.0,0.20,-0.31,0.70
4350.0,0.02,-0.03,0.06
4360.0,0.37,-0.32,1.06
4370.0,0.16,-0.14,0.46
4380.0,0.11,-0.15,0.37
4390.0,0.14,-0.17,0.45
4400.0,0.13,-0.01,0.26
4410.0,0.11,-0.16,0.38
4420.0,0.04,-0.07,0.14
4430.0,0.23,-0.17,0.62
4440.0,0.03,-0.06,0.13
4450.0,0.13,-0.21,0.47
4460.0,0.13,-0.25,0.51
4470.0,0.02,-0.03,0.06
4480.0,0.06,-0.03,0.16
4490.0,0.22,-0.23,0.68
4500.0,0.18,-0.09,0.44
