trial,mean,ci_down,ci_up
0.0,85.12,80.42,89.83
10.0,91.77,76.81,106.72
20.0,89.33,78.10,100.56
30.0,89.75,78.69,100.80
40.0,89.62,84.22,95.03
50.0,89.08,80.21,97.95
60.0,86.84,70.51,103.17
70.0,84.33,69.74,98.91
80.0,83.69,69.92,97.45
90.0,88.21,76.09,100.32
100.0,84.27,67.93,100.60
110.0,86.65,71.67,101.64
120.0,83.27,74.41,92.13
130.0,90.20,76.78,103.61
140.0,89.57,60.77,118.37
150.0,90.24,80.81,99.67
160.0,87.24,75.12,99.37
170.0,86.55,80.14,92.95
180.0,86.68,75.25,98.12
190.0,92.79,83.54,102.04
200.0,85.27,76.79,93.75
210.0,86.57,68.53,104.61
220.0,93.52,79.78,107.25
230.0,86.28,74.12,98.43
240.0,90.68,78.09,103.27
250.0,89.30,78.62,99.99
260.0,86.71,76.35,97.08
270.0,89.43,83.62,95.23
280.0,89.96,73.70,106.22
290.0,95.32,75.52,115.13
300.0,92.32,76.57,108.06
310.0,89.50,80.13,98.87
320.0,88.04,68.69,107.38
330.0,90.00,78.30,101.70
340.0,96.28,82.37,110.19
350.0,93.72,80.75,106.70
360.0,91.46,74.30,108.62
370.0,81.50,68.36,94.65
380.0,87.84,70.78,104.90
390.0,89.36,75.64,103.08
400.0,90.37,80.49,100.25
410.0,88.82,77.95,99.68
420.0,90.68,83.55,97.80
430.0,89.29,70.70,107.87
440.0,94.92,84.02,105.83
450.0,92.36,75.97,108.75
460.0,87.98,71.91,104.06
470.0,87.38,84.53,90.22
480.0,92.23,80.28,104.18
490.0,92.33,79.32,105.34
500.0,95.11,77.56,112.66
510.0,93.64,79.82,107.45
520.0,91.46,72.58,110.33
530.0,90.07,72.09,108.06
540.0,87.07,76.29,97.85
550.0,84.30,69.28,99.31
560.0,93.38,86.85,99.90
570.0,92.49,76.76,108.21
580.0,91.89,77.94,105.83
590.0,89.81,77.54,102.08
600.0,88.21,74.63,101.79
610.0,89.77,73.97,105.57
620.0,95.74,78.21,113.27
630.0,90.52,78.92,102.13
640.0,87.32,77.68,96.95
650.0,92.74,71.04,114.45
660.0,83.35,67.82,98.88
670.0,91.34,78.64,104.04
680.0,93.64,88.28,98.99
690.0,93.28,73.20,113.35
700.0,93.25,78.88,107.63
710.0,88.62,80.59,96.66
720.0,88.95,70.70,107.21
730.0,90.31,77.53,103.09
740.0,95.32,78.82,111.82
750.0,93.89,80.98,106.80
760.0,95.02,78.47,111.57
770.0,98.25,74.92,121.57
780.0,94.92,69.35,120.49
790.0,97.72,78.60,116.84
800.0,87.64,80.51,94.78
810.0,91.39,69.47,113.32
820.0,95.68,86.45,104.91
830.0,95.02,85.91,104.13
840.0,94.90,80.02,109.77
850.0,95.43,80.99,109.87
860.0,90.86,64.99,116.74
870.0,94.83,71.00,118.67
880.0,92.57,69.78,115.36
890.0,89.56,78.01,101.11
900.0,93.47,81.22,105.72
910.0,96.24,83.83,108.64
920.0,96.00,82.53,109.47
930.0,94.69,79.64,109.73
940.0,87.37,73.33,101.41
950.0,99.02,73.17,124.86
960.0,94.34,80.60,108.08
970.0,90.90,79.44,102.36
980.0,93.42,65.23,121.62
990.0,93.29,77.20,109.39
1000.0,92.77,79.20,106.34
1010.0,97.50,87.59,107.41
1020.0,94.52,72.54,116.50
1030.0,93.99,78.05,109.92
1040.0,93.14,85.48,100.79
1050.0,94.65,78.64,110.66
1060.0,96.26,84.06,108.46
1070.0,95.47,78.14,112.81
1080.0,97.72,88.74,106.71
1090.0,91.77,80.10,103.43
1100.0,92.25,66.56,117.95
1110.0,92.21,74.75,109.67
1120.0,91.17,78.23,104.11
1130.0,90.41,70.38,110.44
1140.0,98.11,92.19,104.03
1150.0,93.16,72.69,113.62
1160.0,91.28,73.17,109.40
1170.0,93.84,76.39,111.28
1180.0,92.53,83.03,102.04
1190.0,95.76,72.36,119.15
1200.0,97.00,75.96,118.03
1210.0,96.49,76.44,116.53
1220.0,95.71,78.20,113.21
1230.0,92.76,78.97,106.56
1240.0,97.94,82.75,113.14
1250.0,94.09,79.87,108.32
1260.0,93.85,70.03,117.67
1270.0,95.96,74.75,117.16
1280.0,92.65,82.32,102.99
1290.0,90.29,76.66,103.93
1300.0,101.47,87.57,115.37
1310.0,94.64,75.21,114.07
1320.0,93.35,71.19,115.50
1330.0,95.39,81.14,109.63
1340.0,93.70,78.16,109.24
1350.0,92.15,71.12,113.17
1360.0,90.33,69.60,111.05
1370.0,96.21,70.55,121.87
1380.0,94.34,68.34,120.34
1390.0,98.91,85.42,112.40
1400.0,96.97,76.64,117.29
1410.0,91.81,75.65,107.98
1420.0,95.64,78.96,112.32
1430.0,91.45,77.64,105.26
1440.0,97.64,80.50,114.78
1450.0,93.45,69.89,117.01
1460.0,91.03,75.78,106.29
1470.0,95.89,83.06,108.73
1480.0,96.12,74.10,118.13
1490.0,90.23,81.01,99.44
1500.0,93.99,75.96,112.01
1510.0,90.43,74.14,106.73
1520.0,91.03,69.76,112.30
1530.0,98.29,89.93,106.65
1540.0,101.14,81.12,121.17
1550.0,93.71,79.90,107.51
1560.0,98.36,76.52,120.20
1570.0,94.84,73.13,116.55
1580.0,94.02,84.45,103.58
1590.0,94.72,73.32,116.12
1600.0,92.13,76.02,108.25
1610.0,99.17,77.54,120.81
1620.0,94.53,69.49,119.57
1630.0,95.23,76.93,113.53
1640.0,97.36,85.38,109.33
1650.0,96.77,84.44,109.11
1660.0,98.86,85.70,112.01
1670.0,88.81,72.49,105.14
1680.0,99.59,75.97,123.21
1690.0,94.84,71.37,118.30
1700.0,92.75,77.88,107.63
1710.0,100.61,87.29,113.94
1720.0,103.46,83.10,123.83
1730.0,98.23,84.93,111.54
1740.0,95.67,81.12,110.22
1750.0,96.59,85.54,107.64
1760.0,100.12,74.75,125.48
1770.0,102.17,88.29,116.05
1780.0,98.21,81.21,115.20
1790.0,98.39,82.10,114.69
1800.0,101.49,85.38,117.59
1810.0,93.14,84.70,101.58
1820.0,94.87,75.08,114.66
1830.0,102.42,76.10,128.73
1840.0,97.78,70.60,124.96
1850.0,96.47,87.80,105.14
1860.0,95.14,77.49,112.78
1870.0,96.15,81.98,110.33
1880.0,98.56,72.11,125.02
1890.0,98.31,81.91,114.70
1900.0,100.40,86.46,114.33
1910.0,91.75,82.65,100.85
1920.0,105.06,86.90,123.23
1930.0,95.96,75.67,116.24
1940.0,93.97,76.50,111.44
1950.0,101.28,83.53,119.03
1960.0,92.60,80.61,104.59
1970.0,99.29,76.85,121.72
1980.0,94.01,76.95,111.07
1990.0,100.95,84.24,117.66
2000.0,98.64,74.94,122.34
2010.0,101.81,84.31,119.32
2020.0,98.44,79.94,116.93
2030.0,101.60,88.10,115.09
2040.0,102.20,77.83,126.57
2050.0,101.62,84.89,118.35
2060.0,94.03,73.80,114.26
2070.0,101.44,73.89,129.00
2080.0,107.56,78.14,136.97
2090.0,99.41,83.47,115.35
2100.0,93.25,74.07,112.43
2110.0,98.82,84.95,112.70
2120.0,97.61,84.62,110.60
2130.0,103.97,77.51,130.42
2140.0,97.85,72.13,123.57
2150.0,97.81,79.31,116.31
2160.0,97.90,69.61,126.19
2170.0,97.30,77.54,117.06
2180.0,98.83,89.52,108.13
2190.0,101.78,80.33,123.23
2200.0,98.88,81.21,116.56
2210.0,94.10,71.74,116.45
2220.0,104.98,71.03,138.93
2230.0,98.19,77.76,118.61
2240.0,101.40,81.57,121.23
2250.0,101.05,81.68,120.42
2260.0,94.44,84.85,104.03
2270.0,97.06,74.17,119.96
2280.0,101.97,86.39,117.55
2290.0,100.50,77.42,123.58
2300.0,96.60,75.36,117.84
2310.0,99.88,74.70,125.05
2320.0,103.04,81.09,124.99
2330.0,103.17,74.96,131.37
2340.0,92.50,75.13,109.88
2350.0,100.57,83.64,117.49
2360.0,99.94,78.70,121.17
2370.0,102.45,78.69,126.21
2380.0,95.32,79.94,110.71
2390.0,100.54,81.51,119.57
2400.0,101.70,74.13,129.26
2410.0,97.37,80.90,113.83
2420.0,92.20,83.60,100.79
2430.0,103.38,87.45,119.31
2440.0,96.12,77.85,114.40
2450.0,101.61,84.16,119.05
2460.0,96.94,74.70,119.19
2470.0,100.55,88.87,112.23
2480.0,100.72,76.28,125.15
2490.0,98.38,77.95,118.81
2500.0,98.18,73.24,123.12
2510.0,97.32,62.07,132.56
2520.0,104.01,64.01,144.00
2530.0,95.59,72.15,119.04
2540.0,94.80,81.90,107.70
2550.0,100.69,88.51,112.87
2560.0,106.47,84.33,128.61
2570.0,105.03,82.89,127.16
2580.0,99.77,68.29,131.25
2590.0,104.83,83.29,126.38
2600.0,98.44,79.88,117.00
2610.0,100.08,78.82,121.33
2620.0,104.60,88.96,120.24
2630.0,105.13,81.05,129.22
2640.0,99.27,83.48,115.06
2650.0,104.24,91.84,116.63
2660.0,98.05,69.48,126.61
2670.0,100.31,69.31,131.32
2680.0,108.32,87.51,129.12
2690.0,100.97,78.78,123.16
2700.0,98.73,80.64,116.82
2710.0,100.23,78.76,121.69
2720.0,94.62,79.83,109.41
2730.0,96.15,81.93,110.38
2740.0,107.51,94.50,120.52
2750.0,101.60,93.99,109.20
2760.0,102.44,79.57,125.32
2770.0,101.11,76.63,125.58
2780.0,102.71,75.83,129.59
2790.0,102.66,84.92,120.39
2800.0,102.93,77.91,127.96
2810.0,100.93,84.93,116.93
2820.0,103.34,90.38,116.30
2830.0,100.21,82.55,117.88
2840.0,99.08,82.90,115.26
2850.0,107.62,81.81,133.43
2860.0,110.39,70.96,149.82
2870.0,107.56,87.48,127.63
2880.0,109.67,90.61,128.73
2890.0,101.19,78.89,123.49
2900.0,106.25,78.19,134.32
2910.0,101.93,81.38,122.48
2920.0,101.98,87.56,116.39
2930.0,97.75,76.88,118.61
2940.0,102.33,88.89,115.77
2950.0,105.16,86.76,123.55
2960.0,109.99,92.97,127.01
2970.0,109.55,96.13,122.97
2980.0,103.61,82.69,124.52
2990.0,100.05,74.66,125.45
3000.0,101.45,82.69,120.21
3010.0,102.17,83.35,120.99
3020.0,105.24,81.91,128.57
3030.0,103.59,84.76,122.42
3040.0,100.78,79.53,122.03
3050.0,105.90,89.16,122.64
3060.0,107.01,86.79,127.22
3070.0,100.19,85.94,114.44
3080.0,106.30,78.52,134.08
3090.0,100.11,64.65,135.57
3100.0,100.62,76.57,124.67
3110.0,102.68,76.75,128.61
3120.0,106.58,76.16,137.01
3130.0,101.70,75.19,128.20
3140.0,103.32,83.16,123.48
3150.0,106.88,87.86,125.90
3160.0,107.57,81.07,134.07
3170.0,104.38,82.32,126.43
3180.0,104.63,76.49,132.76
3190.0,98.37,73.60,123.14
3200.0,98.84,72.54,125.15
3210.0,106.92,93.85,119.98
3220.0,96.06,74.74,117.37
3230.0,105.35,71.12,139.58
3240.0,99.82,79.07,120.57
3250.0,100.86,79.29,122.44
3260.0,107.74,92.94,122.54
3270.0,106.74,86.98,126.49
3280.0,100.99,79.11,122.86
3290.0,101.82,78.44,125.20
3300.0,96.37,79.05,113.69
3310.0,111.29,81.09,141.48
3320.0,99.12,76.15,122.09
3330.0,104.33,87.18,121.47
3340.0,105.05,74.81,135.28
3350.0,105.39,80.76,130.01
3360.0,102.94,74.19,131.69
3370.0,109.68,93.25,126.11
3380.0,113.27,93.08,133.45
3390.0,109.33,75.70,142.96
3400.0,103.28,93.75,112.81
3410.0,107.59,75.81,139.37
3420.0,104.71,80.82,128.59
3430.0,107.77,90.07,125.48
3440.0,100.64,82.81,118.47
3450.0,104.67,80.53,128.80
3460.0,106.82,83.21,130.44
3470.0,108.84,81.79,135.88
3480.0,107.02,84.86,129.19
3490.0,98.15,80.27,116.04
3500.0,106.18,92.47,119.89
3510.0,106.60,79.65,133.54
3520.0,108.13,81.15,135.12
3530.0,108.31,81.31,135.32
3540.0,102.49,86.79,118.19
3550.0,102.73,81.99,123.48
3560.0,112.73,82.45,143.00
3570.0,111.38,88.63,134.12
3580.0,114.78,88.30,141.26
3590.0,114.19,81.55,146.83
3600.0,99.41,62.70,136.12
3610.0,105.97,81.68,130.27
3620.0,109.15,75.49,142.82
3630.0,99.08,77.19,120.97
3640.0,100.05,81.98,118.12
3650.0,110.16,82.19,138.13
3660.0,103.37,85.32,121.41
3670.0,104.75,93.61,115.89
3680.0,105.39,85.79,124.99
3690.0,107.01,80.89,133.13
3700.0,98.69,82.26,115.12
3710.0,97.93,81.09,114.77
3720.0,110.12,89.28,130.95
3730.0,99.82,82.47,117.17
3740.0,113.92,81.30,146.55
3750.0,103.46,83.14,123.79
3760.0,107.00,89.59,124.41
3770.0,107.39,86.65,128.14
3780.0,106.45,91.03,121.87
3790.0,109.74,75.66,143.81
3800.0,107.86,82.15,133.57
3810.0,106.84,92.78,120.91
3820.0,104.00,88.60,119.40
3830.0,106.48,90.06,122.91
3840.0,100.28,77.53,123.04
3850.0,105.82,87.68,123.96
3860.0,115.77,100.89,130.64
3870.0,109.23,89.30,129.16
3880.0,104.07,65.83,142.30
3890.0,101.33,76.61,126.04
3900.0,102.63,84.62,120.65
3910.0,108.50,85.78,131.23
3920.0,108.21,89.64,126.78
3930.0,111.31,90.64,131.99
3940.0,102.55,84.77,120.32
3950.0,105.14,85.65,124.63
3960.0,108.37,78.27,138.47
3970.0,106.08,98.59,113.56
3980.0,105.05,90.38,119.73
3990.0,104.65,86.65,122.65
4000.0,100.87,79.70,122.04
4010.0,102.03,78.79,125.27
4020.0,109.83,70.26,149.39
4030.0,102.78,81.33,124.23
4040.0,102.43,75.26,129.60
4050.0,107.27,86.64,127.90
4060.0,102.59,84.04,121.15
4070.0,105.02,90.81,119.22
4080.0,101.12,77.40,124.84
4090.0,111.43,81.35,141.51
4100.0,103.69,84.07,123.32
4110.0,106.85,79.67,134.02
4120.0,100.47,86.98,113.95
4130.0,102.48,89.15,115.82
4140.0,108.85,82.51,135.18
4150.0,104.03,83.58,124.48
4160.0,108.91,85.41,132.41
4170.0,106.69,96.87,116.50
4180.0,113.90,99.87,127.92
4190.0,102.57,90.69,114.44
4200.0,110.54,94.11,126.97
4210.0,106.12,91.90,120.35
4220.0,109.58,95.38,123.78
4230.0,105.13,79.25,131.01
4240.0,101.17,85.48,116.86
4250.0,103.78,91.74,115.82
4260.0,111.15,95.35,126.94
4270.0,110.21,95.57,124.84
4280.0,108.39,92.75,124.04
4290.0,103.56,90.16,116.95
4300.0,110.43,98.50,122.36
4310.0,111.25,84.73,137.77
4320.0,108.75,88.65,128.85
4330.0,110.04,90.08,130.00
4340.0,104.99,88.94,121.04
4350.0,108.58,94.39,122.77
4360.0,109.64,95.51,123.77
4370.0,107.65,87.98,127.33
4380.0,111.45,94.98,127.93
4390.0,106.98,88.53,125.43
4400.0,105.92,85.01,126.83
4410.0,100.97,86.99,114.95
4420.0,104.51,83.77,125.25
4430.0,109.59,78.70,140.47
4440.0,115.26,86.51,144.01
4450.0,114.41,99.30,129.52
4460.0,111.41,83.33,139.48
4470.0,106.66,83.95,129.38
4480.0,107.26,88.74,125.78
4490.0,107.68,82.12,133.24
4500.0,108.84,77.34,140.34
