episodes,mean,ci_down,ci_up
0.0,133.24,115.15,151.33
5.0,154.12,131.91,176.33
10.0,194.60,163.23,225.97
15.0,280.57,239.58,321.56
20.0,374.83,324.18,425.48
25.0,501.88,439.15,564.61
30.0,666.73,598.17,735.29
35.0,819.56,745.27,893.85
40.0,968.93,887.13,1050.73
45.0,1141.86,1056.83,1226.89
50.0,1299.38,1208.93,1389.83
55.0,1475.96,1383.57,1568.35
60.0,1656.53,1561.46,1751.60
65.0,1850.70,1753.56,1947.84
70.0,2027.56,1930.73,2124.39
75.0,2213.97,2117.81,2310.13
80.0,2402.29,2303.55,2501.03
85.0,2592.80,2492.70,2692.90
90.0,2785.14,2683.53,2886.75
95.0,2973.59,2869.77,3077.41
100.0,3166.05,3062.06,3270.04
105.0,3356.54,3250.35,3462.73
110.0,3550.78,3445.06,3656.50
115.0,3744.99,3638.79,3851.19
120.0,3937.43,3830.54,4044.32
125.0,4135.47,4028.06,4242.88
130.0,4329.98,4221.64,4438.32
135.0,4520.59,4411.33,4629.85
140.0,4713.40,4603.43,4823.37
145.0,4907.62,4796.51,5018.73
150.0,5103.79,4991.88,5215.70
155.0,5303.86,5192.00,5415.72
160.0,5501.97,5390.36,5613.58
165.0,5702.01,5590.59,5813.43
170.0,5902.13,5790.67,6013.59
175.0,6100.33,5988.91,6211.75
180.0,6300.49,6189.15,6411.83
185.0,6498.63,6386.51,6610.75
190.0,6698.73,6586.28,6811.18
195.0,6899.00,6786.27,7011.73
200.0,7097.27,6985.31,7209.23
205.0,7293.54,7181.14,7405.94
210.0,7491.82,7379.71,7603.93
215.0,7691.92,7579.90,7803.94
220.0,7893.92,7781.90,8005.94
225.0,8094.05,7981.74,8206.36
230.0,8292.34,8179.09,8405.59
235.0,8490.53,8376.57,8604.49
240.0,8688.75,8574.22,8803.28
245.0,8888.81,8774.36,9003.26
250.0,9086.98,8972.84,9201.12
255.0,9285.20,9171.64,9398.76
260.0,9481.49,9368.60,9594.38
265.0,9670.19,9555.91,9784.47
270.0,9858.89,9742.12,9975.66
275.0,10049.39,9929.98,10168.80
280.0,10243.90,10123.00,10364.80
285.0,10434.46,10312.77,10556.15
290.0,10630.75,10508.74,10752.76
295.0,10825.16,10703.11,10947.21
300.0,11004.34,10882.28,11126.40
305.0,11189.19,11066.82,11311.56
310.0,11364.70,11239.98,11489.42
315.0,11545.76,11420.08,11671.44
320.0,11728.66,11601.97,11855.35
325.0,11915.47,11787.82,12043.12
330.0,12102.36,11974.82,12229.90
335.0,12275.86,12146.51,12405.21
340.0,12449.29,12317.64,12580.94
345.0,12615.07,12480.38,12749.76
350.0,12786.60,12649.40,12923.80
355.0,12954.40,12812.56,13096.24
360.0,13122.23,12975.97,13268.49
365.0,13293.76,13144.39,13443.13
370.0,13467.65,13314.21,13621.09
375.0,13639.18,13482.87,13795.49
380.0,13812.56,13654.53,13970.59
385.0,13978.55,13817.59,14139.51
390.0,14146.44,13981.78,14311.10
395.0,14316.18,14147.33,14485.03
400.0,14487.80,14315.48,14660.12
405.0,14661.31,14485.54,14837.08
410.0,14830.83,14650.16,15011.50
415.0,14998.45,14813.01,15183.89
420.0,15179.46,14990.20,15368.72
425.0,15351.12,15157.44,15544.80
430.0,15528.75,15333.48,15724.02
435.0,15711.84,15513.68,15910.00
440.0,15893.07,15693.35,16092.79
445.0,16077.82,15877.13,16278.51
450.0,16256.98,16055.11,16458.85
455.0,16430.39,16227.56,16633.22
460.0,16613.34,16407.83,16818.85
465.0,16794.53,16585.42,17003.64
470.0,16973.59,16760.75,17186.43
475.0,17152.65,16937.15,17368.15
480.0,17326.45,17107.71,17545.19
485.0,17509.67,17288.15,17731.19
490.0,17685.48,17461.59,17909.37
495.0,17857.18,17631.02,18083.34
500.0,18040.17,17812.66,18267.68
505.0,18217.58,17988.56,18446.60
510.0,18387.13,18156.94,18617.32
515.0,18566.36,18334.65,18798.07
520.0,18736.42,18504.08,18968.76
525.0,18908.10,18673.70,19142.50
530.0,19087.41,18850.72,19324.10
535.0,19272.30,19033.98,19510.62
540.0,19444.04,19203.45,19684.63
545.0,19617.71,19376.96,19858.46
550.0,19787.59,19544.79,20030.39
555.0,19963.14,19717.92,20208.36
560.0,20138.76,19889.84,20387.68
565.0,20314.28,20061.72,20566.84
570.0,20487.64,20232.40,20742.88
575.0,20664.93,20407.82,20922.04
580.0,20845.95,20587.30,21104.60
585.0,21029.47,20768.77,21290.17
590.0,21210.74,20947.25,21474.23
595.0,21382.41,21114.27,21650.55
600.0,21563.60,21291.02,21836.18
605.0,21741.02,21464.18,22017.86
610.0,21926.12,21647.80,22204.44
615.0,22107.64,21827.71,22387.57
620.0,22283.15,22000.19,22566.11
625.0,22464.15,22179.36,22748.94
630.0,22647.24,22360.38,22934.10
635.0,22832.06,22543.41,23120.71
640.0,23016.93,22726.61,23307.25
645.0,23207.58,22915.31,23499.85
650.0,23401.98,23109.10,23694.86
655.0,23594.54,23300.86,23888.22
660.0,23781.57,23486.08,24077.06
665.0,23970.48,23674.23,24266.73
670.0,24161.24,23864.54,24457.94
675.0,24352.08,24054.46,24649.70
680.0,24543.28,24244.28,24842.28
685.0,24728.56,24428.02,25029.10
690.0,24913.82,24612.00,25215.64
695.0,25106.28,24803.42,25409.14
700.0,25300.58,24996.63,25604.53
705.0,25496.78,25191.72,25801.84
710.0,25693.01,25388.04,25997.98
715.0,25889.23,25584.85,26193.61
720.0,26087.53,25783.49,26391.57
725.0,26283.89,25979.45,26588.33
730.0,26478.17,26172.56,26783.78
735.0,26674.35,26368.07,26980.63
740.0,26870.60,26563.56,27177.64
745.0,27068.77,26760.91,27376.63
750.0,27265.08,26956.24,27573.92
755.0,27457.96,27148.84,27767.08
760.0,27650.77,27340.17,27961.37
765.0,27843.53,27531.28,28155.78
770.0,28041.80,27728.66,28354.94
775.0,28238.09,27924.39,28551.79
780.0,28440.09,28126.39,28753.79
785.0,28638.25,28324.40,28952.10
790.0,28838.42,28524.60,29152.24
795.0,29034.72,28721.48,29347.96
800.0,29232.84,28920.35,29545.33
805.0,29431.00,29119.15,29742.85
810.0,29631.14,29319.72,29942.56
815.0,29827.45,29516.61,30138.29
820.0,30027.55,29716.41,30338.69
825.0,30227.65,29916.16,30539.14
830.0,30425.95,30113.79,30738.11
835.0,30624.25,30311.34,30937.16
840.0,30824.49,30511.23,31137.75
845.0,31023.71,30710.16,31337.26
850.0,31222.10,30908.53,31535.67
855.0,31422.29,31109.10,31735.48
860.0,31622.46,31309.35,31935.57
865.0,31822.57,31509.50,32135.64
870.0,32024.57,31711.50,32337.64
875.0,32222.89,31910.37,32535.41
880.0,32419.40,32107.47,32731.33
885.0,32621.40,32309.47,32933.33
890.0,32823.40,32511.47,33135.33
895.0,33025.40,32713.47,33337.33
900.0,33227.40,32915.47,33539.33
905.0,33429.40,33117.47,33741.33
910.0,33631.40,33319.47,33943.33
915.0,33831.54,33519.77,34143.31
920.0,34031.70,33720.05,34343.35
925.0,34231.84,33920.27,34543.41
930.0,34433.84,34122.27,34745.41
935.0,34633.95,34322.23,34945.67
940.0,34835.95,34524.23,35147.67
945.0,35034.36,34721.88,35346.84
950.0,35232.65,34919.30,35546.00
955.0,35430.92,35117.16,35744.68
960.0,35627.37,35312.66,35942.08
965.0,35827.48,35512.40,36142.56
970.0,36027.59,35712.10,36343.08
975.0,36227.70,35911.75,36543.65
980.0,36426.11,36109.95,36742.27
985.0,36622.70,36305.15,36940.25
990.0,36819.13,36500.40,37137.86
995.0,37019.27,36700.90,37337.64
1000.0,37219.51,36900.00,37539.02
1005.0,37417.74,37097.84,37737.64
1010.0,37617.85,37297.28,37938.42
1015.0,37817.96,37496.69,38139.23
1020.0,38018.07,37696.06,38340.08
1025.0,38216.40,37893.78,38539.02
1030.0,38416.69,38092.95,38740.43
1035.0,38616.79,38292.58,38941.00
1040.0,38816.89,38492.17,39141.61
1045.0,39018.89,38694.17,39343.61
1050.0,39220.89,38896.17,39545.61
1055.0,39419.23,39095.28,39743.18
1060.0,39615.73,39292.67,39938.79
1065.0,39815.95,39493.02,40138.88
1070.0,40014.23,39691.56,40336.90
1075.0,40214.33,39891.76,40536.90
1080.0,40414.69,40092.14,40737.24
1085.0,40616.69,40294.14,40939.24
1090.0,40816.79,40494.44,41139.14
1095.0,41018.79,40696.44,41341.14
1100.0,41220.79,40898.44,41543.14
1105.0,41421.21,41098.85,41743.57
1110.0,41618.04,41295.81,41940.27
1115.0,41814.72,41492.53,42136.91
1120.0,42014.94,41692.94,42336.94
1125.0,42215.00,41892.83,42537.17
1130.0,42415.16,42093.14,42737.18
1135.0,42615.49,42292.90,42938.08
1140.0,42815.60,42492.34,43138.86
1145.0,43013.86,42689.59,43338.13
1150.0,43212.24,42888.30,43536.18
1155.0,43414.24,43090.30,43738.18
1160.0,43614.50,43290.71,43938.29
1165.0,43816.50,43492.71,44140.29
1170.0,44018.50,43694.71,44342.29
1175.0,44220.50,43896.71,44544.29
1180.0,44422.50,44098.71,44746.29
1185.0,44624.50,44300.71,44948.29
1190.0,44826.50,44502.71,45150.29
1195.0,45026.60,44703.10,45350.10
1200.0,45226.74,44903.47,45550.01
1205.0,45426.86,45103.05,45750.67
1210.0,45628.86,45305.05,45952.67
1215.0,45830.86,45507.05,46154.67
1220.0,46032.86,45709.05,46356.67
1225.0,46233.04,45909.11,46556.97
1230.0,46433.22,46109.14,46757.30
1235.0,46633.40,46309.12,46957.68
1240.0,46831.68,46507.36,47156.00
1245.0,47028.08,46703.80,47352.36
1250.0,47230.08,46905.80,47554.36
1255.0,47432.08,47107.80,47756.36
1260.0,47634.08,47309.80,47958.36
1265.0,47836.08,47511.80,48160.36
1270.0,48038.08,47713.80,48362.36
1275.0,48240.08,47915.80,48564.36
1280.0,48442.08,48117.80,48766.36
1285.0,48644.08,48319.80,48968.36
1290.0,48846.08,48521.80,49170.36
1295.0,49048.08,48723.80,49372.36
1300.0,49250.08,48925.80,49574.36
1305.0,49452.08,49127.80,49776.36
1310.0,49654.08,49329.80,49978.36
1315.0,49856.08,49531.80,50180.36
1320.0,50054.44,49729.19,50379.69
1325.0,50254.60,49929.60,50579.60
1330.0,50450.87,50126.31,50775.43
1335.0,50649.13,50325.06,50973.20
1340.0,50851.13,50527.06,51175.20
1345.0,51053.13,50729.06,51377.20
1350.0,51255.13,50931.06,51579.20
1355.0,51457.13,51133.06,51781.20
1360.0,51655.29,51330.60,51979.98
1365.0,51855.55,51530.57,52180.53
1370.0,52055.63,51730.91,52380.35
1375.0,52253.81,51929.82,52577.80
1380.0,52453.95,52130.42,52777.48
1385.0,52655.95,52332.42,52979.48
1390.0,52857.95,52534.42,53181.48
1395.0,53059.95,52736.42,53383.48
1400.0,53261.95,52938.42,53585.48
1405.0,53463.95,53140.42,53787.48
1410.0,53664.03,53340.54,53987.52
1415.0,53862.31,53539.61,54185.01
1420.0,54062.51,53740.01,54385.01
1425.0,54264.51,53942.01,54587.01
1430.0,54466.51,54144.01,54789.01
1435.0,54666.73,54344.27,54989.19
1440.0,54868.73,54546.27,55191.19
1445.0,55068.93,54746.64,55391.22
1450.0,55269.20,54947.04,55591.36
1455.0,55467.66,55145.75,55789.57
1460.0,55666.13,55344.39,55987.87
1465.0,55866.41,55544.69,56188.13
1470.0,56066.67,55744.94,56388.40
1475.0,56266.75,55944.65,56588.85
1480.0,56468.75,56146.65,56790.85
1485.0,56670.75,56348.65,56992.85
1490.0,56872.75,56550.65,57194.85
1495.0,57074.75,56752.65,57396.85
1500.0,57271.21,56948.93,57593.49
1505.0,57465.85,57142.95,57788.75
1510.0,57666.03,57343.22,57988.84
1515.0,57866.11,57543.35,58188.87
1520.0,58066.19,57743.43,58388.95
1525.0,58266.37,57943.56,58589.18
1530.0,58468.37,58145.56,58791.18
1535.0,58670.37,58347.56,58993.18
1540.0,58872.37,58549.56,59195.18
1545.0,59074.37,58751.56,59397.18
1550.0,59274.55,58951.46,59597.64
1555.0,59472.93,59149.05,59796.81
1560.0,59673.13,59348.80,59997.46
1565.0,59871.47,59546.91,60196.03
1570.0,60069.79,59744.80,60394.78
1575.0,60266.33,59940.13,60592.53
1580.0,60464.69,60138.13,60791.25
1585.0,60661.25,60334.29,60988.21
1590.0,60859.51,60531.90,61187.12
1595.0,61057.89,60729.78,61386.00
1600.0,61258.07,60929.49,61586.65
1605.0,61458.25,61129.16,61787.34
1610.0,61660.25,61331.16,61989.34
1615.0,61860.43,61530.64,62190.22
1620.0,62056.97,61726.63,62387.31
1625.0,62255.33,61925.11,62585.55
1630.0,62453.69,62123.51,62783.87
1635.0,62650.23,62319.47,62980.99
1640.0,62848.59,62516.99,63180.19
1645.0,63048.77,62716.56,63380.98
1650.0,63248.95,62916.09,63581.81
1655.0,63449.13,63115.58,63782.68
1660.0,63651.13,63317.58,63984.68
1665.0,63853.13,63519.58,64186.68
1670.0,64055.13,63721.58,64388.68
1675.0,64255.33,63921.72,64588.94
1680.0,64457.33,64123.72,64790.94
1685.0,64651.95,64316.51,64987.39
1690.0,64846.57,64509.06,65184.08
1695.0,65044.95,64707.14,65382.76
1700.0,65245.13,64906.50,65583.76
1705.0,65447.13,65108.50,65785.76
1710.0,65649.13,65310.50,65987.76
1715.0,65849.33,65510.32,66188.34
1720.0,66045.87,65706.21,66385.53
1725.0,66244.23,65903.71,66584.75
1730.0,66442.59,66101.14,66784.04
1735.0,66639.17,66296.88,66981.46
1740.0,66835.75,66492.52,67178.98
1745.0,67034.15,66690.98,67377.32
1750.0,67236.15,66892.98,67579.32
1755.0,67436.33,67093.27,67779.39
1760.0,67634.73,67292.42,67977.04
1765.0,67833.11,67490.52,68175.70
1770.0,68027.96,67684.02,68371.90
1775.0,68220.93,67875.61,68566.25
1780.0,68412.06,68065.37,68758.75
1785.0,68605.03,68256.32,68953.74
1790.0,68803.38,68453.41,69153.35
1795.0,68999.95,68648.73,69351.17
1800.0,69194.69,68842.58,69546.80
1805.0,69383.95,69029.19,69738.71
1810.0,69575.03,69217.66,69932.40
1815.0,69764.29,69404.25,70124.33
1820.0,69951.73,69588.34,70315.12
1825.0,70139.19,69771.21,70507.17
1830.0,70324.83,69951.34,70698.32
1835.0,70512.29,70133.38,70891.20
1840.0,70701.57,70317.18,71085.96
1845.0,70896.29,70509.12,71283.46
1850.0,71092.83,70703.29,71482.37
1855.0,71285.73,70893.37,71678.09
1860.0,71478.63,71083.32,71873.94
1865.0,71671.53,71273.75,72069.31
1870.0,71862.61,71461.59,72263.63
1875.0,72050.05,71644.89,72455.21
1880.0,72239.31,71830.64,72647.98
1885.0,72419.47,72005.48,72833.46
1890.0,72597.81,72178.59,73017.03
1895.0,72781.61,72357.57,73205.65
1900.0,72965.43,72537.11,73393.75
1905.0,73149.25,72717.12,73581.38
1910.0,73334.89,72899.89,73769.89
1915.0,73524.15,73086.32,73961.98
1920.0,73711.61,73270.15,74153.07
1925.0,73897.27,73451.72,74342.82
1930.0,74081.11,73630.49,74531.73
1935.0,74261.33,73805.58,74717.08
1940.0,74441.53,73980.47,74902.59
1945.0,74619.91,74152.79,75087.03
1950.0,74796.47,74323.28,75269.66
1955.0,74973.03,74493.55,75452.51
1960.0,75151.39,74664.42,75638.36
1965.0,75329.73,74834.55,75824.91
1970.0,75508.07,75004.53,76011.61
1975.0,75679.17,75166.33,76192.01
1980.0,75857.51,75336.93,76378.09
1985.0,76032.25,75503.25,76561.25
1990.0,76208.81,75671.86,76745.76
1995.0,76385.37,75840.71,76930.03
2000.0,76556.51,76003.67,77109.35
2005.0,76724.01,76163.10,77284.92
2010.0,76887.85,76318.64,77457.06
2015.0,77053.51,76475.86,77631.16
2020.0,77226.41,76639.97,77812.85
2025.0,77392.07,76796.78,77987.36
2030.0,77557.73,76954.05,78161.41
2035.0,77719.71,77107.11,78332.31
2040.0,77879.87,77257.33,78502.41
2045.0,78034.61,77402.23,78666.99
2050.0,78196.57,77553.31,78839.83
2055.0,78358.53,77704.21,79012.85
2060.0,78518.67,77854.16,79183.18
2065.0,78676.99,78002.31,79351.67
2070.0,78833.49,78148.79,79518.19
2075.0,78988.17,78293.37,79682.97
2080.0,79144.67,78439.80,79849.54
2085.0,79299.37,78584.57,80014.17
2090.0,79455.87,78730.82,80180.92
2095.0,79606.91,78870.68,80343.14
2100.0,79757.99,79010.68,80505.30
2105.0,79909.07,79150.23,80667.91
2110.0,80060.17,79289.67,80830.67
2115.0,80213.07,79431.68,80994.46
2120.0,80362.37,79569.93,81154.81
2125.0,80509.81,79706.51,81313.11
2130.0,80659.05,79844.89,81473.21
2135.0,80804.65,79978.61,81630.69
2140.0,80948.43,80110.70,81786.16
2145.0,81092.19,80242.19,81942.19
2150.0,81235.95,80373.53,82098.37
2155.0,81374.29,80500.31,82248.27
2160.0,81507.21,80621.67,82392.75
2165.0,81643.77,80746.91,82540.63
2170.0,81783.93,80875.08,82692.78
2175.0,81920.45,80999.57,82841.33
2180.0,82056.97,81124.14,82989.80
2185.0,82193.49,81248.59,83138.39
2190.0,82328.21,81371.18,83285.24
2195.0,82461.11,81491.73,83430.49
2200.0,82597.63,81615.39,83579.87
2205.0,82728.73,81734.23,83723.23
2210.0,82859.81,81852.90,83866.72
2215.0,82987.29,81968.42,84006.16
2220.0,83118.37,82086.84,84149.90
2225.0,83251.27,82206.80,84295.74
2230.0,83380.55,82323.48,84437.62
2235.0,83504.41,82434.84,84573.98
2240.0,83631.91,82549.51,84714.31
2245.0,83755.79,82660.56,84851.02
2250.0,83874.23,82766.10,84982.36
2255.0,83990.83,82870.20,85111.46
2260.0,84109.23,82975.92,85242.54
2265.0,84234.89,83088.43,85381.35
2270.0,84356.93,83197.65,85516.21
2275.0,84478.97,83306.55,85651.39
2280.0,84602.83,83416.92,85788.74
2285.0,84723.05,83523.89,85922.21
2290.0,84841.45,83629.30,86053.60
2295.0,84954.41,83729.81,86179.01
2300.0,85069.17,83831.81,86306.53
2305.0,85183.95,83933.82,86434.08
2310.0,85289.67,84027.69,86551.65
2315.0,85397.21,84123.31,86671.11
2320.0,85504.73,84218.48,86790.98
2325.0,85612.25,84313.72,86910.78
2330.0,85714.31,84404.21,87024.41
2335.0,85821.81,84499.50,87144.12
2340.0,85936.57,84601.00,87272.14
2345.0,86044.09,84696.26,87391.92
2350.0,86147.99,84788.57,87507.41
2355.0,86255.55,84883.73,87627.37
2360.0,86361.31,84977.18,87745.44
2365.0,86461.63,85065.24,87858.02
2370.0,86561.99,85153.87,87970.11
2375.0,86662.31,85242.11,88082.51
2380.0,86764.43,85331.94,88196.92
2385.0,86861.07,85417.09,88305.05
2390.0,86959.51,85503.69,88415.33
2395.0,87057.97,85590.10,88525.84
2400.0,87154.61,85674.75,88634.47
2405.0,87245.83,85754.47,88737.19
2410.0,87329.81,85827.76,88831.86
2415.0,87415.57,85902.55,88928.59
2420.0,87503.11,85978.92,89027.30
2425.0,87592.47,86056.69,89128.25
2430.0,87681.81,86134.21,89229.41
2435.0,87771.17,86211.91,89330.43
2440.0,87860.55,86289.32,89431.78
2445.0,87942.71,86360.64,89524.78
2450.0,88026.69,86433.62,89619.76
2455.0,88105.25,86502.49,89708.01
2460.0,88183.83,86571.15,89796.51
2465.0,88260.59,86637.86,89883.32
2470.0,88340.95,86707.87,89974.03
2475.0,88423.11,86779.18,90067.04
2480.0,88494.41,86841.42,90147.40
2485.0,88565.71,86903.63,90227.79
2490.0,88633.37,86962.97,90303.77
2495.0,88701.03,87021.97,90380.09
2500.0,88768.65,87080.49,90456.81
2505.0,88830.81,87134.57,90527.05
2510.0,88900.25,87194.96,90605.54
2515.0,88969.69,87254.98,90684.40
2520.0,89037.31,87313.36,90761.26
2525.0,89103.13,87370.20,90836.06
2530.0,89163.49,87422.75,90904.23
2535.0,89225.65,87476.88,90974.42
2540.0,89280.63,87524.76,91036.50
2545.0,89337.39,87574.10,91100.68
2550.0,89388.71,87618.82,91158.60
2555.0,89445.47,87667.93,91223.01
2560.0,89496.81,87712.66,91280.96
2565.0,89548.15,87757.31,91338.99
2570.0,89599.51,87801.90,91397.12
2575.0,89650.87,87846.58,91455.16
2580.0,89696.85,87886.57,91507.13
2585.0,89742.79,87926.41,91559.17
2590.0,89788.73,87966.56,91610.90
2595.0,89836.47,88008.00,91664.94
2600.0,89876.95,88043.62,91710.28
2605.0,89919.25,88080.58,91757.92
2610.0,89961.53,88117.38,91805.68
2615.0,90005.61,88155.50,91855.72
2620.0,90047.89,88192.14,91903.64
2625.0,90093.79,88231.61,91955.97
2630.0,90136.07,88268.45,92003.69
2635.0,90180.17,88306.73,92053.61
2640.0,90224.27,88344.96,92103.58
2645.0,90266.53,88381.52,92151.54
2650.0,90303.39,88414.06,92192.72
2655.0,90340.25,88446.58,92233.92
2660.0,90375.31,88477.80,92272.82
2665.0,90406.75,88506.38,92307.12
2670.0,90438.19,88534.88,92341.50
2675.0,90466.01,88560.68,92371.34
2680.0,90495.65,88587.76,92403.54
2685.0,90527.07,88616.28,92437.86
2690.0,90558.49,88644.50,92472.48
2695.0,90591.71,88674.02,92509.40
2700.0,90626.73,88704.82,92548.64
2705.0,90661.75,88735.92,92587.58
2710.0,90696.77,88766.98,92626.56
2715.0,90733.61,88799.43,92667.79
2720.0,90770.45,88831.91,92708.99
2725.0,90809.09,88865.59,92752.59
2730.0,90844.07,88896.65,92791.49
2735.0,90877.31,88926.19,92828.43
2740.0,90908.73,88954.30,92863.16
2745.0,90938.35,88981.16,92895.54
2750.0,90964.37,89005.39,92923.35
2755.0,90990.39,89029.60,92951.18
2760.0,91016.39,89053.78,92979.00
2765.0,91042.39,89077.95,93006.83
2770.0,91066.59,89100.85,93032.33
2775.0,91092.59,89125.00,93060.18
2780.0,91118.59,89149.13,93088.05
2785.0,91144.59,89173.33,93115.85
2790.0,91168.79,89196.34,93141.24
2795.0,91192.99,89219.33,93166.65
2800.0,91219.01,89243.54,93194.48
2805.0,91245.03,89267.73,93222.33
2810.0,91271.05,89291.90,93250.20
2815.0,91297.07,89316.06,93278.08
2820.0,91321.27,89339.00,93303.54
2825.0,91345.47,89361.92,93329.02
2830.0,91369.67,89384.83,93354.51
2835.0,91393.87,89407.74,93380.00
2840.0,91418.07,89430.63,93405.51
2845.0,91442.27,89453.51,93431.03
2850.0,91466.47,89476.37,93456.57
2855.0,91490.67,89499.23,93482.11
2860.0,91513.07,89520.91,93505.23
2865.0,91537.27,89543.74,93530.80
2870.0,91561.47,89566.57,93556.37
2875.0,91585.67,89589.38,93581.96
2880.0,91609.87,89612.18,93607.56
2885.0,91632.27,89633.84,93630.70
2890.0,91654.69,89655.85,93653.53
2895.0,91678.91,89679.00,93678.82
2900.0,91703.13,89702.14,93704.12
2905.0,91727.30,89725.20,93729.40
2910.0,91751.46,89748.25,93754.67
2915.0,91773.79,89769.79,93777.79
2920.0,91796.21,89792.45,93799.97
2925.0,91818.63,89815.10,93822.16
2930.0,91841.05,89837.74,93844.36
2935.0,91863.47,89860.38,93866.56
2940.0,91885.89,89883.02,93888.76
2945.0,91908.31,89905.64,93910.98
2950.0,91930.73,89928.26,93933.20
2955.0,91953.15,89950.87,93955.43
2960.0,91973.75,89971.39,93976.11
2965.0,91994.35,89991.90,93996.80
2970.0,92014.95,90012.41,94017.49
2975.0,92035.55,90032.92,94038.18
2980.0,92056.15,90053.43,94058.87
2985.0,92076.75,90073.94,94079.56
2990.0,92097.35,90094.45,94100.25
2995.0,92117.95,90114.96,94120.94
3000.0,92138.55,90135.47,94141.63
3005.0,92159.15,90155.99,94162.31
3010.0,92179.75,90176.50,94183.00
3015.0,92200.35,90197.01,94203.69
3020.0,92220.95,90217.52,94224.38
3025.0,92241.55,90238.03,94245.07
3030.0,92262.15,90258.54,94265.76
3035.0,92282.75,90279.05,94286.45
3040.0,92303.35,90299.56,94307.14
3045.0,92323.95,90320.07,94327.83
3050.0,92344.55,90340.58,94348.52
3055.0,92365.17,90361.11,94369.23
3060.0,92385.79,90381.64,94389.94
3065.0,92406.41,90402.16,94410.66
3070.0,92427.03,90422.69,94431.37
3075.0,92447.65,90443.21,94452.09
3080.0,92468.27,90463.74,94472.80
3085.0,92488.87,90484.25,94493.49
3090.0,92509.47,90504.76,94514.18
3095.0,92530.07,90525.27,94534.87
3100.0,92550.67,90545.78,94555.56
3105.0,92571.27,90566.29,94576.25
3110.0,92591.87,90586.80,94596.94
3115.0,92612.47,90607.32,94617.62
3120.0,92633.07,90627.83,94638.31
3125.0,92655.47,90649.97,94660.97
3130.0,92676.07,90670.48,94681.66
3135.0,92696.65,90690.97,94702.33
3140.0,92719.05,90713.23,94724.87
3145.0,92741.45,90735.48,94747.42
3150.0,92763.85,90757.72,94769.98
3155.0,92784.43,90778.22,94790.64
3160.0,92805.01,90798.72,94811.30
3165.0,92825.59,90819.22,94831.96
3170.0,92846.17,90839.71,94852.63
3175.0,92866.75,90860.21,94873.29
3180.0,92887.33,90880.71,94893.95
3185.0,92907.91,90901.21,94914.61
3190.0,92928.49,90921.70,94935.28
3195.0,92949.07,90942.20,94955.94
3200.0,92969.65,90962.70,94976.60
3205.0,92990.23,90983.19,94997.27
3210.0,93010.81,91003.69,95017.93
3215.0,93031.39,91024.19,95038.59
3220.0,93051.97,91044.69,95059.25
3225.0,93072.53,91065.17,95079.89
3230.0,93093.09,91085.66,95100.52
3235.0,93113.65,91106.14,95121.16
3240.0,93134.21,91126.63,95141.79
3245.0,93154.77,91147.11,95162.43
3250.0,93175.33,91167.60,95183.06
3255.0,93195.89,91188.08,95203.70
3260.0,93216.45,91208.57,95224.33
3265.0,93237.01,91229.05,95244.97
3270.0,93257.57,91249.54,95265.60
3275.0,93278.13,91270.02,95286.24
3280.0,93300.49,91291.74,95309.24
3285.0,93321.05,91312.22,95329.88
3290.0,93341.61,91332.70,95350.52
3295.0,93362.17,91353.19,95371.15
3300.0,93382.73,91373.67,95391.79
3305.0,93403.29,91394.16,95412.42
3310.0,93423.85,91414.64,95433.06
3315.0,93444.41,91435.13,95453.69
3320.0,93464.97,91455.61,95474.33
3325.0,93485.53,91476.10,95494.96
3330.0,93506.09,91496.58,95515.60
3335.0,93526.65,91517.07,95536.23
3340.0,93547.21,91537.55,95556.87
3345.0,93567.77,91558.04,95577.50
3350.0,93588.33,91578.52,95598.14
3355.0,93608.89,91599.01,95618.77
3360.0,93629.45,91619.49,95639.41
3365.0,93650.01,91639.98,95660.04
3370.0,93670.57,91660.46,95680.68
3375.0,93691.13,91680.94,95701.32
3380.0,93711.69,91701.43,95721.95
3385.0,93732.25,91721.91,95742.59
3390.0,93752.81,91742.40,95763.22
3395.0,93773.37,91762.88,95783.86
3400.0,93793.93,91783.37,95804.49
3405.0,93814.49,91803.85,95825.13
3410.0,93835.05,91824.34,95845.76
3415.0,93855.61,91844.82,95866.40
3420.0,93876.17,91865.31,95887.03
3425.0,93896.73,91885.79,95907.67
3430.0,93917.29,91906.27,95928.31
3435.0,93937.85,91926.76,95948.94
3440.0,93958.41,91947.24,95969.58
3445.0,93978.97,91967.73,95990.21
3450.0,93999.53,91988.21,96010.85
3455.0,94020.09,92008.70,96031.48
3460.0,94040.65,92029.18,96052.12
3465.0,94061.21,92049.67,96072.75
3470.0,94081.77,92070.15,96093.39
3475.0,94102.33,92090.63,96114.03
3480.0,94122.89,92111.12,96134.66
3485.0,94143.45,92131.60,96155.30
3490.0,94164.01,92152.09,96175.93
3495.0,94184.57,92172.57,96196.57
3500.0,94205.13,92193.06,96217.20
3505.0,94225.69,92213.54,96237.84
3510.0,94246.25,92234.02,96258.48
3515.0,94266.81,92254.51,96279.11
3520.0,94287.37,92274.99,96299.75
3525.0,94307.93,92295.48,96320.38
3530.0,94328.49,92315.96,96341.02
3535.0,94349.05,92336.45,96361.65
3540.0,94369.61,92356.93,96382.29
3545.0,94390.17,92377.41,96402.93
3550.0,94410.73,92397.90,96423.56
3555.0,94431.29,92418.38,96444.20
3560.0,94451.85,92438.87,96464.83
3565.0,94472.41,92459.35,96485.47
3570.0,94492.97,92479.83,96506.11
3575.0,94513.53,92500.32,96526.74
3580.0,94534.09,92520.80,96547.38
3585.0,94554.65,92541.29,96568.01
3590.0,94575.21,92561.77,96588.65
3595.0,94595.77,92582.26,96609.28
3600.0,94616.33,92602.74,96629.92
3605.0,94636.89,92623.22,96650.56
3610.0,94657.45,92643.71,96671.19
3615.0,94678.01,92664.19,96691.83
3620.0,94698.57,92684.68,96712.46
3625.0,94719.13,92705.16,96733.10
3630.0,94739.69,92725.64,96753.74
3635.0,94760.25,92746.13,96774.37
3640.0,94780.81,92766.61,96795.01
3645.0,94801.37,92787.10,96815.64
3650.0,94821.93,92807.58,96836.28
3655.0,94842.49,92828.06,96856.92
3660.0,94864.85,92849.89,96879.81
3665.0,94887.21,92871.72,96902.70
3670.0,94907.77,92892.20,96923.34
3675.0,94928.33,92912.68,96943.98
3680.0,94948.89,92933.17,96964.61
3685.0,94969.45,92953.65,96985.25
3690.0,94990.01,92974.14,97005.88
3695.0,95010.57,92994.62,97026.52
3700.0,95031.13,93015.10,97047.16
3705.0,95051.69,93035.59,97067.79
3710.0,95074.07,93058.56,97089.58
3715.0,95094.63,93079.04,97110.22
3720.0,95115.19,93099.52,97130.86
3725.0,95135.75,93120.01,97151.49
3730.0,95156.31,93140.49,97172.13
3735.0,95176.87,93160.98,97192.76
3740.0,95197.43,93181.46,97213.40
3745.0,95217.99,93201.94,97234.04
3750.0,95238.55,93222.43,97254.67
3755.0,95259.11,93242.91,97275.31
3760.0,95279.67,93263.39,97295.95
3765.0,95300.23,93283.88,97316.58
3770.0,95320.79,93304.36,97337.22
3775.0,95341.35,93324.84,97357.86
3780.0,95361.91,93345.33,97378.49
3785.0,95382.47,93365.81,97399.13
3790.0,95403.03,93386.29,97419.77
3795.0,95423.59,93406.78,97440.40
3800.0,95444.15,93427.26,97461.04
3805.0,95464.71,93447.74,97481.68
3810.0,95485.27,93468.23,97502.31
3815.0,95505.83,93488.71,97522.95
3820.0,95526.39,93509.19,97543.59
3825.0,95546.95,93529.68,97564.22
3830.0,95567.51,93550.16,97584.86
3835.0,95588.07,93570.64,97605.50
3840.0,95608.63,93591.13,97626.13
3845.0,95629.19,93611.61,97646.77
3850.0,95649.75,93632.09,97667.41
3855.0,95670.31,93652.58,97688.04
3860.0,95690.87,93673.06,97708.68
3865.0,95711.43,93693.54,97729.32
3870.0,95731.99,93714.03,97749.95
3875.0,95752.55,93734.51,97770.59
3880.0,95773.11,93754.99,97791.23
3885.0,95793.67,93775.48,97811.86
3890.0,95814.23,93795.96,97832.50
3895.0,95834.79,93816.44,97853.14
3900.0,95855.35,93836.93,97873.77
3905.0,95875.91,93857.41,97894.41
3910.0,95896.47,93877.89,97915.05
3915.0,95917.03,93898.38,97935.68
3920.0,95937.59,93918.86,97956.32
3925.0,95958.15,93939.34,97976.96
3930.0,95978.71,93959.83,97997.59
3935.0,95999.27,93980.31,98018.23
3940.0,96019.83,94000.79,98038.87
3945.0,96040.39,94021.28,98059.50
3950.0,96060.95,94041.76,98080.14
3955.0,96081.51,94062.24,98100.78
3960.0,96102.07,94082.73,98121.41
3965.0,96122.63,94103.21,98142.05
3970.0,96143.19,94123.69,98162.69
3975.0,96163.75,94144.17,98183.33
3980.0,96184.31,94164.66,98203.96
3985.0,96204.87,94185.14,98224.60
3990.0,96225.43,94205.62,98245.24
3995.0,96245.99,94226.11,98265.87
4000.0,96266.55,94246.59,98286.51
