episodes,mean,ci_down,ci_up
0.0,-453.01,-545.99,-360.03
5.0,-2033.01,-2195.46,-1870.56
10.0,-3467.01,-3725.34,-3208.68
15.0,-4468.81,-4832.84,-4104.79
20.0,-5346.92,-5766.54,-4927.31
25.0,-6018.44,-6544.39,-5492.49
30.0,-6319.89,-6891.38,-5748.40
35.0,-6742.87,-7365.24,-6120.50
40.0,-7131.29,-7814.48,-6448.09
45.0,-7367.07,-8076.10,-6658.04
50.0,-7660.63,-8414.77,-6906.48
55.0,-7863.54,-8642.23,-7084.85
60.0,-8040.81,-8845.79,-7235.82
65.0,-8115.35,-8938.06,-7292.64
70.0,-8308.54,-9131.49,-7485.60
75.0,-8432.40,-9249.77,-7615.04
80.0,-8553.98,-9391.18,-7716.78
85.0,-8641.30,-9486.71,-7795.89
90.0,-8712.13,-9561.81,-7862.44
95.0,-8819.31,-9679.27,-7959.35
100.0,-8888.55,-9750.88,-8026.22
105.0,-8981.87,-9861.76,-8101.98
110.0,-9052.35,-9927.59,-8177.12
115.0,-9128.65,-10006.84,-8250.46
120.0,-9205.60,-10084.96,-8326.25
125.0,-9259.51,-10145.21,-8373.82
130.0,-9309.05,-10200.80,-8417.30
135.0,-9378.89,-10276.64,-8481.14
140.0,-9424.51,-10329.09,-8519.93
145.0,-9486.76,-10400.12,-8573.41
150.0,-9538.59,-10461.22,-8615.96
155.0,-9559.31,-10481.78,-8636.84
160.0,-9594.73,-10515.96,-8673.50
165.0,-9619.43,-10540.01,-8698.86
170.0,-9641.12,-10560.98,-8721.27
175.0,-9684.24,-10604.45,-8764.03
180.0,-9710.78,-10633.03,-8788.52
185.0,-9742.33,-10667.98,-8816.69
190.0,-9760.15,-10687.31,-8832.98
195.0,-9772.60,-10700.03,-8845.17
200.0,-9796.70,-10721.79,-8871.61
205.0,-9837.27,-10764.58,-8909.96
210.0,-9858.98,-10784.94,-8933.02
215.0,-9876.79,-10801.81,-8951.78
220.0,-9886.79,-10811.81,-8961.78
225.0,-9910.56,-10837.15,-8983.97
230.0,-9939.81,-10869.77,-9009.85
235.0,-9968.43,-10900.89,-9035.98
240.0,-9998.85,-10932.82,-9064.87
245.0,-10036.69,-10969.11,-9104.26
250.0,-10077.83,-11007.60,-9148.05
255.0,-10115.00,-11041.00,-9189.01
260.0,-10167.39,-11089.08,-9245.71
265.0,-10257.40,-11183.33,-9331.46
270.0,-10340.35,-11274.62,-9406.09
275.0,-10420.51,-11369.77,-9471.24
280.0,-10481.20,-11432.43,-9529.98
285.0,-10585.44,-11538.11,-9632.77
290.0,-10645.60,-11598.64,-9692.55
295.0,-10714.77,-11667.00,-9762.53
300.0,-10833.83,-11783.23,-9884.43
305.0,-10964.15,-11917.61,-10010.69
310.0,-11101.28,-12066.21,-10136.36
315.0,-11219.44,-12187.89,-10250.98
320.0,-11335.16,-12308.72,-10361.59
325.0,-11424.90,-12400.75,-10449.04
330.0,-11519.42,-12495.66,-10543.19
335.0,-11671.38,-12654.01,-10688.74
340.0,-11833.77,-12825.31,-10842.23
345.0,-12023.62,-13022.35,-11024.89
350.0,-12179.84,-13185.70,-11173.98
355.0,-12348.96,-13371.72,-11326.21
360.0,-12534.17,-13570.58,-11497.76
365.0,-12702.82,-13743.45,-11662.19
370.0,-12843.50,-13894.83,-11792.18
375.0,-13036.32,-14095.51,-11977.14
380.0,-13191.57,-14257.63,-12125.50
385.0,-13360.72,-14436.62,-12284.82
390.0,-13523.44,-14615.28,-12431.59
395.0,-13681.78,-14797.11,-12566.45
400.0,-13824.53,-14957.16,-12691.90
405.0,-13960.24,-15108.81,-12811.67
410.0,-14138.63,-15318.60,-12958.67
415.0,-14324.90,-15530.44,-13119.37
420.0,-14461.78,-15679.45,-13244.11
425.0,-14628.52,-15859.78,-13397.25
430.0,-14759.37,-15998.19,-13520.55
435.0,-14872.24,-16120.58,-13623.91
440.0,-14993.17,-16253.26,-13733.09
445.0,-15143.29,-16415.03,-13871.55
450.0,-15290.35,-16573.11,-14007.60
455.0,-15457.85,-16754.05,-14161.64
460.0,-15604.29,-16920.88,-14287.70
465.0,-15750.97,-17093.28,-14408.67
470.0,-15909.22,-17273.96,-14544.48
475.0,-16074.72,-17457.11,-14692.32
480.0,-16225.29,-17624.66,-14825.92
485.0,-16334.60,-17743.34,-14925.86
490.0,-16461.72,-17883.94,-15039.50
495.0,-16619.74,-18048.91,-15190.58
500.0,-16743.88,-18176.68,-15311.07
505.0,-16875.88,-18311.24,-15440.52
510.0,-17075.71,-18513.83,-15637.58
515.0,-17202.69,-18644.04,-15761.34
520.0,-17353.31,-18791.85,-15914.76
525.0,-17496.24,-18942.15,-16050.34
530.0,-17604.82,-19061.58,-16148.05
535.0,-17705.53,-19169.79,-16241.26
540.0,-17857.29,-19333.16,-16381.43
545.0,-18023.15,-19500.34,-16545.97
550.0,-18182.15,-19663.53,-16700.78
555.0,-18319.77,-19809.93,-16829.62
560.0,-18447.64,-19945.59,-16949.70
565.0,-18590.00,-20096.09,-17083.90
570.0,-18764.48,-20276.12,-17252.84
575.0,-18903.38,-20417.35,-17389.41
580.0,-19043.70,-20559.58,-17527.82
585.0,-19163.14,-20680.37,-17645.92
590.0,-19301.58,-20823.72,-17779.43
595.0,-19469.15,-21006.57,-17931.73
600.0,-19607.82,-21162.88,-18052.76
605.0,-19764.52,-21335.39,-18193.65
610.0,-19877.70,-21454.74,-18300.67
615.0,-20022.51,-21607.17,-18437.84
620.0,-20189.83,-21786.30,-18593.35
625.0,-20349.85,-21958.75,-18740.95
630.0,-20467.82,-22088.01,-18847.63
635.0,-20583.62,-22213.65,-18953.59
640.0,-20707.44,-22345.86,-19069.03
645.0,-20810.58,-22457.75,-19163.40
650.0,-20883.94,-22536.53,-19231.34
655.0,-20970.46,-22627.74,-19313.17
660.0,-21069.81,-22733.10,-19406.53
665.0,-21172.76,-22843.57,-19501.95
670.0,-21264.87,-22939.19,-19590.56
675.0,-21348.45,-23034.34,-19662.55
680.0,-21420.98,-23120.78,-19721.19
685.0,-21518.34,-23228.85,-19807.83
690.0,-21609.52,-23325.81,-19893.23
695.0,-21685.80,-23411.67,-19959.93
700.0,-21775.89,-23509.93,-20041.85
705.0,-21848.12,-23592.14,-20104.10
710.0,-21901.05,-23644.18,-20157.92
715.0,-21962.13,-23703.08,-20221.18
720.0,-22003.81,-23745.77,-20261.84
725.0,-22051.44,-23798.68,-20304.20
730.0,-22128.13,-23883.44,-20372.82
735.0,-22187.84,-23946.33,-20429.34
740.0,-22237.28,-24000.97,-20473.58
745.0,-22301.67,-24068.05,-20535.29
750.0,-22364.24,-24134.91,-20593.57
755.0,-22436.15,-24207.33,-20664.97
760.0,-22505.37,-24280.12,-20730.63
765.0,-22564.43,-24343.79,-20785.07
770.0,-22608.58,-24394.62,-20822.54
775.0,-22670.85,-24460.41,-20881.30
780.0,-22699.20,-24487.56,-20910.85
785.0,-22754.48,-24545.74,-20963.23
790.0,-22788.69,-24578.85,-20998.54
795.0,-22845.52,-24636.93,-21054.11
800.0,-22886.33,-24675.54,-21097.11
805.0,-22920.27,-24708.39,-21132.16
810.0,-22945.24,-24732.05,-21158.43
815.0,-22994.72,-24778.88,-21210.56
820.0,-23020.91,-24805.76,-21236.06
825.0,-23046.97,-24832.70,-21261.24
830.0,-23067.03,-24852.19,-21281.86
835.0,-23097.20,-24881.38,-21313.01
840.0,-23111.23,-24895.28,-21327.18
845.0,-23130.79,-24913.72,-21347.87
850.0,-23160.07,-24940.26,-21379.88
855.0,-23190.99,-24970.58,-21411.40
860.0,-23207.07,-24985.95,-21428.19
865.0,-23224.88,-25002.96,-21446.81
870.0,-23246.83,-25024.24,-21469.41
875.0,-23276.92,-25053.18,-21500.66
880.0,-23310.81,-25086.96,-21534.66
885.0,-23328.62,-25105.35,-21551.89
890.0,-23346.44,-25123.81,-21569.06
895.0,-23360.55,-25138.37,-21582.72
900.0,-23374.66,-25152.98,-21596.35
905.0,-23392.56,-25172.45,-21612.67
910.0,-23407.13,-25188.22,-21626.05
915.0,-23427.32,-25208.39,-21646.26
920.0,-23443.53,-25224.93,-21662.14
925.0,-23464.34,-25246.94,-21681.74
930.0,-23483.12,-25268.02,-21698.22
935.0,-23506.09,-25293.31,-21718.87
940.0,-23522.73,-25310.80,-21734.66
945.0,-23547.72,-25338.58,-21756.85
950.0,-23575.12,-25369.40,-21780.83
955.0,-23609.47,-25408.57,-21810.36
960.0,-23652.14,-25455.94,-21848.33
965.0,-23685.64,-25493.36,-21877.93
970.0,-23717.79,-25528.76,-21906.83
975.0,-23751.77,-25565.56,-21937.99
980.0,-23781.09,-25598.49,-21963.69
985.0,-23805.79,-25625.77,-21985.82
990.0,-23835.26,-25660.68,-22009.85
995.0,-23860.43,-25686.49,-22034.36
1000.0,-23872.12,-25698.94,-22045.31
1005.0,-23898.62,-25728.69,-22068.55
1010.0,-23921.79,-25758.03,-22085.54
1015.0,-23941.25,-25782.32,-22100.19
1020.0,-23963.26,-25808.90,-22117.63
1025.0,-23991.36,-25841.71,-22141.01
1030.0,-24003.51,-25854.78,-22152.23
1035.0,-24023.16,-25877.15,-22169.17
1040.0,-24054.74,-25911.33,-22198.15
1045.0,-24079.17,-25937.90,-22220.44
1050.0,-24100.38,-25961.87,-22238.88
1055.0,-24129.14,-25990.66,-22267.61
1060.0,-24159.96,-26018.92,-22300.99
1065.0,-24180.95,-26041.40,-22320.50
1070.0,-24207.56,-26066.04,-22349.08
1075.0,-24230.95,-26089.15,-22372.75
1080.0,-24247.09,-26104.43,-22389.75
1085.0,-24261.21,-26118.21,-22404.20
1090.0,-24283.32,-26138.76,-22427.88
1095.0,-24296.84,-26152.04,-22441.64
1100.0,-24306.84,-26162.04,-22451.64
1105.0,-24329.66,-26183.35,-22475.98
1110.0,-24344.46,-26198.07,-22490.84
1115.0,-24365.41,-26217.43,-22513.39
1120.0,-24383.36,-26234.82,-22531.90
1125.0,-24405.27,-26257.34,-22553.21
1130.0,-24426.77,-26277.25,-22576.30
1135.0,-24464.58,-26316.73,-22612.43
1140.0,-24497.77,-26351.13,-22644.41
1145.0,-24526.26,-26380.56,-22671.96
1150.0,-24541.79,-26397.14,-22686.44
1155.0,-24555.90,-26410.19,-22701.61
1160.0,-24574.00,-26428.44,-22719.56
1165.0,-24588.11,-26441.57,-22734.66
1170.0,-24598.11,-26451.57,-22744.66
1175.0,-24608.11,-26461.57,-22754.66
1180.0,-24618.11,-26471.57,-22764.66
1185.0,-24632.22,-26484.74,-22779.71
1190.0,-24645.93,-26497.89,-22793.96
1195.0,-24664.61,-26514.61,-22814.61
1200.0,-24679.74,-26529.34,-22830.13
1205.0,-24698.71,-26550.89,-22846.52
1210.0,-24708.71,-26560.89,-22856.52
1215.0,-24722.04,-26574.55,-22869.53
1220.0,-24743.64,-26595.97,-22891.31
1225.0,-24751.34,-26603.84,-22898.84
1230.0,-24761.59,-26614.51,-22908.67
1235.0,-24778.77,-26632.20,-22925.34
1240.0,-24801.73,-26656.36,-22947.10
1245.0,-24840.74,-26699.75,-22981.74
1250.0,-24862.34,-26721.55,-23003.12
1255.0,-24877.23,-26736.14,-23018.32
1260.0,-24897.68,-26757.86,-23037.49
1265.0,-24924.17,-26785.02,-23063.33
1270.0,-24955.53,-26817.57,-23093.49
1275.0,-24989.93,-26852.58,-23127.28
1280.0,-25019.76,-26883.77,-23155.75
1285.0,-25049.59,-26915.26,-23183.93
1290.0,-25068.98,-26935.18,-23202.78
1295.0,-25094.01,-26962.55,-23225.47
1300.0,-25129.16,-26998.86,-23259.46
1305.0,-25157.23,-27026.95,-23287.51
1310.0,-25175.91,-27044.74,-23307.08
1315.0,-25194.59,-27062.68,-23326.51
1320.0,-25213.08,-27080.82,-23345.34
1325.0,-25235.87,-27103.24,-23368.51
1330.0,-25291.63,-27156.30,-23426.97
1335.0,-25319.81,-27183.79,-23455.82
1340.0,-25339.56,-27204.49,-23474.64
1345.0,-25379.63,-27244.36,-23514.90
1350.0,-25412.47,-27279.22,-23545.73
1355.0,-25445.24,-27314.29,-23576.19
1360.0,-25487.42,-27364.53,-23610.31
1365.0,-25506.12,-27384.39,-23627.85
1370.0,-25542.17,-27418.11,-23666.24
1375.0,-25582.79,-27454.59,-23710.99
1380.0,-25611.87,-27482.15,-23741.60
1385.0,-25640.77,-27515.26,-23766.27
1390.0,-25671.51,-27548.21,-23794.81
1395.0,-25709.43,-27586.98,-23831.88
1400.0,-25730.42,-27609.38,-23851.46
1405.0,-25751.41,-27630.80,-23872.03
1410.0,-25781.60,-27659.16,-23904.03
1415.0,-25810.89,-27685.00,-23936.78
1420.0,-25839.74,-27713.32,-23966.16
1425.0,-25850.52,-27724.42,-23976.62
1430.0,-25861.30,-27735.53,-23987.07
1435.0,-25879.98,-27753.55,-24006.41
1440.0,-25898.67,-27771.73,-24025.60
1445.0,-25912.44,-27785.42,-24039.47
1450.0,-25921.55,-27794.61,-24048.49
1455.0,-25928.45,-27801.57,-24055.34
1460.0,-25941.07,-27813.97,-24068.17
1465.0,-25955.91,-27828.68,-24083.14
1470.0,-25965.62,-27838.51,-24092.74
1475.0,-25986.34,-27861.74,-24110.95
1480.0,-25996.34,-27871.74,-24120.95
1485.0,-26006.34,-27881.74,-24130.95
1490.0,-26016.34,-27891.74,-24140.95
1495.0,-26026.34,-27901.74,-24150.95
1500.0,-26040.42,-27914.70,-24166.15
1505.0,-26052.21,-27925.37,-24179.04
1510.0,-26069.62,-27942.12,-24197.12
1515.0,-26095.94,-27966.99,-24224.90
1520.0,-26119.99,-27989.62,-24250.37
1525.0,-26135.14,-28004.94,-24265.33
1530.0,-26148.47,-28018.07,-24278.87
1535.0,-26165.50,-28035.80,-24295.20
1540.0,-26190.11,-28058.56,-24321.67
1545.0,-26213.66,-28082.80,-24344.51
1550.0,-26224.69,-28093.77,-24355.61
1555.0,-26233.86,-28102.24,-24365.47
1560.0,-26245.32,-28113.11,-24377.54
1565.0,-26262.49,-28128.90,-24396.07
1570.0,-26279.22,-28144.57,-24413.87
1575.0,-26286.43,-28151.13,-24421.73
1580.0,-26291.83,-28156.74,-24426.92
1585.0,-26295.37,-28160.05,-24430.69
1590.0,-26318.35,-28183.39,-24453.32
1595.0,-26333.53,-28198.79,-24468.27
1600.0,-26351.44,-28216.77,-24486.12
1605.0,-26359.15,-28224.36,-24493.93
1610.0,-26369.15,-28234.36,-24503.93
1615.0,-26382.49,-28246.46,-24518.52
1620.0,-26385.59,-28249.87,-24521.31
1625.0,-26401.94,-28265.80,-24538.09
1630.0,-26415.15,-28279.37,-24550.94
1635.0,-26418.25,-28283.02,-24553.49
1640.0,-26423.65,-28288.57,-24558.73
1645.0,-26431.35,-28296.20,-24566.51
1650.0,-26439.05,-28303.83,-24574.28
1655.0,-26449.03,-28313.72,-24584.33
1660.0,-26459.03,-28323.72,-24594.33
1665.0,-26476.06,-28339.52,-24612.60
1670.0,-26493.09,-28355.42,-24630.77
1675.0,-26502.64,-28364.83,-24640.45
1680.0,-26512.64,-28374.83,-24650.45
1685.0,-26526.46,-28385.49,-24667.43
1690.0,-26544.60,-28403.43,-24685.76
1695.0,-26558.86,-28419.10,-24698.63
1700.0,-26570.88,-28431.60,-24710.16
1705.0,-26589.77,-28450.95,-24728.59
1710.0,-26608.65,-28470.38,-24746.93
1715.0,-26622.76,-28485.09,-24760.43
1720.0,-26635.82,-28497.85,-24773.79
1725.0,-26651.17,-28512.99,-24789.36
1730.0,-26656.57,-28518.14,-24795.01
1735.0,-26660.21,-28520.85,-24799.58
1740.0,-26663.85,-28523.58,-24804.12
1745.0,-26675.43,-28536.20,-24814.66
1750.0,-26691.07,-28552.59,-24829.56
1755.0,-26708.73,-28571.33,-24846.13
1760.0,-26714.67,-28577.83,-24851.51
1765.0,-26721.14,-28583.97,-24858.31
1770.0,-26725.73,-28588.27,-24863.19
1775.0,-26728.95,-28591.35,-24866.56
1780.0,-26735.93,-28597.96,-24873.91
1785.0,-26739.16,-28601.32,-24876.99
1790.0,-26750.60,-28613.10,-24888.10
1795.0,-26758.45,-28621.27,-24895.62
1800.0,-26759.68,-28623.08,-24896.29
1805.0,-26753.58,-28616.49,-24890.68
1810.0,-26749.78,-28612.83,-24886.74
1815.0,-26743.68,-28607.10,-24880.27
1820.0,-26735.28,-28598.14,-24872.43
1825.0,-26727.32,-28588.00,-24866.64
1830.0,-26717.06,-28575.29,-24858.82
1835.0,-26709.10,-28564.98,-24853.21
1840.0,-26703.43,-28555.80,-24851.06
1845.0,-26708.35,-28560.48,-24856.21
1850.0,-26728.35,-28581.31,-24875.40
1855.0,-26731.67,-28584.71,-24878.62
1860.0,-26730.87,-28583.79,-24877.95
1865.0,-26729.37,-28581.68,-24877.07
1870.0,-26725.57,-28576.51,-24874.63
1875.0,-26717.17,-28566.48,-24867.87
1880.0,-26711.07,-28558.68,-24863.47
1885.0,-26693.06,-28538.23,-24847.88
1890.0,-26672.33,-28515.90,-24828.75
1895.0,-26658.08,-28500.30,-24815.86
1900.0,-26644.27,-28484.45,-24804.09
1905.0,-26639.56,-28477.51,-24801.61
1910.0,-26628.47,-28467.69,-24789.24
1915.0,-26621.95,-28462.70,-24781.20
1920.0,-26613.99,-28455.72,-24772.26
1925.0,-26604.35,-28447.29,-24761.41
1930.0,-26592.82,-28436.50,-24749.14
1935.0,-26577.84,-28422.71,-24732.96
1940.0,-26560.36,-28406.02,-24714.69
1945.0,-26540.58,-28386.71,-24694.45
1950.0,-26518.09,-28365.29,-24670.89
1955.0,-26495.60,-28344.31,-24646.89
1960.0,-26482.40,-28332.09,-24632.70
1965.0,-26461.67,-28310.27,-24613.06
1970.0,-26440.94,-28288.58,-24593.29
1975.0,-26411.88,-28257.68,-24566.08
1980.0,-26391.15,-28237.09,-24545.21
1985.0,-26366.69,-28211.67,-24521.71
1990.0,-26350.59,-28194.01,-24507.17
1995.0,-26329.97,-28172.32,-24487.62
2000.0,-26302.82,-28144.00,-24461.65
2005.0,-26271.16,-28111.94,-24430.38
2010.0,-26234.04,-28072.80,-24395.29
2015.0,-26199.23,-28036.91,-24361.55
2020.0,-26172.03,-28009.00,-24335.07
2025.0,-26137.38,-27973.79,-24300.97
2030.0,-26102.95,-27939.98,-24265.93
2035.0,-26063.18,-27901.75,-24224.61
2040.0,-26021.11,-27860.39,-24181.84
2045.0,-25981.62,-27821.04,-24142.20
2050.0,-25948.29,-27786.97,-24109.61
2055.0,-25906.86,-27746.03,-24067.69
2060.0,-25863.13,-27704.76,-24021.50
2065.0,-25816.68,-27661.42,-23971.94
2070.0,-25767.94,-27616.57,-23919.30
2075.0,-25716.89,-27569.66,-23864.12
2080.0,-25668.15,-27524.91,-23811.38
2085.0,-25617.69,-27478.70,-23756.69
2090.0,-25573.80,-27438.78,-23708.83
2095.0,-25518.03,-27386.55,-23649.52
2100.0,-25468.59,-27342.86,-23594.33
2105.0,-25418.86,-27298.25,-23539.48
2110.0,-25363.34,-27247.02,-23479.67
2115.0,-25309.63,-27196.92,-23422.33
2120.0,-25261.13,-27152.53,-23369.73
2125.0,-25204.92,-27101.22,-23308.62
2130.0,-25146.87,-27048.97,-23244.77
2135.0,-25084.22,-26990.98,-23177.46
2140.0,-25019.90,-26932.17,-23107.63
2145.0,-24955.22,-26872.17,-23038.26
2150.0,-24889.70,-26811.12,-22968.28
2155.0,-24817.98,-26743.59,-22892.36
2160.0,-24740.58,-26669.92,-22811.24
2165.0,-24667.02,-26602.52,-22731.53
2170.0,-24600.00,-26541.87,-22658.12
2175.0,-24527.95,-26476.10,-22579.81
2180.0,-24453.15,-26407.81,-22498.48
2185.0,-24381.55,-26342.61,-22420.49
2190.0,-24309.19,-26277.04,-22341.34
2195.0,-24234.89,-26209.42,-22260.37
2200.0,-24160.28,-26142.27,-22178.29
2205.0,-24079.88,-26069.33,-22090.42
2210.0,-23998.48,-25996.37,-22000.60
2215.0,-23914.12,-25920.97,-21907.27
2220.0,-23833.35,-25848.29,-21818.42
2225.0,-23754.89,-25777.56,-21732.21
2230.0,-23672.49,-25703.35,-21641.63
2235.0,-23584.82,-25622.52,-21547.12
2240.0,-23501.93,-25547.15,-21456.71
2245.0,-23415.59,-25467.99,-21363.18
2250.0,-23322.78,-25382.64,-21262.92
2255.0,-23226.66,-25294.49,-21158.83
2260.0,-23132.59,-25207.44,-21057.75
2265.0,-23046.29,-25130.02,-20962.57
2270.0,-22955.83,-25048.33,-20863.33
2275.0,-22865.03,-24965.77,-20764.29
2280.0,-22776.24,-24885.35,-20667.14
2285.0,-22683.15,-24801.53,-20564.76
2290.0,-22587.33,-24715.15,-20459.51
2295.0,-22486.28,-24623.32,-20349.24
2300.0,-22386.44,-24532.96,-20239.92
2305.0,-22286.16,-24442.10,-20130.21
2310.0,-22176.52,-24341.67,-20011.36
2315.0,-22068.89,-24243.66,-19894.12
2320.0,-21968.36,-24152.75,-19783.97
2325.0,-21859.31,-24052.70,-19665.92
2330.0,-21744.64,-23947.19,-19542.09
2335.0,-21642.40,-23855.11,-19429.68
2340.0,-21547.59,-23771.17,-19324.01
2345.0,-21440.11,-23673.73,-19206.48
2350.0,-21329.97,-23573.33,-19086.61
2355.0,-21223.81,-23477.08,-18970.54
2360.0,-21116.35,-23380.17,-18852.54
2365.0,-21002.95,-23275.96,-18729.95
2370.0,-20890.01,-23173.66,-18606.36
2375.0,-20775.88,-23070.32,-18481.44
2380.0,-20663.65,-22969.36,-18357.94
2385.0,-20544.51,-22860.93,-18228.10
2390.0,-20427.00,-22754.27,-18099.73
2395.0,-20309.93,-22648.78,-17971.08
2400.0,-20191.26,-22541.35,-17841.16
2405.0,-20066.01,-22426.98,-17705.04
2410.0,-19932.69,-22302.74,-17562.63
2415.0,-19800.42,-22180.18,-17420.65
2420.0,-19669.57,-22058.91,-17280.23
2425.0,-19540.32,-21939.69,-17140.95
2430.0,-19411.88,-21820.75,-17003.02
2435.0,-19284.45,-21703.80,-16865.11
2440.0,-19157.88,-21587.66,-16728.10
2445.0,-19025.15,-21464.95,-16585.36
2450.0,-18893.32,-21343.11,-16443.54
2455.0,-18756.80,-21217.09,-16296.50
2460.0,-18621.00,-21091.79,-16150.20
2465.0,-18482.41,-20963.00,-16001.82
2470.0,-18346.05,-20837.48,-15854.62
2475.0,-18210.57,-20713.14,-15708.00
2480.0,-18063.82,-20575.83,-15551.81
2485.0,-17917.07,-20438.93,-15395.21
2490.0,-17766.71,-20297.83,-15235.60
2495.0,-17615.39,-20155.14,-15075.65
2500.0,-17463.90,-20011.64,-14916.16
2505.0,-17306.45,-19861.60,-14751.30
2510.0,-17157.48,-19720.77,-14594.20
2515.0,-17009.07,-19580.73,-14437.41
2520.0,-16857.93,-19437.80,-14278.07
2525.0,-16704.71,-19293.36,-14116.05
2530.0,-16546.27,-19143.10,-13949.45
2535.0,-16389.34,-18994.22,-13784.47
2540.0,-16225.83,-18838.39,-13613.28
2545.0,-16063.88,-18684.72,-13443.04
2550.0,-15895.28,-18522.81,-13267.74
2555.0,-15732.20,-18367.52,-13096.89
2560.0,-15563.43,-18205.67,-12921.20
2565.0,-15394.66,-18043.92,-12745.41
2570.0,-15226.98,-17883.37,-12570.59
2575.0,-15058.51,-17722.05,-12394.96
2580.0,-14885.36,-17555.48,-12215.24
2585.0,-14710.63,-17386.76,-12034.50
2590.0,-14536.42,-17218.46,-11854.38
2595.0,-14363.44,-17051.61,-11675.28
2600.0,-14182.79,-16875.87,-11489.72
2605.0,-14004.15,-16702.41,-11305.90
2610.0,-13824.51,-16527.81,-11121.21
2615.0,-13646.02,-16354.69,-10937.36
2620.0,-13466.33,-16180.84,-10751.81
2625.0,-13290.56,-16012.10,-10569.01
2630.0,-13113.16,-15841.03,-10385.30
2635.0,-12938.07,-15672.60,-10203.54
2640.0,-12762.98,-15504.26,-10021.70
2645.0,-12582.48,-15329.71,-9835.26
2650.0,-12396.65,-15149.36,-9643.95
2655.0,-12210.25,-14968.21,-9452.29
2660.0,-12022.22,-14785.38,-9259.06
2665.0,-11830.32,-14598.42,-9062.23
2670.0,-11638.42,-14411.51,-8865.33
2675.0,-11443.64,-14221.19,-8666.09
2680.0,-11250.45,-14032.73,-8468.16
2685.0,-11057.46,-13844.20,-8270.73
2690.0,-10864.75,-13656.26,-8073.25
2695.0,-10673.91,-13470.59,-7877.22
2700.0,-10484.35,-13286.66,-7682.05
2705.0,-10295.13,-13103.06,-7487.21
2710.0,-10105.92,-12919.53,-7292.31
2715.0,-9919.42,-12739.28,-7099.55
2720.0,-9732.55,-12558.45,-6906.65
2725.0,-9546.97,-12379.09,-6714.85
2730.0,-9367.23,-12205.80,-6528.67
2735.0,-9176.54,-12020.53,-6332.55
2740.0,-8982.71,-11831.75,-6133.67
2745.0,-8787.25,-11641.22,-5933.28
2750.0,-8588.17,-11446.69,-5729.64
2755.0,-8389.08,-11252.20,-5525.96
2760.0,-8190.03,-11057.65,-5322.41
2765.0,-7990.98,-10863.14,-5118.82
2770.0,-7789.94,-10666.11,-4913.78
2775.0,-7590.20,-10470.56,-4709.85
2780.0,-7390.46,-10275.04,-4505.89
2785.0,-7191.00,-10080.08,-4301.91
2790.0,-6989.90,-9883.33,-4096.47
2795.0,-6788.81,-9686.61,-3891.00
2800.0,-6589.31,-9491.82,-3686.80
2805.0,-6389.81,-9297.06,-3482.56
2810.0,-6190.31,-9102.33,-3278.28
2815.0,-5990.81,-8907.64,-3073.97
2820.0,-5789.71,-8711.07,-2868.35
2825.0,-5588.61,-8514.52,-2662.71
2830.0,-5387.52,-8318.00,-2457.03
2835.0,-5186.42,-8121.51,-2251.33
2840.0,-4985.32,-7925.05,-2045.60
2845.0,-4783.19,-7727.48,-1838.90
2850.0,-4581.05,-7529.94,-1632.17
2855.0,-4378.92,-7332.42,-1425.41
2860.0,-4175.49,-7133.43,-1217.54
2865.0,-3974.05,-6936.81,-1011.30
2870.0,-3772.62,-6740.22,-805.03
2875.0,-3570.85,-6543.28,-598.43
2880.0,-3369.08,-6346.36,-391.80
2885.0,-3165.75,-6147.41,-184.08
2890.0,-2967.12,-5953.62,19.38
2895.0,-2770.06,-5761.95,221.83
2900.0,-2573.00,-5570.33,424.34
2905.0,-2387.33,-5388.54,613.87
2910.0,-2200.97,-5206.12,804.18
2915.0,-2008.60,-5017.04,999.85
2920.0,-1814.66,-4826.07,1196.74
2925.0,-1620.73,-4635.26,1393.80
2930.0,-1426.79,-4444.62,1591.03
2935.0,-1232.86,-4254.15,1788.43
2940.0,-1040.26,-4065.14,1984.61
2945.0,-841.51,-3870.22,2187.20
2950.0,-642.76,-3675.39,2389.86
2955.0,-444.01,-3480.63,2592.60
2960.0,-237.98,-3278.71,2802.76
2965.0,-31.94,-3076.81,3012.93
2970.0,174.80,-2874.00,3223.60
2975.0,381.87,-2670.84,3434.58
2980.0,588.95,-2467.69,3645.59
2985.0,796.02,-2264.57,3856.61
2990.0,1003.10,-2061.46,4067.65
2995.0,1210.59,-1857.95,4279.12
3000.0,1418.08,-1654.45,4490.61
3005.0,1625.98,-1450.69,4702.66
3010.0,1833.89,-1246.95,4914.72
3015.0,2042.50,-1042.53,5127.53
3020.0,2251.11,-838.14,5340.35
3025.0,2460.13,-633.46,5553.72
3030.0,2669.57,-428.29,5767.43
3035.0,2879.01,-223.14,5981.16
3040.0,3088.45,-18.01,6194.90
3045.0,3297.89,187.10,6408.67
3050.0,3507.32,392.20,6622.45
3055.0,3716.52,597.00,6836.03
3060.0,3925.71,801.79,7049.63
3065.0,4134.90,1006.56,7263.25
3070.0,4344.10,1211.31,7476.89
3075.0,4553.86,1416.81,7690.91
3080.0,4763.62,1622.30,7904.95
3085.0,4973.63,1828.05,8119.22
3090.0,5183.64,2033.79,8333.50
3095.0,5393.65,2239.51,8547.80
3100.0,5603.66,2445.21,8762.11
3105.0,5813.67,2650.90,8976.44
3110.0,6023.68,2856.57,9190.78
3115.0,6233.69,3062.23,9405.14
3120.0,6443.69,3267.87,9619.52
3125.0,6652.07,3471.65,9832.50
3130.0,6862.08,3677.26,10046.90
3135.0,7073.10,3884.05,10262.14
3140.0,7273.13,4076.95,10469.32
3145.0,7473.16,4269.69,10676.64
3150.0,7677.31,4467.61,10887.01
3155.0,7888.33,4674.35,11102.30
3160.0,8099.34,4881.09,11317.60
3165.0,8311.06,5088.61,11533.51
3170.0,8522.78,5296.11,11749.44
3175.0,8734.50,5503.61,11965.39
3180.0,8946.22,5711.09,12181.35
3185.0,9157.94,5918.55,12397.32
3190.0,9369.65,6126.00,12613.31
3195.0,9581.37,6333.44,12829.31
3200.0,9793.09,6540.86,13045.32
3205.0,10004.81,6748.27,13261.35
3210.0,10216.53,6955.67,13477.39
3215.0,10428.25,7163.05,13693.45
3220.0,10639.97,7370.42,13909.52
3225.0,10852.13,7578.37,14125.89
3230.0,11064.30,7786.31,14342.28
3235.0,11276.46,7994.24,14558.69
3240.0,11488.63,8202.15,14775.10
3245.0,11701.13,8410.47,14991.78
3250.0,11913.63,8618.78,15208.47
3255.0,12126.13,8827.07,15425.18
3260.0,12338.63,9035.36,15641.90
3265.0,12551.13,9243.63,15858.63
3270.0,12763.63,9451.88,16075.38
3275.0,12976.13,9660.12,16292.14
3280.0,13187.00,9866.37,16507.63
3285.0,13399.50,10074.59,16724.42
3290.0,13612.00,10282.79,16941.22
3295.0,13824.50,10490.98,17158.03
3300.0,14037.00,10699.16,17374.85
3305.0,14250.26,10907.95,17592.56
3310.0,14463.51,11116.73,17810.29
3315.0,14676.76,11325.49,18028.03
3320.0,14890.01,11534.25,18245.78
3325.0,15103.26,11742.99,18463.54
3330.0,15316.52,11951.72,18681.31
3335.0,15529.77,12160.44,18899.10
3340.0,15743.02,12369.14,19116.90
3345.0,15956.27,12577.84,19334.71
3350.0,16169.53,12786.52,19552.53
3355.0,16382.78,12995.19,19770.37
3360.0,16596.03,13203.85,19988.22
3365.0,16809.28,13412.49,20206.07
3370.0,17022.95,13621.60,20424.30
3375.0,17236.62,13830.69,20642.54
3380.0,17450.28,14039.78,20860.79
3385.0,17663.95,14248.85,21079.06
3390.0,17877.62,14457.91,21297.33
3395.0,18091.70,14667.38,21516.03
3400.0,18305.79,14876.83,21734.74
3405.0,18520.28,15086.58,21953.99
3410.0,18734.78,15296.31,22173.25
3415.0,18949.69,15506.41,22392.98
3420.0,19164.61,15716.49,22612.72
3425.0,19379.52,15926.57,22832.47
3430.0,19594.43,16136.63,23052.24
3435.0,19809.35,16346.68,23272.01
3440.0,20024.26,16556.72,23491.80
3445.0,20239.17,16766.75,23711.60
3450.0,20454.42,16977.17,23931.68
3455.0,20669.67,17187.58,24151.76
3460.0,20884.92,17397.98,24371.86
3465.0,21100.17,17608.37,24591.97
3470.0,21315.42,17818.75,24812.09
3475.0,21530.67,18029.12,25032.22
3480.0,21745.92,18239.48,25252.36
3485.0,21961.17,18449.83,25472.51
3490.0,22176.42,18660.17,25692.67
3495.0,22391.67,18870.50,25912.84
3500.0,22607.33,19081.25,26133.41
3505.0,22823.00,19291.99,26354.00
3510.0,23038.66,19502.73,26574.60
3515.0,23254.74,19713.89,26795.59
3520.0,23470.82,19925.04,27016.60
3525.0,23686.90,20136.18,27237.62
3530.0,23902.98,20347.31,27458.66
3535.0,24119.06,20558.43,27679.70
3540.0,24335.14,20769.53,27900.75
3545.0,24551.22,20980.63,28121.81
3550.0,24767.30,21191.72,28342.89
3555.0,24983.38,21402.79,28563.97
3560.0,25199.46,21613.86,28785.06
3565.0,25415.54,21824.91,29006.17
3570.0,25631.62,22035.96,29227.28
3575.0,25848.45,22247.77,29449.13
3580.0,26065.28,22459.58,29670.99
3585.0,26282.11,22671.38,29892.85
3590.0,26498.95,22883.16,30114.73
3595.0,26715.78,23094.94,30336.62
3600.0,26932.61,23306.71,30558.51
3605.0,27149.44,23518.46,30780.42
3610.0,27366.27,23730.21,31002.34
3615.0,27583.81,23942.88,31224.74
3620.0,27801.34,24155.53,31447.15
3625.0,28018.88,24368.18,31669.57
3630.0,28236.41,24580.82,31892.00
3635.0,28453.94,24793.44,32114.45
3640.0,28671.48,25006.06,32336.90
3645.0,28889.01,25218.66,32559.37
3650.0,29106.55,25431.26,32781.84
3655.0,29324.08,25643.84,33004.33
3660.0,29540.32,25854.81,33225.84
3665.0,29756.57,26065.76,33447.37
3670.0,29974.10,26278.31,33669.89
3675.0,30191.64,26490.85,33892.42
3680.0,30409.17,26703.38,34114.96
3685.0,30626.70,26915.90,34337.51
3690.0,30844.24,27128.41,34560.07
3695.0,31061.77,27340.91,34782.64
3700.0,31279.72,27553.87,35005.57
3705.0,31497.67,27766.83,35228.52
3710.0,31708.75,27971.84,35445.67
3715.0,31926.70,28184.77,35668.63
3720.0,32144.65,28397.70,35891.61
3725.0,32362.60,28610.61,36114.59
3730.0,32580.55,28823.52,36337.59
3735.0,32798.50,29036.41,36560.59
3740.0,33016.87,29249.73,36784.00
3745.0,33235.23,29463.05,37007.42
3750.0,33453.60,29676.35,37230.85
3755.0,33671.96,29889.64,37454.29
3760.0,33890.66,30103.27,37678.06
3765.0,34109.36,30316.89,37901.84
3770.0,34328.07,30530.50,38125.63
3775.0,34546.77,30744.10,38349.44
3780.0,34765.47,30957.69,38573.25
3785.0,34984.17,31171.27,38797.07
3790.0,35202.87,31384.84,39020.90
3795.0,35421.57,31598.40,39244.74
3800.0,35640.27,31811.95,39468.59
3805.0,35858.98,32025.49,39692.46
3810.0,36077.68,32239.03,39916.33
3815.0,36296.38,32452.55,40140.21
3820.0,36515.08,32666.06,40364.10
3825.0,36733.78,32879.56,40588.00
3830.0,36952.90,33093.53,40812.26
3835.0,37172.01,33307.49,41036.54
3840.0,37391.13,33521.44,41260.82
3845.0,37610.25,33735.38,41485.11
3850.0,37829.36,33949.31,41709.41
3855.0,38048.48,34163.23,41933.73
3860.0,38267.60,34377.14,42158.05
3865.0,38486.71,34591.04,42382.38
3870.0,38705.83,34804.94,42606.72
3875.0,38924.95,35018.82,42831.07
3880.0,39144.48,35233.05,43055.90
3885.0,39364.01,35447.28,43280.74
3890.0,39583.54,35661.50,43505.58
3895.0,39803.07,35875.71,43730.44
3900.0,40022.60,36089.91,43955.30
3905.0,40242.55,36304.53,44180.58
3910.0,40462.50,36519.13,44405.86
3915.0,40682.44,36733.73,44631.16
3920.0,40902.39,36948.32,44856.46
3925.0,41123.04,37163.61,45082.47
3930.0,41343.69,37378.89,45308.49
3935.0,41564.68,37594.55,45534.81
3940.0,41785.66,37810.19,45761.14
3945.0,42006.65,38025.82,45987.48
3950.0,42227.64,38241.45,46213.83
3955.0,42448.62,38457.06,46440.19
3960.0,42669.61,38672.67,46666.55
3965.0,42890.60,38888.26,46892.93
3970.0,43111.58,39103.85,47119.32
3975.0,43332.57,39319.43,47345.71
3980.0,43553.56,39535.00,47572.11
3985.0,43774.54,39750.56,47798.53
3990.0,43995.53,39966.11,48024.95
3995.0,44216.52,40181.65,48251.38
4000.0,44437.50,40397.19,48477.82
