episodes,mean,ci_down,ci_up
0.0,-453.01,-545.99,-360.03
5.0,-1580.00,-1707.22,-1452.77
10.0,-1434.00,-1590.36,-1277.64
15.0,-1001.80,-1181.61,-822.00
20.0,-878.11,-1051.30,-704.92
25.0,-671.52,-845.83,-497.21
30.0,-301.45,-429.43,-173.47
35.0,-422.98,-570.54,-275.42
40.0,-388.42,-519.60,-257.23
45.0,-235.78,-349.01,-122.55
50.0,-293.56,-405.30,-181.82
55.0,-202.91,-306.56,-99.27
60.0,-177.27,-264.57,-89.96
65.0,-74.54,-133.23,-15.86
70.0,-193.19,-288.79,-97.60
75.0,-123.86,-200.24,-47.48
80.0,-121.58,-199.94,-43.21
85.0,-87.32,-151.56,-23.08
90.0,-70.83,-126.96,-14.69
95.0,-107.18,-173.21,-41.15
100.0,-69.24,-121.59,-16.90
105.0,-93.32,-152.01,-34.63
110.0,-70.48,-125.55,-15.41
115.0,-76.30,-137.11,-15.48
120.0,-76.95,-135.98,-17.92
125.0,-53.91,-106.01,-1.80
130.0,-49.54,-94.01,-5.07
135.0,-69.84,-120.50,-19.19
140.0,-45.61,-85.96,-5.27
145.0,-62.26,-114.77,-9.74
150.0,-51.83,-100.50,-3.15
155.0,-20.72,-41.76,0.32
160.0,-35.42,-70.97,0.12
165.0,-24.70,-53.56,4.16
170.0,-21.69,-44.63,1.25
175.0,-43.12,-78.90,-7.33
180.0,-26.54,-47.38,-5.69
185.0,-31.56,-61.49,-1.62
190.0,-17.81,-33.15,-2.48
195.0,-12.45,-17.27,-7.64
200.0,-24.10,-44.11,-4.10
205.0,-40.57,-74.89,-6.24
210.0,-21.71,-39.70,-3.72
215.0,-17.81,-33.15,-2.48
220.0,-10.00,-10.00,-10.00
225.0,-23.76,-47.02,-0.50
230.0,-29.25,-55.85,-2.66
235.0,-28.62,-54.35,-2.89
240.0,-30.41,-54.33,-6.50
245.0,-37.84,-72.46,-3.22
250.0,-41.14,-76.59,-5.69
255.0,-37.18,-68.43,-5.93
260.0,-52.39,-90.38,-14.40
265.0,-90.00,-141.90,-38.11
270.0,-82.96,-135.18,-30.73
275.0,-80.15,-132.24,-28.07
280.0,-60.69,-103.02,-18.37
285.0,-104.24,-162.43,-46.05
290.0,-60.16,-102.25,-18.06
295.0,-69.17,-114.28,-24.05
300.0,-119.06,-175.35,-62.78
305.0,-130.32,-191.52,-69.12
310.0,-137.13,-198.70,-75.56
315.0,-118.16,-174.44,-61.87
320.0,-115.72,-177.10,-54.34
325.0,-89.74,-136.23,-43.25
330.0,-94.53,-147.87,-41.19
335.0,-151.95,-216.70,-87.20
340.0,-162.39,-232.65,-92.14
345.0,-189.85,-262.93,-116.77
350.0,-156.22,-223.28,-89.16
355.0,-169.12,-238.80,-99.45
360.0,-185.21,-256.92,-113.49
365.0,-168.65,-235.98,-101.32
370.0,-140.68,-199.12,-82.25
375.0,-192.82,-265.39,-120.24
380.0,-155.25,-220.43,-90.06
385.0,-169.15,-235.54,-102.76
390.0,-162.72,-228.45,-96.98
395.0,-158.34,-222.57,-94.11
400.0,-142.75,-202.79,-82.71
405.0,-135.71,-196.89,-74.53
410.0,-178.39,-247.97,-108.82
415.0,-186.27,-256.62,-115.92
420.0,-136.87,-196.74,-77.01
425.0,-166.74,-229.58,-103.90
430.0,-130.85,-187.69,-74.02
435.0,-112.87,-167.47,-58.27
440.0,-120.93,-172.52,-69.34
445.0,-150.12,-212.78,-87.46
450.0,-147.06,-209.46,-84.67
455.0,-167.49,-238.94,-96.05
460.0,-146.44,-205.87,-87.01
465.0,-146.69,-209.74,-83.63
470.0,-158.25,-222.63,-93.87
475.0,-165.49,-231.68,-99.31
480.0,-150.57,-211.88,-89.26
485.0,-109.31,-158.76,-59.85
490.0,-127.12,-182.88,-71.36
495.0,-158.02,-219.88,-96.17
500.0,-124.13,-181.43,-66.84
505.0,-132.01,-191.91,-72.10
510.0,-199.82,-275.17,-124.47
515.0,-126.98,-185.68,-68.29
520.0,-150.62,-214.06,-87.18
525.0,-142.93,-204.84,-81.03
530.0,-108.58,-162.21,-54.94
535.0,-100.71,-153.07,-48.36
540.0,-151.76,-214.31,-89.21
545.0,-165.86,-231.13,-100.59
550.0,-159.00,-223.00,-95.00
555.0,-137.62,-196.20,-79.04
560.0,-127.87,-187.23,-68.51
565.0,-142.36,-205.48,-79.23
570.0,-174.48,-245.80,-103.16
575.0,-138.90,-196.30,-81.50
580.0,-140.32,-198.86,-81.78
585.0,-119.44,-168.70,-70.19
590.0,-138.43,-195.03,-81.84
595.0,-167.57,-231.92,-103.23
600.0,-138.67,-197.86,-79.49
605.0,-156.70,-216.42,-96.97
610.0,-113.19,-165.10,-61.28
615.0,-144.80,-203.88,-85.72
620.0,-167.32,-229.75,-104.89
625.0,-160.02,-223.20,-96.85
630.0,-117.97,-171.76,-64.18
635.0,-115.80,-173.03,-58.57
640.0,-123.82,-180.02,-67.63
645.0,-103.14,-148.78,-57.50
650.0,-73.36,-113.68,-33.03
655.0,-86.52,-133.39,-39.65
660.0,-99.36,-144.45,-54.27
665.0,-102.95,-153.22,-52.67
670.0,-92.11,-139.51,-44.72
675.0,-83.58,-129.15,-38.01
680.0,-72.53,-114.44,-30.63
685.0,-97.36,-144.30,-50.42
690.0,-91.17,-137.93,-44.42
695.0,-76.28,-122.31,-30.25
700.0,-90.09,-136.98,-43.20
705.0,-72.23,-117.26,-27.21
710.0,-52.93,-89.45,-16.41
715.0,-61.08,-101.51,-20.65
720.0,-41.68,-70.78,-12.58
725.0,-47.63,-81.30,-13.96
730.0,-76.69,-124.51,-28.87
735.0,-59.71,-102.37,-17.04
740.0,-49.44,-85.43,-13.45
745.0,-64.39,-103.57,-25.22
750.0,-62.57,-99.28,-25.87
755.0,-71.91,-115.27,-28.55
760.0,-69.22,-111.42,-27.02
765.0,-59.06,-92.77,-25.35
770.0,-44.15,-75.18,-13.12
775.0,-62.28,-99.74,-24.81
780.0,-28.35,-48.51,-8.19
785.0,-55.28,-91.31,-19.25
790.0,-34.21,-56.33,-12.08
795.0,-56.83,-91.88,-21.77
800.0,-40.81,-74.80,-6.82
805.0,-33.94,-62.45,-5.44
810.0,-24.97,-39.44,-10.50
815.0,-49.47,-82.74,-16.21
820.0,-26.19,-45.09,-7.29
825.0,-26.06,-45.03,-7.09
830.0,-20.06,-37.32,-2.80
835.0,-30.17,-51.53,-8.81
840.0,-14.04,-22.76,-5.31
845.0,-19.56,-31.80,-7.33
850.0,-29.28,-48.00,-10.55
855.0,-30.92,-50.91,-10.93
860.0,-16.08,-28.01,-4.15
865.0,-17.81,-33.15,-2.48
870.0,-21.94,-34.69,-9.19
875.0,-30.09,-48.22,-11.96
880.0,-33.89,-56.43,-11.35
885.0,-17.81,-28.62,-7.01
890.0,-17.81,-28.62,-7.01
895.0,-14.11,-22.19,-6.04
900.0,-14.11,-22.19,-6.04
905.0,-17.90,-28.95,-6.85
910.0,-14.57,-23.54,-5.60
915.0,-20.19,-35.99,-4.39
920.0,-16.21,-28.40,-4.02
925.0,-20.81,-37.01,-4.60
930.0,-18.78,-31.40,-6.16
935.0,-22.97,-42.72,-3.22
940.0,-16.64,-25.83,-7.46
945.0,-24.99,-45.60,-4.37
950.0,-27.40,-48.90,-5.90
955.0,-34.35,-59.97,-8.73
960.0,-42.67,-70.01,-15.33
965.0,-33.51,-56.56,-10.46
970.0,-32.15,-55.17,-9.12
975.0,-33.98,-57.13,-10.83
980.0,-29.32,-51.20,-7.44
985.0,-24.70,-45.59,-3.81
990.0,-29.47,-52.55,-6.39
995.0,-25.16,-40.45,-9.87
1000.0,-11.69,-18.50,-4.89
1005.0,-26.50,-49.54,-3.46
1010.0,-23.17,-43.05,-3.28
1015.0,-19.47,-38.05,-0.88
1020.0,-22.01,-41.20,-2.82
1025.0,-28.10,-50.03,-6.16
1030.0,-12.15,-18.28,-6.01
1035.0,-19.65,-35.38,-3.93
1040.0,-31.58,-52.02,-11.14
1045.0,-24.43,-38.97,-9.89
1050.0,-21.21,-34.24,-8.18
1055.0,-28.76,-46.65,-10.87
1060.0,-30.82,-51.55,-10.09
1065.0,-20.99,-33.41,-8.58
1070.0,-26.61,-49.16,-4.06
1075.0,-23.39,-46.54,-0.24
1080.0,-16.14,-24.81,-7.48
1085.0,-14.11,-22.19,-6.04
1090.0,-22.12,-38.92,-5.31
1095.0,-13.52,-20.43,-6.61
1100.0,-10.00,-10.00,-10.00
1105.0,-22.82,-37.94,-7.70
1110.0,-14.80,-21.26,-8.34
1115.0,-20.95,-33.06,-8.85
1120.0,-17.95,-27.23,-8.67
1125.0,-21.91,-45.29,1.47
1130.0,-21.50,-37.22,-5.78
1135.0,-37.81,-64.04,-11.57
1140.0,-33.19,-58.17,-8.21
1145.0,-28.50,-49.28,-7.72
1150.0,-15.52,-29.67,-1.38
1155.0,-14.11,-22.19,-6.04
1160.0,-18.10,-30.89,-5.31
1165.0,-14.11,-22.19,-6.04
1170.0,-10.00,-10.00,-10.00
1175.0,-10.00,-10.00,-10.00
1180.0,-10.00,-10.00,-10.00
1185.0,-14.11,-22.19,-6.04
1190.0,-13.70,-20.97,-6.44
1195.0,-18.68,-35.72,-1.64
1200.0,-15.13,-25.19,-5.06
1205.0,-18.97,-36.59,-1.36
1210.0,-10.00,-10.00,-10.00
1215.0,-13.33,-19.87,-6.79
1220.0,-21.60,-34.74,-8.47
1225.0,-7.70,-12.21,-3.19
1230.0,-10.25,-17.02,-3.48
1235.0,-17.18,-28.95,-5.42
1240.0,-22.96,-41.95,-3.97
1245.0,-39.01,-65.60,-12.43
1250.0,-21.59,-35.65,-7.54
1255.0,-14.89,-23.10,-6.69
1260.0,-20.44,-35.19,-5.69
1265.0,-26.50,-48.65,-4.35
1270.0,-31.36,-55.96,-6.76
1275.0,-34.40,-59.36,-9.44
1280.0,-29.83,-53.27,-6.39
1285.0,-29.83,-53.27,-6.39
1290.0,-19.39,-37.82,-0.96
1295.0,-25.03,-46.43,-3.63
1300.0,-35.15,-64.15,-6.15
1305.0,-28.07,-53.04,-3.10
1310.0,-18.68,-35.72,-1.64
1315.0,-18.68,-35.72,-1.64
1320.0,-18.48,-38.30,1.34
1325.0,-22.79,-41.58,-4.01
1330.0,-55.76,-96.86,-14.66
1335.0,-28.17,-53.56,-2.78
1340.0,-19.75,-33.39,-6.12
1345.0,-40.07,-66.67,-13.47
1350.0,-32.84,-58.91,-6.78
1355.0,-32.76,-56.04,-9.49
1360.0,-42.19,-75.04,-9.33
1365.0,-18.70,-31.24,-6.16
1370.0,-36.05,-63.03,-9.07
1375.0,-40.62,-71.42,-9.81
1380.0,-29.08,-51.03,-7.14
1385.0,-28.89,-50.91,-6.88
1390.0,-30.75,-50.25,-11.24
1395.0,-37.92,-61.34,-14.49
1400.0,-20.99,-35.23,-6.75
1405.0,-20.99,-35.23,-6.75
1410.0,-30.18,-57.15,-3.22
1415.0,-29.29,-56.60,-1.99
1420.0,-28.85,-61.12,3.42
1425.0,-10.78,-12.32,-9.25
1430.0,-10.78,-12.32,-9.25
1435.0,-18.68,-35.72,-1.64
1440.0,-18.68,-35.72,-1.64
1445.0,-13.78,-25.48,-2.08
1450.0,-9.11,-10.86,-7.36
1455.0,-6.90,-11.66,-2.13
1460.0,-12.62,-24.71,-0.53
1465.0,-14.84,-26.04,-3.64
1470.0,-9.71,-12.11,-7.32
1475.0,-20.72,-41.76,0.32
1480.0,-10.00,-10.00,-10.00
1485.0,-10.00,-10.00,-10.00
1490.0,-10.00,-10.00,-10.00
1495.0,-10.00,-10.00,-10.00
1500.0,-14.08,-32.36,4.19
1505.0,-11.78,-30.62,7.06
1510.0,-17.42,-29.56,-5.27
1515.0,-26.32,-48.68,-3.96
1520.0,-24.05,-46.02,-2.08
1525.0,-15.14,-26.48,-3.80
1530.0,-13.33,-19.87,-6.79
1535.0,-17.03,-26.76,-7.31
1540.0,-24.61,-41.42,-7.80
1545.0,-23.54,-39.07,-8.01
1550.0,-11.03,-19.01,-3.05
1555.0,-9.17,-17.96,-0.38
1560.0,-11.47,-18.99,-3.94
1565.0,-17.16,-30.62,-3.71
1570.0,-16.73,-30.45,-3.01
1575.0,-7.21,-18.49,4.07
1580.0,-5.40,-11.75,0.95
1585.0,-3.54,-10.82,3.75
1590.0,-22.99,-46.28,0.30
1595.0,-15.18,-29.68,-0.68
1600.0,-17.91,-32.85,-2.97
1605.0,-7.70,-12.21,-3.19
1610.0,-10.00,-10.00,-10.00
1615.0,-13.34,-25.34,-1.34
1620.0,-3.10,-10.84,4.64
1625.0,-16.35,-34.12,1.41
1630.0,-13.21,-29.90,3.47
1635.0,-3.10,-10.84,4.64
1640.0,-5.40,-11.75,0.95
1645.0,-7.70,-12.21,-3.19
1650.0,-7.70,-12.21,-3.19
1655.0,-9.97,-16.35,-3.59
1660.0,-10.00,-10.00,-10.00
1665.0,-17.03,-30.84,-3.23
1670.0,-17.03,-30.84,-3.23
1675.0,-9.55,-14.16,-4.94
1680.0,-10.00,-10.00,-10.00
1685.0,-13.82,-36.37,8.73
1690.0,-18.14,-42.20,5.92
1695.0,-14.27,-27.37,-1.16
1700.0,-12.02,-21.66,-2.38
1705.0,-18.89,-31.16,-6.61
1710.0,-18.89,-31.16,-6.61
1715.0,-14.10,-22.59,-5.61
1720.0,-13.06,-29.11,3.00
1725.0,-15.36,-30.74,0.02
1730.0,-5.40,-11.75,0.95
1735.0,-3.64,-10.80,3.53
1740.0,-3.64,-10.80,3.53
1745.0,-11.58,-24.07,0.91
1750.0,-15.64,-26.72,-4.57
1755.0,-17.66,-32.31,-3.01
1760.0,-5.94,-11.57,-0.31
1765.0,-6.47,-12.40,-0.54
1770.0,-4.59,-12.20,3.02
1775.0,-3.22,-12.65,6.20
1780.0,-6.98,-19.64,5.68
1785.0,-3.22,-12.65,6.20
1790.0,-11.44,-20.09,-2.78
1795.0,-7.85,-15.88,0.17
1800.0,-1.24,-9.74,7.27
1805.0,6.10,-5.48,17.68
1810.0,3.80,-6.98,14.58
1815.0,6.10,-5.48,17.68
1820.0,8.40,-3.91,20.71
1825.0,7.96,-4.08,20.01
1830.0,10.26,-2.47,23.00
1835.0,7.96,-4.08,20.01
1840.0,5.66,-5.63,16.95
1845.0,-4.91,-17.04,7.22
1850.0,-20.01,-41.98,1.97
1855.0,-3.32,-15.82,9.19
1860.0,0.80,-8.57,10.16
1865.0,1.50,-8.39,11.39
1870.0,3.80,-6.98,14.58
1875.0,8.40,-3.91,20.71
1880.0,6.10,-5.48,17.68
1885.0,18.02,3.03,33.00
1890.0,20.73,5.01,36.45
1895.0,14.25,-0.15,28.64
1900.0,13.81,-0.37,27.99
1905.0,4.71,-17.65,27.07
1910.0,11.09,-2.21,24.40
1915.0,6.52,-5.38,18.42
1920.0,7.96,-4.08,20.01
1925.0,9.64,-2.98,22.27
1930.0,11.53,-1.47,24.52
1935.0,14.99,1.35,28.62
1940.0,17.48,2.75,32.21
1945.0,19.78,4.53,35.02
1950.0,22.49,6.54,38.45
1955.0,22.49,6.54,38.45
1960.0,13.20,-4.66,31.06
1965.0,20.73,5.01,36.45
1970.0,20.73,5.01,36.45
1975.0,29.06,11.95,46.16
1980.0,20.73,5.01,36.45
1985.0,24.46,8.19,40.73
1990.0,16.10,-3.38,35.58
1995.0,20.62,5.56,35.69
2000.0,27.15,10.78,43.51
2005.0,31.66,14.55,48.77
2010.0,37.12,18.94,55.29
2015.0,34.82,16.99,52.65
2020.0,27.19,10.32,44.07
2025.0,34.65,16.81,52.50
2030.0,34.43,16.68,52.17
2035.0,39.77,20.68,58.86
2040.0,42.07,22.68,61.46
2045.0,39.50,13.72,65.27
2050.0,33.33,8.25,58.41
2055.0,41.43,22.29,60.57
2060.0,43.73,24.30,63.16
2065.0,46.45,26.59,66.31
2070.0,48.75,28.63,68.86
2075.0,51.05,30.68,71.41
2080.0,48.75,28.63,68.86
2085.0,50.45,30.17,70.74
2090.0,43.89,21.42,66.35
2095.0,55.77,34.84,76.70
2100.0,49.44,25.33,73.55
2105.0,49.73,25.55,73.91
2110.0,55.52,34.67,76.37
2115.0,53.72,32.92,74.51
2120.0,48.49,23.51,73.48
2125.0,56.21,33.32,79.11
2130.0,58.05,36.89,79.21
2135.0,62.65,41.12,84.18
2140.0,64.32,42.70,85.93
2145.0,64.68,43.03,86.34
2150.0,65.52,43.60,87.43
2155.0,71.72,49.48,93.97
2160.0,77.40,55.05,99.75
2165.0,73.56,51.28,95.83
2170.0,67.03,43.36,90.70
2175.0,72.04,47.99,96.10
2180.0,74.81,52.21,97.40
2185.0,71.60,46.91,96.28
2190.0,72.36,47.87,96.85
2195.0,74.30,49.75,98.84
2200.0,74.61,52.12,97.10
2205.0,80.40,57.77,103.04
2210.0,81.39,58.61,104.17
2215.0,84.36,61.71,107.02
2220.0,80.77,58.11,103.42
2225.0,78.47,55.97,100.97
2230.0,82.40,59.82,104.97
2235.0,87.67,65.15,110.19
2240.0,82.89,60.56,105.22
2245.0,86.35,64.06,108.63
2250.0,92.81,70.39,115.23
2255.0,96.12,73.52,118.71
2260.0,94.07,71.52,116.63
2265.0,86.30,63.73,108.87
2270.0,90.46,67.84,113.09
2275.0,90.80,68.12,113.48
2280.0,88.79,66.11,111.47
2285.0,93.10,70.31,115.88
2290.0,95.81,72.89,118.74
2295.0,101.05,78.30,123.80
2300.0,99.84,76.96,122.72
2305.0,100.29,77.26,123.32
2310.0,109.64,86.88,132.39
2315.0,107.63,84.81,130.44
2320.0,100.53,71.71,129.35
2325.0,109.05,86.08,132.02
2330.0,114.67,91.96,137.38
2335.0,102.24,75.03,129.46
2340.0,94.81,67.51,122.11
2345.0,107.48,84.67,130.29
2350.0,110.14,87.58,132.70
2355.0,106.16,83.48,128.85
2360.0,107.46,84.89,130.03
2365.0,113.40,91.03,135.77
2370.0,112.95,90.61,135.28
2375.0,114.13,91.73,136.53
2380.0,112.23,89.72,134.73
2385.0,119.14,96.80,141.48
2390.0,117.51,95.04,139.99
2395.0,117.07,94.66,139.49
2400.0,118.67,96.39,140.95
2405.0,125.25,103.15,147.34
2410.0,133.32,111.75,154.90
2415.0,132.27,110.42,154.12
2420.0,130.85,108.79,152.91
2425.0,129.25,107.02,151.48
2430.0,128.44,106.35,150.52
2435.0,127.43,105.42,149.44
2440.0,126.58,104.71,148.45
2445.0,132.73,111.55,153.90
2450.0,131.83,110.40,153.26
2455.0,136.52,115.65,157.40
2460.0,135.80,114.95,156.65
2465.0,138.58,117.85,159.32
2470.0,136.36,115.11,157.61
2475.0,135.48,113.96,157.00
2480.0,146.75,126.40,167.10
2485.0,146.75,126.40,167.10
2490.0,150.36,130.47,170.24
2495.0,151.32,131.24,171.40
2500.0,151.49,131.38,171.60
2505.0,157.46,138.06,176.85
2510.0,148.96,128.65,169.28
2515.0,148.42,128.22,168.61
2520.0,151.13,131.07,171.20
2525.0,153.23,133.41,173.05
2530.0,158.43,139.43,177.44
2535.0,156.93,137.59,176.27
2540.0,163.51,145.33,181.69
2545.0,161.96,143.48,180.43
2550.0,168.60,150.98,186.22
2555.0,163.07,144.50,181.65
2560.0,168.77,151.05,186.49
2565.0,168.77,151.05,186.49
2570.0,167.69,150.06,185.31
2575.0,168.47,150.73,186.21
2580.0,173.15,156.56,189.73
2585.0,174.73,158.23,191.24
2590.0,174.21,157.72,190.70
2595.0,172.98,156.13,189.82
2600.0,180.65,165.38,195.92
2605.0,178.64,162.92,194.36
2610.0,179.64,163.95,195.34
2615.0,178.48,162.34,194.63
2620.0,179.70,164.05,195.35
2625.0,175.77,159.29,192.25
2630.0,177.39,160.95,193.83
2635.0,175.09,158.27,191.92
2640.0,175.09,158.27,191.92
2645.0,180.50,164.79,196.20
2650.0,185.83,171.39,200.27
2655.0,186.40,172.02,200.79
2660.0,188.03,174.17,201.90
2665.0,191.90,179.16,204.63
2670.0,191.90,179.16,204.63
2675.0,194.79,183.26,206.31
2680.0,193.19,181.01,205.37
2685.0,192.98,180.20,205.77
2690.0,192.71,179.88,205.54
2695.0,190.85,177.41,204.28
2700.0,189.55,175.62,203.49
2705.0,189.22,175.24,203.20
2710.0,189.22,175.24,203.20
2715.0,186.50,172.06,200.95
2720.0,186.87,172.38,201.35
2725.0,185.58,170.64,200.51
2730.0,179.74,157.23,202.24
2735.0,190.70,177.35,204.05
2740.0,193.83,180.95,206.70
2745.0,195.46,183.20,207.71
2750.0,199.08,188.17,210.00
2755.0,199.08,188.17,210.00
2760.0,199.05,188.13,209.97
2765.0,199.05,188.13,209.97
2770.0,201.03,190.81,211.26
2775.0,199.74,188.82,210.66
2780.0,199.74,188.82,210.66
2785.0,199.47,188.48,210.45
2790.0,201.10,190.88,211.31
2795.0,201.10,190.88,211.31
2800.0,199.50,188.52,210.48
2805.0,199.50,188.52,210.48
2810.0,199.50,188.52,210.48
2815.0,199.50,188.52,210.48
2820.0,201.10,190.88,211.31
2825.0,201.10,190.88,211.31
2830.0,201.10,190.88,211.31
2835.0,201.10,190.88,211.31
2840.0,201.10,190.88,211.31
2845.0,202.14,192.05,212.22
2850.0,202.14,192.05,212.22
2855.0,202.14,192.05,212.22
2860.0,203.43,194.12,212.74
2865.0,201.43,191.30,211.56
2870.0,201.43,191.30,211.56
2875.0,201.77,191.73,211.81
2880.0,201.77,191.73,211.81
2885.0,203.34,194.14,212.53
2890.0,198.63,184.45,212.81
2895.0,197.06,182.34,211.79
2900.0,197.06,182.34,211.79
2905.0,185.66,159.97,211.36
2910.0,186.37,160.67,212.06
2915.0,192.37,169.25,215.48
2920.0,193.93,171.15,216.72
2925.0,193.93,171.15,216.72
2930.0,193.93,171.15,216.72
2935.0,193.93,171.15,216.72
2940.0,192.59,167.34,217.85
2945.0,198.75,183.18,214.32
2950.0,198.75,183.18,214.32
2955.0,198.75,183.18,214.32
2960.0,206.04,197.70,214.37
2965.0,206.04,197.70,214.37
2970.0,206.74,198.47,215.00
2975.0,207.07,198.83,215.32
2980.0,207.07,198.83,215.32
2985.0,207.07,198.83,215.32
2990.0,207.07,198.83,215.32
2995.0,207.49,199.18,215.80
3000.0,207.49,199.18,215.80
3005.0,207.91,199.53,216.28
3010.0,207.91,199.53,216.28
3015.0,208.61,200.18,217.04
3020.0,208.61,200.18,217.04
3025.0,209.02,200.53,217.52
3030.0,209.44,201.02,217.86
3035.0,209.44,201.02,217.86
3040.0,209.44,201.02,217.86
3045.0,209.44,201.02,217.86
3050.0,209.44,201.02,217.86
3055.0,209.19,200.66,217.73
3060.0,209.19,200.66,217.73
3065.0,209.19,200.66,217.73
3070.0,209.19,200.66,217.73
3075.0,209.76,201.39,218.14
3080.0,209.76,201.39,218.14
3085.0,210.01,201.76,218.26
3090.0,210.01,201.76,218.26
3095.0,210.01,201.76,218.26
3100.0,210.01,201.76,218.26
3105.0,210.01,201.76,218.26
3110.0,210.01,201.76,218.26
3115.0,210.01,201.76,218.26
3120.0,210.01,201.76,218.26
3125.0,208.38,199.13,217.63
3130.0,210.01,201.76,218.26
3135.0,211.02,202.96,219.07
3140.0,200.03,177.19,222.88
3145.0,200.03,177.19,222.88
3150.0,204.15,188.59,219.70
3155.0,211.02,202.96,219.07
3160.0,211.02,202.96,219.07
3165.0,211.72,203.75,219.69
3170.0,211.72,203.75,219.69
3175.0,211.72,203.75,219.69
3180.0,211.72,203.75,219.69
3185.0,211.72,203.75,219.69
3190.0,211.72,203.75,219.69
3195.0,211.72,203.75,219.69
3200.0,211.72,203.75,219.69
3205.0,211.72,203.75,219.69
3210.0,211.72,203.75,219.69
3215.0,211.72,203.75,219.69
3220.0,211.72,203.75,219.69
3225.0,212.16,204.29,220.04
3230.0,212.16,204.29,220.04
3235.0,212.16,204.29,220.04
3240.0,212.16,204.29,220.04
3245.0,212.50,204.66,220.34
3250.0,212.50,204.66,220.34
3255.0,212.50,204.66,220.34
3260.0,212.50,204.66,220.34
3265.0,212.50,204.66,220.34
3270.0,212.50,204.66,220.34
3275.0,212.50,204.66,220.34
3280.0,210.87,201.97,219.77
3285.0,212.50,204.66,220.34
3290.0,212.50,204.66,220.34
3295.0,212.50,204.66,220.34
3300.0,212.50,204.66,220.34
3305.0,213.25,205.39,221.12
3310.0,213.25,205.39,221.12
3315.0,213.25,205.39,221.12
3320.0,213.25,205.39,221.12
3325.0,213.25,205.39,221.12
3330.0,213.25,205.39,221.12
3335.0,213.25,205.39,221.12
3340.0,213.25,205.39,221.12
3345.0,213.25,205.39,221.12
3350.0,213.25,205.39,221.12
3355.0,213.25,205.39,221.12
3360.0,213.25,205.39,221.12
3365.0,213.25,205.39,221.12
3370.0,213.67,205.89,221.44
3375.0,213.67,205.89,221.44
3380.0,213.67,205.89,221.44
3385.0,213.67,205.89,221.44
3390.0,213.67,205.89,221.44
3395.0,214.08,206.25,221.91
3400.0,214.08,206.25,221.91
3405.0,214.50,206.61,222.38
3410.0,214.50,206.61,222.38
3415.0,214.91,206.97,222.85
3420.0,214.91,206.97,222.85
3425.0,214.91,206.97,222.85
3430.0,214.91,206.97,222.85
3435.0,214.91,206.97,222.85
3440.0,214.91,206.97,222.85
3445.0,214.91,206.97,222.85
3450.0,215.25,207.44,223.06
3455.0,215.25,207.44,223.06
3460.0,215.25,207.44,223.06
3465.0,215.25,207.44,223.06
3470.0,215.25,207.44,223.06
3475.0,215.25,207.44,223.06
3480.0,215.25,207.44,223.06
3485.0,215.25,207.44,223.06
3490.0,215.25,207.44,223.06
3495.0,215.25,207.44,223.06
3500.0,215.66,207.80,223.53
3505.0,215.66,207.80,223.53
3510.0,215.66,207.80,223.53
3515.0,216.08,208.17,223.99
3520.0,216.08,208.17,223.99
3525.0,216.08,208.17,223.99
3530.0,216.08,208.17,223.99
3535.0,216.08,208.17,223.99
3540.0,216.08,208.17,223.99
3545.0,216.08,208.17,223.99
3550.0,216.08,208.17,223.99
3555.0,216.08,208.17,223.99
3560.0,216.08,208.17,223.99
3565.0,216.08,208.17,223.99
3570.0,216.08,208.17,223.99
3575.0,216.83,208.91,224.75
3580.0,216.83,208.91,224.75
3585.0,216.83,208.91,224.75
3590.0,216.83,208.91,224.75
3595.0,216.83,208.91,224.75
3600.0,216.83,208.91,224.75
3605.0,216.83,208.91,224.75
3610.0,216.83,208.91,224.75
3615.0,217.53,209.58,225.49
3620.0,217.53,209.58,225.49
3625.0,217.53,209.58,225.49
3630.0,217.53,209.58,225.49
3635.0,217.53,209.58,225.49
3640.0,217.53,209.58,225.49
3645.0,217.53,209.58,225.49
3650.0,217.53,209.58,225.49
3655.0,217.53,209.58,225.49
3660.0,216.24,207.32,225.16
3665.0,216.24,207.32,225.16
3670.0,217.53,209.58,225.49
3675.0,217.53,209.58,225.49
3680.0,217.53,209.58,225.49
3685.0,217.53,209.58,225.49
3690.0,217.53,209.58,225.49
3695.0,217.53,209.58,225.49
3700.0,217.95,209.95,225.95
3705.0,217.95,209.95,225.95
3710.0,211.08,195.44,226.72
3715.0,217.95,209.95,225.95
3720.0,217.95,209.95,225.95
3725.0,217.95,209.95,225.95
3730.0,217.95,209.95,225.95
3735.0,217.95,209.95,225.95
3740.0,218.36,210.32,226.41
3745.0,218.36,210.32,226.41
3750.0,218.36,210.32,226.41
3755.0,218.36,210.32,226.41
3760.0,218.70,210.70,226.71
3765.0,218.70,210.70,226.71
3770.0,218.70,210.70,226.71
3775.0,218.70,210.70,226.71
3780.0,218.70,210.70,226.71
3785.0,218.70,210.70,226.71
3790.0,218.70,210.70,226.71
3795.0,218.70,210.70,226.71
3800.0,218.70,210.70,226.71
3805.0,218.70,210.70,226.71
3810.0,218.70,210.70,226.71
3815.0,218.70,210.70,226.71
3820.0,218.70,210.70,226.71
3825.0,218.70,210.70,226.71
3830.0,219.12,211.07,227.17
3835.0,219.12,211.07,227.17
3840.0,219.12,211.07,227.17
3845.0,219.12,211.07,227.17
3850.0,219.12,211.07,227.17
3855.0,219.12,211.07,227.17
3860.0,219.12,211.07,227.17
3865.0,219.12,211.07,227.17
3870.0,219.12,211.07,227.17
3875.0,219.12,211.07,227.17
3880.0,219.53,211.44,227.62
3885.0,219.53,211.44,227.62
3890.0,219.53,211.44,227.62
3895.0,219.53,211.44,227.62
3900.0,219.53,211.44,227.62
3905.0,219.95,211.81,228.08
3910.0,219.95,211.81,228.08
3915.0,219.95,211.81,228.08
3920.0,219.95,211.81,228.08
3925.0,220.65,212.50,228.80
3930.0,220.65,212.50,228.80
3935.0,220.99,212.88,229.10
3940.0,220.99,212.88,229.10
3945.0,220.99,212.88,229.10
3950.0,220.99,212.88,229.10
3955.0,220.99,212.88,229.10
3960.0,220.99,212.88,229.10
3965.0,220.99,212.88,229.10
3970.0,220.99,212.88,229.10
3975.0,220.99,212.88,229.10
3980.0,220.99,212.88,229.10
3985.0,220.99,212.88,229.10
3990.0,220.99,212.88,229.10
3995.0,220.99,212.88,229.10
4000.0,220.99,212.88,229.10
