episodes,mean,ci_down,ci_up
0.0,133.24,115.15,151.33
5.0,20.88,10.32,31.44
10.0,40.48,25.54,55.42
15.0,85.97,66.88,105.06
20.0,94.26,75.02,113.50
25.0,127.05,108.16,145.94
30.0,164.85,149.71,179.99
35.0,152.83,136.03,169.63
40.0,149.37,132.29,166.45
45.0,172.93,159.26,186.60
50.0,157.52,141.46,173.58
55.0,176.58,163.60,189.56
60.0,180.57,168.54,192.60
65.0,194.17,186.60,201.74
70.0,176.86,164.02,189.70
75.0,186.41,175.98,196.84
80.0,188.32,178.48,198.16
85.0,190.51,181.53,199.49
90.0,192.34,184.03,200.65
95.0,188.45,178.70,198.20
100.0,192.46,184.25,200.67
105.0,190.49,181.50,199.48
110.0,194.24,186.74,201.74
115.0,194.21,186.68,201.74
120.0,192.44,184.21,200.67
125.0,198.04,192.57,203.51
130.0,194.51,187.26,201.76
135.0,190.61,181.71,199.51
140.0,192.81,184.90,200.72
145.0,194.22,186.70,201.74
150.0,196.17,189.63,202.71
155.0,200.07,196.28,203.86
160.0,198.11,192.74,203.48
165.0,200.04,196.19,203.89
170.0,200.12,196.43,203.81
175.0,198.20,192.95,203.45
180.0,200.16,196.55,203.77
185.0,198.14,192.81,203.47
190.0,200.10,196.37,203.83
195.0,200.27,196.87,203.67
200.0,198.27,193.12,203.42
205.0,196.27,189.84,202.70
210.0,198.28,193.14,203.42
215.0,200.10,196.37,203.83
220.0,202.00,202.00,202.00
225.0,200.13,196.46,203.80
230.0,198.29,193.16,203.42
235.0,198.19,192.93,203.45
240.0,198.22,193.00,203.44
245.0,200.06,196.25,203.87
250.0,198.17,192.88,203.46
255.0,198.22,193.00,203.44
260.0,196.29,189.88,202.70
265.0,188.70,179.13,198.27
270.0,188.70,179.13,198.27
275.0,190.50,181.52,199.48
280.0,194.51,187.27,201.75
285.0,190.56,181.63,199.49
290.0,196.29,189.88,202.70
295.0,194.41,187.07,201.75
300.0,179.18,166.99,191.37
305.0,184.85,174.09,195.61
310.0,175.51,162.55,188.47
315.0,181.06,169.31,192.81
320.0,182.90,171.60,194.20
325.0,186.81,176.65,196.97
330.0,186.89,176.78,197.00
335.0,173.50,160.11,186.89
340.0,173.43,160.01,186.85
345.0,165.78,151.02,180.54
350.0,171.53,157.75,185.31
355.0,167.80,153.40,182.20
360.0,167.83,153.44,182.22
365.0,171.53,157.76,185.30
370.0,173.89,160.68,187.10
375.0,171.53,157.75,185.31
380.0,173.38,159.94,186.82
385.0,165.99,151.32,180.66
390.0,167.89,153.52,182.26
395.0,169.74,155.67,183.81
400.0,171.62,157.89,185.35
405.0,173.51,160.13,186.89
410.0,169.52,155.36,183.68
415.0,167.62,153.14,182.10
420.0,181.01,169.23,192.79
425.0,171.66,157.94,185.38
430.0,177.63,165.19,190.07
435.0,183.09,171.89,194.29
440.0,181.23,169.57,192.89
445.0,184.75,173.93,195.57
450.0,179.16,166.95,191.37
455.0,173.41,159.98,186.84
460.0,182.95,171.67,194.23
465.0,181.19,169.50,192.88
470.0,179.06,166.80,191.32
475.0,179.06,166.80,191.32
480.0,173.80,160.54,187.06
485.0,183.22,172.10,194.34
490.0,175.81,162.99,188.63
495.0,171.70,158.00,185.40
500.0,182.99,171.74,194.24
505.0,177.41,164.86,189.96
510.0,169.55,155.40,183.70
515.0,179.23,167.06,191.40
520.0,170.06,156.12,184.00
525.0,171.68,157.97,185.39
530.0,179.31,167.18,191.44
535.0,184.89,174.16,195.62
540.0,171.74,158.06,185.42
545.0,173.67,160.36,186.98
550.0,169.88,155.87,183.89
555.0,175.55,162.61,188.49
560.0,175.62,162.72,188.52
565.0,175.52,162.57,188.47
570.0,173.36,159.91,186.81
575.0,177.29,164.68,189.90
580.0,181.02,169.25,192.79
585.0,183.52,172.55,194.49
590.0,181.27,169.63,192.91
595.0,171.67,157.96,185.38
600.0,181.19,169.51,192.87
605.0,177.42,164.87,189.97
610.0,185.10,174.49,195.71
615.0,181.52,170.00,193.04
620.0,175.51,162.55,188.47
625.0,181.00,169.21,192.79
630.0,183.09,171.90,194.28
635.0,184.82,174.04,195.60
640.0,184.87,174.12,195.62
645.0,190.65,181.79,199.51
650.0,194.40,187.05,201.75
655.0,192.56,184.44,200.68
660.0,187.03,177.01,197.05
665.0,188.91,179.49,198.33
670.0,190.76,181.98,199.54
675.0,190.84,182.12,199.56
680.0,191.20,182.75,199.65
685.0,185.28,174.78,195.78
690.0,185.26,174.75,195.77
695.0,192.46,184.25,200.67
700.0,194.30,186.86,201.74
705.0,196.20,189.69,202.71
710.0,196.23,189.76,202.70
715.0,196.22,189.74,202.70
720.0,198.30,193.18,203.42
725.0,196.36,190.03,202.69
730.0,194.28,186.82,201.74
735.0,196.18,189.65,202.71
740.0,196.25,189.80,202.70
745.0,198.17,192.88,203.46
750.0,196.31,189.93,202.69
755.0,192.88,185.02,200.74
760.0,192.81,184.90,200.72
765.0,192.76,184.81,200.71
770.0,198.27,193.11,203.43
775.0,196.29,189.88,202.70
780.0,202.00,202.00,202.00
785.0,198.16,192.86,203.46
790.0,200.17,196.58,203.76
795.0,196.30,189.90,202.70
800.0,198.12,192.76,203.48
805.0,198.16,192.86,203.46
810.0,200.14,196.49,203.79
815.0,196.31,189.93,202.69
820.0,200.10,196.37,203.83
825.0,200.10,196.37,203.83
830.0,198.30,193.19,203.41
835.0,198.30,193.19,203.41
840.0,200.24,196.79,203.69
845.0,199.22,195.24,203.20
850.0,198.39,193.40,203.38
855.0,200.19,196.64,203.74
860.0,200.17,196.58,203.76
865.0,200.11,196.40,203.82
870.0,202.00,202.00,202.00
875.0,198.32,193.24,203.40
880.0,196.51,190.35,202.67
885.0,202.00,202.00,202.00
890.0,202.00,202.00,202.00
895.0,202.00,202.00,202.00
900.0,202.00,202.00,202.00
905.0,202.00,202.00,202.00
910.0,202.00,202.00,202.00
915.0,200.14,196.49,203.79
920.0,200.16,196.55,203.77
925.0,200.14,196.49,203.79
930.0,202.00,202.00,202.00
935.0,200.11,196.40,203.82
940.0,202.00,202.00,202.00
945.0,198.41,193.45,203.37
950.0,198.29,193.17,203.41
955.0,198.27,193.12,203.42
960.0,196.45,190.22,202.68
965.0,200.11,196.40,203.82
970.0,200.11,196.40,203.82
975.0,200.11,196.40,203.82
980.0,198.41,193.45,203.37
985.0,196.59,190.52,202.66
990.0,196.43,190.18,202.68
995.0,200.14,196.49,203.79
1000.0,200.24,196.79,203.69
1005.0,198.23,193.02,203.44
1010.0,200.11,196.40,203.82
1015.0,200.11,196.40,203.82
1020.0,200.11,196.40,203.82
1025.0,198.33,193.26,203.40
1030.0,200.29,196.93,203.65
1035.0,200.10,196.37,203.83
1040.0,200.10,196.37,203.83
1045.0,202.00,202.00,202.00
1050.0,202.00,202.00,202.00
1055.0,198.34,193.28,203.40
1060.0,196.50,190.33,202.67
1065.0,200.22,196.73,203.71
1070.0,198.28,193.14,203.42
1075.0,200.10,196.37,203.83
1080.0,200.36,197.14,203.58
1085.0,202.00,202.00,202.00
1090.0,200.10,196.37,203.83
1095.0,202.00,202.00,202.00
1100.0,202.00,202.00,202.00
1105.0,200.42,197.32,203.52
1110.0,196.83,191.03,202.63
1115.0,196.68,190.71,202.65
1120.0,200.22,196.73,203.71
1125.0,200.06,196.25,203.87
1130.0,200.16,196.55,203.77
1135.0,200.33,197.05,203.61
1140.0,200.11,196.40,203.82
1145.0,198.26,193.10,203.42
1150.0,198.38,193.38,203.38
1155.0,202.00,202.00,202.00
1160.0,200.26,196.84,203.68
1165.0,202.00,202.00,202.00
1170.0,202.00,202.00,202.00
1175.0,202.00,202.00,202.00
1180.0,202.00,202.00,202.00
1185.0,202.00,202.00,202.00
1190.0,202.00,202.00,202.00
1195.0,200.10,196.37,203.83
1200.0,200.14,196.49,203.79
1205.0,200.12,196.43,203.81
1210.0,202.00,202.00,202.00
1215.0,202.00,202.00,202.00
1220.0,202.00,202.00,202.00
1225.0,200.18,196.61,203.75
1230.0,200.18,196.61,203.75
1235.0,200.18,196.61,203.75
1240.0,198.28,193.14,203.42
1245.0,196.40,190.12,202.68
1250.0,202.00,202.00,202.00
1255.0,202.00,202.00,202.00
1260.0,202.00,202.00,202.00
1265.0,202.00,202.00,202.00
1270.0,202.00,202.00,202.00
1275.0,202.00,202.00,202.00
1280.0,202.00,202.00,202.00
1285.0,202.00,202.00,202.00
1290.0,202.00,202.00,202.00
1295.0,202.00,202.00,202.00
1300.0,202.00,202.00,202.00
1305.0,202.00,202.00,202.00
1310.0,202.00,202.00,202.00
1315.0,202.00,202.00,202.00
1320.0,198.36,193.33,203.39
1325.0,200.16,196.55,203.77
1330.0,196.27,189.84,202.70
1335.0,198.26,193.09,203.43
1340.0,202.00,202.00,202.00
1345.0,202.00,202.00,202.00
1350.0,202.00,202.00,202.00
1355.0,202.00,202.00,202.00
1360.0,198.16,192.86,203.46
1365.0,200.26,196.84,203.68
1370.0,200.08,196.31,203.85
1375.0,198.18,192.90,203.46
1380.0,200.14,196.49,203.79
1385.0,202.00,202.00,202.00
1390.0,202.00,202.00,202.00
1395.0,202.00,202.00,202.00
1400.0,202.00,202.00,202.00
1405.0,202.00,202.00,202.00
1410.0,200.08,196.31,203.85
1415.0,198.28,193.14,203.42
1420.0,200.20,196.67,203.73
1425.0,202.00,202.00,202.00
1430.0,202.00,202.00,202.00
1435.0,200.22,196.73,203.71
1440.0,202.00,202.00,202.00
1445.0,200.20,196.67,203.73
1450.0,200.27,196.87,203.67
1455.0,198.46,193.57,203.35
1460.0,198.47,193.59,203.35
1465.0,200.28,196.90,203.66
1470.0,200.26,196.84,203.68
1475.0,200.08,196.31,203.85
1480.0,202.00,202.00,202.00
1485.0,202.00,202.00,202.00
1490.0,202.00,202.00,202.00
1495.0,202.00,202.00,202.00
1500.0,196.46,190.24,202.68
1505.0,194.64,187.53,201.75
1510.0,200.18,196.61,203.75
1515.0,200.08,196.31,203.85
1520.0,200.08,196.31,203.85
1525.0,200.18,196.61,203.75
1530.0,202.00,202.00,202.00
1535.0,202.00,202.00,202.00
1540.0,202.00,202.00,202.00
1545.0,202.00,202.00,202.00
1550.0,200.18,196.61,203.75
1555.0,198.38,193.38,203.38
1560.0,200.20,196.67,203.73
1565.0,198.34,193.28,203.40
1570.0,198.32,193.24,203.40
1575.0,196.54,190.42,202.66
1580.0,198.36,193.33,203.39
1585.0,196.56,190.46,202.66
1590.0,198.26,193.09,203.43
1595.0,198.38,193.38,203.38
1600.0,200.18,196.61,203.75
1605.0,200.18,196.61,203.75
1610.0,202.00,202.00,202.00
1615.0,200.18,196.61,203.75
1620.0,196.54,190.42,202.66
1625.0,198.36,193.33,203.39
1630.0,198.36,193.33,203.39
1635.0,196.54,190.42,202.66
1640.0,198.36,193.33,203.39
1645.0,200.18,196.61,203.75
1650.0,200.18,196.61,203.75
1655.0,200.18,196.61,203.75
1660.0,202.00,202.00,202.00
1665.0,202.00,202.00,202.00
1670.0,202.00,202.00,202.00
1675.0,200.20,196.67,203.73
1680.0,202.00,202.00,202.00
1685.0,194.62,187.49,201.75
1690.0,194.62,187.49,201.75
1695.0,198.38,193.38,203.38
1700.0,200.18,196.61,203.75
1705.0,202.00,202.00,202.00
1710.0,202.00,202.00,202.00
1715.0,200.20,196.67,203.73
1720.0,196.54,190.42,202.66
1725.0,198.36,193.33,203.39
1730.0,198.36,193.33,203.39
1735.0,196.58,190.50,202.66
1740.0,196.58,190.50,202.66
1745.0,198.40,193.43,203.37
1750.0,202.00,202.00,202.00
1755.0,200.18,196.61,203.75
1760.0,198.40,193.43,203.37
1765.0,198.38,193.38,203.38
1770.0,194.85,187.94,201.76
1775.0,192.97,185.20,200.74
1780.0,191.13,182.64,199.62
1785.0,192.97,185.20,200.74
1790.0,198.35,193.31,203.39
1795.0,196.57,190.48,202.66
1800.0,194.74,187.72,201.76
1805.0,189.26,180.10,198.42
1810.0,191.08,182.55,199.61
1815.0,189.26,180.10,198.42
1820.0,187.44,177.70,197.18
1825.0,187.46,177.73,197.19
1830.0,185.64,175.38,195.90
1835.0,187.46,177.73,197.19
1840.0,189.28,180.13,198.43
1845.0,194.72,187.68,201.76
1850.0,196.54,190.42,202.66
1855.0,192.90,185.07,200.73
1860.0,192.90,185.07,200.73
1865.0,192.90,185.07,200.73
1870.0,191.08,182.55,199.61
1875.0,187.44,177.70,197.18
1880.0,189.26,180.10,198.42
1885.0,180.16,168.49,191.83
1890.0,178.34,166.26,190.42
1895.0,183.80,173.03,194.57
1900.0,183.82,173.06,194.58
1905.0,183.82,173.06,194.58
1910.0,185.64,175.38,195.90
1915.0,189.26,180.10,198.42
1920.0,187.46,177.73,197.19
1925.0,185.66,175.41,195.91
1930.0,183.84,173.09,194.59
1935.0,180.22,168.58,191.86
1940.0,180.20,168.55,191.85
1945.0,178.38,166.33,190.43
1950.0,176.56,164.12,189.00
1955.0,176.56,164.12,189.00
1960.0,178.36,166.30,190.42
1965.0,178.34,166.26,190.42
1970.0,178.34,166.26,190.42
1975.0,171.10,157.63,184.57
1980.0,178.34,166.26,190.42
1985.0,174.74,161.94,187.54
1990.0,176.56,164.12,189.00
1995.0,176.56,164.12,189.00
2000.0,171.14,157.69,184.59
2005.0,167.50,153.45,181.55
2010.0,163.84,149.24,178.44
2015.0,165.66,151.32,180.00
2020.0,172.90,159.75,186.05
2025.0,165.66,151.32,180.00
2030.0,165.66,151.32,180.00
2035.0,161.98,147.11,176.85
2040.0,160.16,145.06,175.26
2045.0,154.74,139.01,170.47
2050.0,161.96,147.09,176.83
2055.0,161.96,147.09,176.83
2060.0,160.14,145.03,175.25
2065.0,158.32,142.99,173.65
2070.0,156.50,140.95,172.05
2075.0,154.68,138.93,170.43
2080.0,156.50,140.95,172.05
2085.0,154.70,138.96,170.44
2090.0,156.50,140.95,172.05
2095.0,151.04,134.92,167.16
2100.0,151.08,134.97,167.19
2105.0,151.08,134.97,167.19
2110.0,151.10,135.00,167.20
2115.0,152.90,136.97,168.83
2120.0,149.30,133.03,165.57
2125.0,147.44,131.00,163.88
2130.0,149.24,132.95,165.53
2135.0,145.60,129.00,162.20
2140.0,143.78,127.04,160.52
2145.0,143.76,127.01,160.51
2150.0,143.76,127.01,160.51
2155.0,138.34,121.22,155.46
2160.0,132.92,115.51,150.33
2165.0,136.56,119.35,153.77
2170.0,140.16,123.16,157.16
2175.0,136.52,119.30,153.74
2180.0,136.52,119.30,153.74
2185.0,136.52,119.30,153.74
2190.0,134.72,117.40,152.04
2195.0,132.90,115.49,150.31
2200.0,136.52,119.30,153.74
2205.0,131.10,113.61,148.59
2210.0,131.08,113.58,148.58
2215.0,127.48,109.84,145.12
2220.0,131.08,113.58,148.58
2225.0,132.90,115.49,150.31
2230.0,129.28,111.71,146.85
2235.0,123.86,106.11,141.61
2240.0,127.50,109.87,145.13
2245.0,123.88,106.14,141.62
2250.0,118.44,100.58,136.30
2255.0,116.60,98.71,134.49
2260.0,118.40,100.53,136.27
2265.0,125.66,107.96,143.36
2270.0,122.04,104.24,139.84
2275.0,122.04,104.24,139.84
2280.0,123.86,106.11,141.61
2285.0,120.22,102.38,138.06
2290.0,118.40,100.53,136.27
2295.0,112.96,95.04,130.88
2300.0,114.76,96.85,132.67
2305.0,114.78,96.87,132.69
2310.0,105.72,87.83,123.61
2315.0,107.54,89.64,125.44
2320.0,107.52,89.61,125.43
2325.0,107.52,89.61,125.43
2330.0,102.06,84.23,119.89
2335.0,107.50,89.59,125.41
2340.0,114.76,96.85,132.67
2345.0,107.52,89.61,125.43
2350.0,103.90,86.04,121.76
2355.0,107.56,89.66,125.46
2360.0,105.76,87.88,123.64
2365.0,100.32,82.54,118.10
2370.0,100.36,82.59,118.13
2375.0,100.32,82.54,118.10
2380.0,102.12,84.30,119.94
2385.0,96.64,78.95,114.33
2390.0,98.44,80.69,116.19
2395.0,98.46,80.72,116.20
2400.0,96.64,78.95,114.33
2405.0,91.22,73.74,108.70
2410.0,83.98,66.89,101.07
2415.0,85.76,68.56,102.96
2420.0,87.54,70.23,104.85
2425.0,89.36,71.96,106.76
2430.0,89.34,71.94,106.74
2435.0,89.36,71.96,106.76
2440.0,89.38,71.99,106.77
2445.0,82.16,65.19,99.13
2450.0,83.98,66.89,101.07
2455.0,78.56,61.85,95.27
2460.0,78.58,61.88,95.28
2465.0,76.76,60.20,93.32
2470.0,80.36,63.52,97.20
2475.0,82.16,65.19,99.13
2480.0,71.30,55.22,87.38
2485.0,71.30,55.22,87.38
2490.0,67.66,51.95,83.37
2495.0,67.66,51.95,83.37
2500.0,67.62,51.91,83.33
2505.0,62.16,47.08,77.24
2510.0,69.44,53.53,85.35
2515.0,69.44,53.53,85.35
2520.0,67.62,51.91,83.33
2525.0,65.82,50.31,81.33
2530.0,60.36,45.52,75.20
2535.0,62.16,47.08,77.24
2540.0,54.98,40.93,69.03
2545.0,56.76,42.43,71.09
2550.0,51.32,37.87,64.77
2555.0,56.76,42.43,71.09
2560.0,51.34,37.89,64.79
2565.0,51.34,37.89,64.79
2570.0,51.36,37.91,64.81
2575.0,51.36,37.91,64.81
2580.0,45.98,33.56,58.40
2585.0,45.94,33.52,58.36
2590.0,45.94,33.52,58.36
2595.0,47.74,34.95,60.53
2600.0,40.48,29.28,51.68
2605.0,42.30,30.66,53.94
2610.0,42.28,30.64,53.92
2615.0,44.08,32.04,56.12
2620.0,42.28,30.64,53.92
2625.0,45.90,33.47,58.33
2630.0,42.28,30.64,53.92
2635.0,44.10,32.06,56.14
2640.0,44.10,32.06,56.14
2645.0,42.26,30.62,53.90
2650.0,36.86,26.61,47.11
2655.0,36.86,26.61,47.11
2660.0,35.06,25.35,44.77
2665.0,31.44,22.94,39.94
2670.0,31.44,22.94,39.94
2675.0,27.82,20.80,34.84
2680.0,29.64,21.84,37.44
2685.0,31.42,22.92,39.92
2690.0,31.42,22.92,39.92
2695.0,33.22,24.08,42.36
2700.0,35.02,25.30,44.74
2705.0,35.02,25.30,44.74
2710.0,35.02,25.30,44.74
2715.0,36.84,26.59,47.09
2720.0,36.84,26.59,47.09
2725.0,38.64,27.90,49.38
2730.0,34.98,25.26,44.70
2735.0,33.24,24.10,42.38
2740.0,31.42,22.92,39.92
2745.0,29.62,21.82,37.42
2750.0,26.02,19.91,32.13
2755.0,26.02,19.91,32.13
2760.0,26.00,19.89,32.11
2765.0,26.00,19.89,32.11
2770.0,24.20,19.19,29.21
2775.0,26.00,19.89,32.11
2780.0,26.00,19.89,32.11
2785.0,26.00,19.89,32.11
2790.0,24.20,19.19,29.21
2795.0,24.20,19.19,29.21
2800.0,26.02,19.91,32.13
2805.0,26.02,19.91,32.13
2810.0,26.02,19.91,32.13
2815.0,26.02,19.91,32.13
2820.0,24.20,19.19,29.21
2825.0,24.20,19.19,29.21
2830.0,24.20,19.19,29.21
2835.0,24.20,19.19,29.21
2840.0,24.20,19.19,29.21
2845.0,24.20,19.19,29.21
2850.0,24.20,19.19,29.21
2855.0,24.20,19.19,29.21
2860.0,22.40,18.83,25.97
2865.0,24.20,19.19,29.21
2870.0,24.20,19.19,29.21
2875.0,24.20,19.19,29.21
2880.0,24.20,19.19,29.21
2885.0,22.40,18.83,25.97
2890.0,22.42,18.85,25.99
2895.0,24.22,19.21,29.23
2900.0,24.22,19.21,29.23
2905.0,24.17,19.15,29.19
2910.0,24.16,19.14,29.18
2915.0,22.33,18.76,25.90
2920.0,22.42,18.85,25.99
2925.0,22.42,18.85,25.99
2930.0,22.42,18.85,25.99
2935.0,22.42,18.85,25.99
2940.0,22.42,18.85,25.99
2945.0,22.42,18.85,25.99
2950.0,22.42,18.85,25.99
2955.0,22.42,18.85,25.99
2960.0,20.60,20.42,20.78
2965.0,20.60,20.42,20.78
2970.0,20.60,20.42,20.78
2975.0,20.60,20.42,20.78
2980.0,20.60,20.42,20.78
2985.0,20.60,20.42,20.78
2990.0,20.60,20.42,20.78
2995.0,20.60,20.42,20.78
3000.0,20.60,20.42,20.78
3005.0,20.60,20.42,20.78
3010.0,20.60,20.42,20.78
3015.0,20.60,20.42,20.78
3020.0,20.60,20.42,20.78
3025.0,20.60,20.42,20.78
3030.0,20.60,20.42,20.78
3035.0,20.60,20.42,20.78
3040.0,20.60,20.42,20.78
3045.0,20.60,20.42,20.78
3050.0,20.60,20.42,20.78
3055.0,20.62,20.43,20.81
3060.0,20.62,20.43,20.81
3065.0,20.62,20.43,20.81
3070.0,20.62,20.43,20.81
3075.0,20.62,20.43,20.81
3080.0,20.62,20.43,20.81
3085.0,20.60,20.42,20.78
3090.0,20.60,20.42,20.78
3095.0,20.60,20.42,20.78
3100.0,20.60,20.42,20.78
3105.0,20.60,20.42,20.78
3110.0,20.60,20.42,20.78
3115.0,20.60,20.42,20.78
3120.0,20.60,20.42,20.78
3125.0,22.40,18.83,25.97
3130.0,20.60,20.42,20.78
3135.0,20.58,20.40,20.76
3140.0,22.40,18.83,25.97
3145.0,22.40,18.83,25.97
3150.0,22.40,18.83,25.97
3155.0,20.58,20.40,20.76
3160.0,20.58,20.40,20.76
3165.0,20.58,20.40,20.76
3170.0,20.58,20.40,20.76
3175.0,20.58,20.40,20.76
3180.0,20.58,20.40,20.76
3185.0,20.58,20.40,20.76
3190.0,20.58,20.40,20.76
3195.0,20.58,20.40,20.76
3200.0,20.58,20.40,20.76
3205.0,20.58,20.40,20.76
3210.0,20.58,20.40,20.76
3215.0,20.58,20.40,20.76
3220.0,20.58,20.40,20.76
3225.0,20.56,20.38,20.74
3230.0,20.56,20.38,20.74
3235.0,20.56,20.38,20.74
3240.0,20.56,20.38,20.74
3245.0,20.56,20.38,20.74
3250.0,20.56,20.38,20.74
3255.0,20.56,20.38,20.74
3260.0,20.56,20.38,20.74
3265.0,20.56,20.38,20.74
3270.0,20.56,20.38,20.74
3275.0,20.56,20.38,20.74
3280.0,22.36,18.79,25.93
3285.0,20.56,20.38,20.74
3290.0,20.56,20.38,20.74
3295.0,20.56,20.38,20.74
3300.0,20.56,20.38,20.74
3305.0,20.56,20.38,20.74
3310.0,20.56,20.38,20.74
3315.0,20.56,20.38,20.74
3320.0,20.56,20.38,20.74
3325.0,20.56,20.38,20.74
3330.0,20.56,20.38,20.74
3335.0,20.56,20.38,20.74
3340.0,20.56,20.38,20.74
3345.0,20.56,20.38,20.74
3350.0,20.56,20.38,20.74
3355.0,20.56,20.38,20.74
3360.0,20.56,20.38,20.74
3365.0,20.56,20.38,20.74
3370.0,20.56,20.38,20.74
3375.0,20.56,20.38,20.74
3380.0,20.56,20.38,20.74
3385.0,20.56,20.38,20.74
3390.0,20.56,20.38,20.74
3395.0,20.56,20.38,20.74
3400.0,20.56,20.38,20.74
3405.0,20.56,20.38,20.74
3410.0,20.56,20.38,20.74
3415.0,20.56,20.38,20.74
3420.0,20.56,20.38,20.74
3425.0,20.56,20.38,20.74
3430.0,20.56,20.38,20.74
3435.0,20.56,20.38,20.74
3440.0,20.56,20.38,20.74
3445.0,20.56,20.38,20.74
3450.0,20.56,20.38,20.74
3455.0,20.56,20.38,20.74
3460.0,20.56,20.38,20.74
3465.0,20.56,20.38,20.74
3470.0,20.56,20.38,20.74
3475.0,20.56,20.38,20.74
3480.0,20.56,20.38,20.74
3485.0,20.56,20.38,20.74
3490.0,20.56,20.38,20.74
3495.0,20.56,20.38,20.74
3500.0,20.56,20.38,20.74
3505.0,20.56,20.38,20.74
3510.0,20.56,20.38,20.74
3515.0,20.56,20.38,20.74
3520.0,20.56,20.38,20.74
3525.0,20.56,20.38,20.74
3530.0,20.56,20.38,20.74
3535.0,20.56,20.38,20.74
3540.0,20.56,20.38,20.74
3545.0,20.56,20.38,20.74
3550.0,20.56,20.38,20.74
3555.0,20.56,20.38,20.74
3560.0,20.56,20.38,20.74
3565.0,20.56,20.38,20.74
3570.0,20.56,20.38,20.74
3575.0,20.56,20.38,20.74
3580.0,20.56,20.38,20.74
3585.0,20.56,20.38,20.74
3590.0,20.56,20.38,20.74
3595.0,20.56,20.38,20.74
3600.0,20.56,20.38,20.74
3605.0,20.56,20.38,20.74
3610.0,20.56,20.38,20.74
3615.0,20.56,20.38,20.74
3620.0,20.56,20.38,20.74
3625.0,20.56,20.38,20.74
3630.0,20.56,20.38,20.74
3635.0,20.56,20.38,20.74
3640.0,20.56,20.38,20.74
3645.0,20.56,20.38,20.74
3650.0,20.56,20.38,20.74
3655.0,20.56,20.38,20.74
3660.0,22.36,18.79,25.93
3665.0,22.36,18.79,25.93
3670.0,20.56,20.38,20.74
3675.0,20.56,20.38,20.74
3680.0,20.56,20.38,20.74
3685.0,20.56,20.38,20.74
3690.0,20.56,20.38,20.74
3695.0,20.56,20.38,20.74
3700.0,20.56,20.38,20.74
3705.0,20.56,20.38,20.74
3710.0,22.38,18.81,25.95
3715.0,20.56,20.38,20.74
3720.0,20.56,20.38,20.74
3725.0,20.56,20.38,20.74
3730.0,20.56,20.38,20.74
3735.0,20.56,20.38,20.74
3740.0,20.56,20.38,20.74
3745.0,20.56,20.38,20.74
3750.0,20.56,20.38,20.74
3755.0,20.56,20.38,20.74
3760.0,20.56,20.38,20.74
3765.0,20.56,20.38,20.74
3770.0,20.56,20.38,20.74
3775.0,20.56,20.38,20.74
3780.0,20.56,20.38,20.74
3785.0,20.56,20.38,20.74
3790.0,20.56,20.38,20.74
3795.0,20.56,20.38,20.74
3800.0,20.56,20.38,20.74
3805.0,20.56,20.38,20.74
3810.0,20.56,20.38,20.74
3815.0,20.56,20.38,20.74
3820.0,20.56,20.38,20.74
3825.0,20.56,20.38,20.74
3830.0,20.56,20.38,20.74
3835.0,20.56,20.38,20.74
3840.0,20.56,20.38,20.74
3845.0,20.56,20.38,20.74
3850.0,20.56,20.38,20.74
3855.0,20.56,20.38,20.74
3860.0,20.56,20.38,20.74
3865.0,20.56,20.38,20.74
3870.0,20.56,20.38,20.74
3875.0,20.56,20.38,20.74
3880.0,20.56,20.38,20.74
3885.0,20.56,20.38,20.74
3890.0,20.56,20.38,20.74
3895.0,20.56,20.38,20.74
3900.0,20.56,20.38,20.74
3905.0,20.56,20.38,20.74
3910.0,20.56,20.38,20.74
3915.0,20.56,20.38,20.74
3920.0,20.56,20.38,20.74
3925.0,20.56,20.38,20.74
3930.0,20.56,20.38,20.74
3935.0,20.56,20.38,20.74
3940.0,20.56,20.38,20.74
3945.0,20.56,20.38,20.74
3950.0,20.56,20.38,20.74
3955.0,20.56,20.38,20.74
3960.0,20.56,20.38,20.74
3965.0,20.56,20.38,20.74
3970.0,20.56,20.38,20.74
3975.0,20.56,20.38,20.74
3980.0,20.56,20.38,20.74
3985.0,20.56,20.38,20.74
3990.0,20.56,20.38,20.74
3995.0,20.56,20.38,20.74
4000.0,20.56,20.38,20.74
