trial,mean,ci_down,ci_up
0.0,236.15,nan,nan
10.0,210.72,nan,nan
20.0,220.55,nan,nan
30.0,204.91,nan,nan
40.0,207.91,nan,nan
50.0,246.10,nan,nan
60.0,192.22,nan,nan
70.0,240.00,nan,nan
80.0,216.16,nan,nan
90.0,181.31,nan,nan
100.0,200.71,nan,nan
110.0,249.03,nan,nan
120.0,222.88,nan,nan
130.0,203.64,nan,nan
140.0,221.03,nan,nan
150.0,186.64,nan,nan
160.0,202.76,nan,nan
170.0,205.49,nan,nan
180.0,189.08,nan,nan
190.0,193.85,nan,nan
200.0,185.43,nan,nan
210.0,190.04,nan,nan
220.0,183.76,nan,nan
230.0,185.35,nan,nan
240.0,179.87,nan,nan
250.0,161.18,nan,nan
260.0,183.49,nan,nan
270.0,191.42,nan,nan
280.0,186.53,nan,nan
290.0,175.40,nan,nan
300.0,191.35,nan,nan
310.0,185.69,nan,nan
320.0,179.13,nan,nan
330.0,203.82,nan,nan
340.0,203.03,nan,nan
350.0,183.46,nan,nan
360.0,177.82,nan,nan
370.0,174.82,nan,nan
380.0,171.08,nan,nan
390.0,184.01,nan,nan
400.0,178.55,nan,nan
410.0,224.10,nan,nan
420.0,183.77,nan,nan
430.0,192.62,nan,nan
440.0,181.45,nan,nan
450.0,193.63,nan,nan
460.0,161.10,nan,nan
470.0,182.26,nan,nan
480.0,157.61,nan,nan
490.0,197.90,nan,nan
500.0,180.77,nan,nan
510.0,186.12,nan,nan
520.0,192.56,nan,nan
530.0,193.69,nan,nan
540.0,167.79,nan,nan
550.0,176.62,nan,nan
560.0,161.64,nan,nan
570.0,214.35,nan,nan
580.0,175.61,nan,nan
590.0,163.52,nan,nan
600.0,157.54,nan,nan
610.0,197.81,nan,nan
620.0,188.81,nan,nan
630.0,183.86,nan,nan
640.0,175.74,nan,nan
650.0,187.09,nan,nan
660.0,170.27,nan,nan
670.0,173.32,nan,nan
680.0,156.68,nan,nan
690.0,169.02,nan,nan
700.0,129.33,nan,nan
710.0,138.39,nan,nan
720.0,176.75,nan,nan
730.0,167.00,nan,nan
740.0,170.76,nan,nan
750.0,170.65,nan,nan
760.0,176.14,nan,nan
770.0,170.66,nan,nan
780.0,170.58,nan,nan
790.0,163.44,nan,nan
800.0,168.75,nan,nan
810.0,166.55,nan,nan
820.0,179.99,nan,nan
830.0,166.27,nan,nan
840.0,155.48,nan,nan
850.0,140.26,nan,nan
860.0,161.07,nan,nan
870.0,165.85,nan,nan
880.0,155.85,nan,nan
890.0,141.59,nan,nan
900.0,163.69,nan,nan
910.0,148.53,nan,nan
920.0,160.02,nan,nan
930.0,171.38,nan,nan
940.0,151.90,nan,nan
950.0,167.49,nan,nan
960.0,157.54,nan,nan
970.0,148.42,nan,nan
980.0,150.72,nan,nan
990.0,173.29,nan,nan
1000.0,168.07,nan,nan
1010.0,158.40,nan,nan
1020.0,172.39,nan,nan
1030.0,142.65,nan,nan
1040.0,162.26,nan,nan
1050.0,165.74,nan,nan
1060.0,155.60,nan,nan
1070.0,171.56,nan,nan
1080.0,152.52,nan,nan
1090.0,140.36,nan,nan
1100.0,183.98,nan,nan
1110.0,146.95,nan,nan
1120.0,188.03,nan,nan
1130.0,136.18,nan,nan
1140.0,147.08,nan,nan
1150.0,159.45,nan,nan
1160.0,150.07,nan,nan
1170.0,150.69,nan,nan
1180.0,146.65,nan,nan
1190.0,162.61,nan,nan
1200.0,164.58,nan,nan
1210.0,151.10,nan,nan
1220.0,142.91,nan,nan
1230.0,174.45,nan,nan
1240.0,155.40,nan,nan
1250.0,167.86,nan,nan
1260.0,189.70,nan,nan
1270.0,173.49,nan,nan
1280.0,155.09,nan,nan
1290.0,159.43,nan,nan
1300.0,144.42,nan,nan
1310.0,165.80,nan,nan
1320.0,158.32,nan,nan
1330.0,148.57,nan,nan
1340.0,156.51,nan,nan
1350.0,148.47,nan,nan
1360.0,152.81,nan,nan
1370.0,153.32,nan,nan
1380.0,178.45,nan,nan
1390.0,137.08,nan,nan
1400.0,179.12,nan,nan
1410.0,159.60,nan,nan
1420.0,163.42,nan,nan
1430.0,149.88,nan,nan
1440.0,138.19,nan,nan
1450.0,156.47,nan,nan
1460.0,152.74,nan,nan
1470.0,154.92,nan,nan
1480.0,149.17,nan,nan
1490.0,136.31,nan,nan
1500.0,162.42,nan,nan
1510.0,165.59,nan,nan
1520.0,196.36,nan,nan
1530.0,160.06,nan,nan
1540.0,163.85,nan,nan
1550.0,122.35,nan,nan
1560.0,185.69,nan,nan
1570.0,165.64,nan,nan
1580.0,173.36,nan,nan
1590.0,156.27,nan,nan
1600.0,144.99,nan,nan
1610.0,161.74,nan,nan
1620.0,161.53,nan,nan
1630.0,194.24,nan,nan
1640.0,141.42,nan,nan
1650.0,144.34,nan,nan
1660.0,132.73,nan,nan
1670.0,160.50,nan,nan
1680.0,164.34,nan,nan
1690.0,163.38,nan,nan
1700.0,148.14,nan,nan
1710.0,191.54,nan,nan
1720.0,136.24,nan,nan
1730.0,142.52,nan,nan
1740.0,171.81,nan,nan
1750.0,159.20,nan,nan
1760.0,169.56,nan,nan
1770.0,158.90,nan,nan
1780.0,161.26,nan,nan
1790.0,160.63,nan,nan
1800.0,176.35,nan,nan
1810.0,165.45,nan,nan
1820.0,166.27,nan,nan
1830.0,158.17,nan,nan
1840.0,161.79,nan,nan
1850.0,161.80,nan,nan
1860.0,130.34,nan,nan
1870.0,168.26,nan,nan
1880.0,145.13,nan,nan
1890.0,157.35,nan,nan
1900.0,124.67,nan,nan
1910.0,138.35,nan,nan
1920.0,142.78,nan,nan
1930.0,159.90,nan,nan
1940.0,166.51,nan,nan
1950.0,137.33,nan,nan
1960.0,156.58,nan,nan
1970.0,172.55,nan,nan
1980.0,130.62,nan,nan
1990.0,125.55,nan,nan
2000.0,159.06,nan,nan
2010.0,146.62,nan,nan
2020.0,143.85,nan,nan
2030.0,148.69,nan,nan
2040.0,175.67,nan,nan
2050.0,149.79,nan,nan
2060.0,151.57,nan,nan
2070.0,149.95,nan,nan
2080.0,145.67,nan,nan
2090.0,154.77,nan,nan
2100.0,144.50,nan,nan
2110.0,136.77,nan,nan
2120.0,161.23,nan,nan
2130.0,148.31,nan,nan
2140.0,167.36,nan,nan
2150.0,135.34,nan,nan
2160.0,168.04,nan,nan
2170.0,153.64,nan,nan
2180.0,124.92,nan,nan
2190.0,151.21,nan,nan
2200.0,148.47,nan,nan
2210.0,167.77,nan,nan
2220.0,139.43,nan,nan
2230.0,151.13,nan,nan
2240.0,164.09,nan,nan
2250.0,152.56,nan,nan
2260.0,97.51,nan,nan
2270.0,179.45,nan,nan
2280.0,149.95,nan,nan
2290.0,153.50,nan,nan
2300.0,164.77,nan,nan
2310.0,157.33,nan,nan
2320.0,163.45,nan,nan
2330.0,142.72,nan,nan
2340.0,175.63,nan,nan
2350.0,147.25,nan,nan
2360.0,152.58,nan,nan
2370.0,138.39,nan,nan
2380.0,157.07,nan,nan
2390.0,150.75,nan,nan
2400.0,160.19,nan,nan
2410.0,139.89,nan,nan
2420.0,165.61,nan,nan
2430.0,132.53,nan,nan
2440.0,128.42,nan,nan
2450.0,142.90,nan,nan
2460.0,150.74,nan,nan
2470.0,155.25,nan,nan
2480.0,145.92,nan,nan
2490.0,168.28,nan,nan
2500.0,137.01,nan,nan
2510.0,141.91,nan,nan
2520.0,156.38,nan,nan
2530.0,138.53,nan,nan
2540.0,150.51,nan,nan
2550.0,160.23,nan,nan
2560.0,128.07,nan,nan
2570.0,140.95,nan,nan
2580.0,154.00,nan,nan
2590.0,159.28,nan,nan
2600.0,142.00,nan,nan
2610.0,148.39,nan,nan
2620.0,124.87,nan,nan
2630.0,129.00,nan,nan
2640.0,167.86,nan,nan
2650.0,149.13,nan,nan
2660.0,156.25,nan,nan
2670.0,146.52,nan,nan
2680.0,164.67,nan,nan
2690.0,169.22,nan,nan
2700.0,143.25,nan,nan
2710.0,173.25,nan,nan
2720.0,118.99,nan,nan
2730.0,163.87,nan,nan
2740.0,152.64,nan,nan
2750.0,131.70,nan,nan
2760.0,148.77,nan,nan
2770.0,145.42,nan,nan
2780.0,134.23,nan,nan
2790.0,142.27,nan,nan
2800.0,146.02,nan,nan
2810.0,139.10,nan,nan
2820.0,176.80,nan,nan
2830.0,154.08,nan,nan
2840.0,171.61,nan,nan
2850.0,143.86,nan,nan
2860.0,146.41,nan,nan
2870.0,151.64,nan,nan
2880.0,178.81,nan,nan
2890.0,122.02,nan,nan
2900.0,155.14,nan,nan
2910.0,150.55,nan,nan
2920.0,167.68,nan,nan
2930.0,144.95,nan,nan
2940.0,143.95,nan,nan
2950.0,119.05,nan,nan
2960.0,139.84,nan,nan
2970.0,136.56,nan,nan
2980.0,164.62,nan,nan
2990.0,163.55,nan,nan
3000.0,140.78,nan,nan
3010.0,140.79,nan,nan
3020.0,149.15,nan,nan
3030.0,140.62,nan,nan
3040.0,132.82,nan,nan
3050.0,117.58,nan,nan
3060.0,154.09,nan,nan
3070.0,164.59,nan,nan
3080.0,155.61,nan,nan
3090.0,167.55,nan,nan
3100.0,151.82,nan,nan
3110.0,136.24,nan,nan
