trial,mean,ci_down,ci_up
0.0,0.01,-0.03,0.05
10.0,0.07,-0.17,0.32
20.0,0.12,-0.51,0.75
30.0,0.09,-0.34,0.52
40.0,0.00,0.00,0.00
50.0,0.04,-0.08,0.15
60.0,0.11,-0.43,0.66
70.0,0.13,-0.27,0.52
80.0,0.01,-0.03,0.05
90.0,0.15,-0.43,0.74
100.0,0.04,-0.12,0.20
110.0,0.00,0.00,0.00
120.0,0.04,-0.09,0.16
130.0,0.08,-0.36,0.53
140.0,0.00,0.00,0.00
150.0,0.01,-0.01,0.02
160.0,0.04,-0.06,0.13
170.0,0.14,-0.35,0.64
180.0,0.10,-0.26,0.46
190.0,0.05,-0.22,0.32
200.0,0.12,-0.48,0.73
210.0,0.17,-0.49,0.82
220.0,0.02,-0.07,0.12
230.0,0.09,-0.42,0.60
240.0,0.04,-0.18,0.26
250.0,0.00,0.00,0.00
260.0,0.16,-0.37,0.68
270.0,0.05,-0.15,0.24
280.0,0.08,-0.22,0.38
290.0,0.02,-0.06,0.11
300.0,0.12,-0.36,0.61
310.0,0.05,-0.15,0.24
320.0,0.02,-0.04,0.09
330.0,0.08,-0.39,0.55
340.0,0.06,-0.17,0.29
350.0,0.10,-0.40,0.59
360.0,0.03,-0.15,0.21
370.0,0.05,-0.12,0.22
380.0,0.29,-0.78,1.35
390.0,0.06,-0.17,0.29
400.0,0.07,-0.35,0.50
410.0,0.23,-1.07,1.53
420.0,0.02,-0.06,0.10
430.0,0.07,-0.27,0.42
440.0,0.01,-0.04,0.05
450.0,0.03,-0.07,0.12
460.0,0.14,-0.65,0.92
470.0,0.01,-0.04,0.05
480.0,0.16,-0.37,0.69
490.0,0.03,-0.08,0.15
500.0,0.15,-0.31,0.62
510.0,0.06,-0.11,0.23
520.0,0.21,-0.45,0.86
530.0,0.02,-0.10,0.14
540.0,0.06,-0.29,0.41
550.0,0.06,-0.12,0.24
560.0,0.06,-0.21,0.32
570.0,0.07,-0.28,0.42
580.0,0.21,-0.25,0.67
590.0,0.04,-0.08,0.16
600.0,0.06,-0.10,0.21
610.0,0.03,-0.08,0.15
620.0,0.07,-0.19,0.32
630.0,0.03,-0.07,0.12
640.0,0.12,-0.19,0.44
650.0,0.21,-1.00,1.43
660.0,0.03,-0.07,0.12
670.0,0.10,-0.21,0.41
680.0,0.21,-0.49,0.90
690.0,0.18,-0.61,0.97
700.0,0.23,-0.02,0.48
710.0,0.06,-0.30,0.43
720.0,0.10,-0.13,0.32
730.0,0.04,-0.04,0.12
740.0,0.02,-0.05,0.10
750.0,0.34,-0.68,1.36
760.0,0.15,-0.21,0.52
770.0,0.11,-0.20,0.41
780.0,0.00,0.00,0.00
790.0,0.15,-0.31,0.60
800.0,0.08,-0.26,0.42
810.0,0.06,-0.25,0.36
820.0,0.16,-0.15,0.47
830.0,0.05,-0.13,0.24
840.0,0.24,-0.49,0.97
850.0,0.11,-0.31,0.53
860.0,0.17,-0.34,0.67
870.0,0.03,-0.06,0.11
880.0,0.07,-0.30,0.43
890.0,0.19,-0.62,1.00
900.0,0.02,-0.07,0.10
910.0,0.19,-0.87,1.26
920.0,0.03,-0.09,0.16
930.0,0.15,-0.69,1.00
940.0,0.08,-0.09,0.24
950.0,0.07,-0.26,0.39
960.0,0.15,-0.71,1.01
970.0,0.21,-0.39,0.81
980.0,0.09,-0.21,0.39
990.0,0.19,-0.25,0.62
1000.0,0.14,-0.65,0.92
1010.0,0.00,-0.01,0.02
1020.0,0.13,-0.56,0.81
1030.0,0.06,-0.05,0.18
1040.0,0.10,-0.42,0.61
1050.0,0.02,-0.05,0.08
1060.0,0.19,-0.45,0.82
1070.0,0.00,-0.01,0.02
1080.0,0.02,-0.05,0.08
1090.0,0.05,-0.23,0.32
1100.0,0.23,-0.44,0.90
1110.0,0.26,-0.64,1.17
1120.0,0.15,-0.40,0.69
1130.0,0.15,-0.15,0.46
1140.0,0.06,-0.30,0.43
1150.0,0.04,-0.16,0.24
1160.0,0.10,-0.40,0.59
1170.0,0.10,-0.31,0.51
1180.0,0.12,-0.42,0.66
1190.0,0.03,-0.06,0.13
1200.0,0.19,-0.41,0.78
1210.0,0.12,-0.23,0.46
1220.0,0.12,-0.49,0.73
1230.0,0.15,-0.63,0.93
1240.0,0.06,-0.09,0.21
1250.0,0.01,-0.02,0.04
1260.0,0.07,-0.29,0.42
1270.0,0.04,-0.18,0.26
1280.0,0.26,-0.61,1.13
1290.0,0.05,-0.22,0.32
1300.0,0.03,-0.12,0.17
1310.0,0.00,-0.01,0.02
1320.0,0.27,-0.16,0.70
1330.0,0.02,-0.05,0.09
1340.0,0.07,-0.22,0.36
1350.0,0.19,-0.86,1.24
1360.0,0.15,-0.45,0.76
1370.0,0.11,-0.36,0.58
1380.0,0.24,-0.60,1.08
1390.0,0.00,0.00,0.00
1400.0,0.04,-0.16,0.25
1410.0,0.12,-0.49,0.73
1420.0,0.14,-0.42,0.69
1430.0,0.18,-0.52,0.88
1440.0,0.17,-0.80,1.13
1450.0,0.05,-0.14,0.25
1460.0,0.18,-0.38,0.73
1470.0,0.04,-0.06,0.14
1480.0,0.07,-0.22,0.36
1490.0,0.11,-0.52,0.74
1500.0,0.08,-0.32,0.47
1510.0,0.17,-0.56,0.90
1520.0,0.10,-0.25,0.45
1530.0,0.03,-0.13,0.19
1540.0,0.17,-0.54,0.89
1550.0,0.03,-0.07,0.12
1560.0,0.18,-0.69,1.05
1570.0,0.07,-0.24,0.38
1580.0,0.25,-0.39,0.89
1590.0,0.16,-0.30,0.61
1600.0,0.00,0.00,0.00
1610.0,0.05,-0.24,0.34
1620.0,0.04,-0.13,0.20
1630.0,0.10,-0.20,0.39
1640.0,0.28,-0.65,1.20
1650.0,0.02,-0.05,0.08
1660.0,0.10,-0.11,0.30
1670.0,0.03,-0.06,0.12
1680.0,0.12,-0.27,0.50
1690.0,0.07,-0.26,0.39
1700.0,0.19,-0.86,1.24
1710.0,0.13,-0.27,0.53
1720.0,0.08,-0.37,0.53
1730.0,0.23,-0.56,1.02
1740.0,0.10,-0.23,0.43
1750.0,0.21,-0.55,0.97
1760.0,0.12,-0.41,0.65
1770.0,0.02,-0.05,0.09
1780.0,0.02,-0.08,0.12
1790.0,0.09,-0.18,0.36
1800.0,0.01,-0.01,0.02
1810.0,0.04,-0.11,0.20
1820.0,0.27,-0.60,1.14
1830.0,0.09,-0.07,0.25
1840.0,0.00,0.00,0.00
1850.0,0.15,-0.36,0.65
1860.0,0.21,-0.49,0.90
1870.0,0.01,-0.03,0.06
1880.0,0.03,-0.05,0.11
1890.0,0.01,-0.02,0.04
1900.0,0.01,-0.02,0.04
1910.0,0.30,-0.01,0.62
1920.0,0.31,-0.32,0.94
1930.0,0.08,-0.22,0.39
1940.0,0.02,-0.09,0.14
1950.0,0.10,-0.28,0.48
1960.0,0.21,-0.70,1.12
1970.0,0.14,-0.24,0.51
1980.0,0.04,-0.05,0.14
1990.0,0.11,-0.34,0.55
2000.0,0.08,-0.36,0.53
2010.0,0.06,-0.18,0.29
2020.0,0.02,-0.10,0.14
2030.0,0.02,-0.11,0.15
2040.0,0.15,-0.31,0.61
2050.0,0.03,-0.05,0.10
2060.0,0.01,-0.06,0.09
2070.0,0.12,-0.13,0.37
2080.0,0.02,-0.06,0.11
2090.0,0.11,-0.36,0.58
2100.0,0.10,-0.10,0.29
2110.0,0.12,-0.40,0.65
2120.0,0.09,-0.13,0.30
2130.0,0.17,-0.56,0.90
2140.0,0.00,-0.01,0.02
2150.0,0.24,-0.33,0.82
2160.0,0.00,0.00,0.00
2170.0,0.03,-0.07,0.13
2180.0,0.05,-0.06,0.16
2190.0,0.30,-0.62,1.23
2200.0,0.10,-0.18,0.38
2210.0,0.22,-0.69,1.12
2220.0,0.28,-1.01,1.57
2230.0,0.07,-0.16,0.30
2240.0,0.10,-0.29,0.49
2250.0,0.12,-0.58,0.82
2260.0,0.02,-0.08,0.13
2270.0,0.08,-0.27,0.43
2280.0,0.16,-0.57,0.89
2290.0,0.28,-0.52,1.07
2300.0,0.17,-0.73,1.07
2310.0,0.25,-0.17,0.67
2320.0,0.38,-0.37,1.12
2330.0,0.04,0.00,0.07
2340.0,0.03,-0.13,0.19
2350.0,0.16,-0.40,0.72
2360.0,0.19,-0.46,0.84
2370.0,0.18,-0.42,0.79
2380.0,0.12,-0.22,0.46
2390.0,0.05,-0.14,0.23
2400.0,0.07,-0.06,0.20
2410.0,0.04,-0.17,0.25
2420.0,0.04,-0.17,0.24
2430.0,0.02,-0.08,0.12
2440.0,0.21,-0.52,0.94
2450.0,0.26,-0.30,0.81
2460.0,0.01,-0.04,0.07
2470.0,0.09,-0.41,0.58
2480.0,0.32,-0.49,1.12
2490.0,0.18,-0.66,1.01
2500.0,0.15,-0.34,0.64
2510.0,0.07,-0.30,0.44
2520.0,0.06,-0.23,0.35
2530.0,0.32,-0.47,1.10
2540.0,0.18,-0.72,1.08
2550.0,0.09,-0.28,0.46
2560.0,0.14,-0.65,0.92
2570.0,0.18,-0.51,0.87
2580.0,0.02,-0.04,0.08
2590.0,0.08,-0.24,0.40
2600.0,0.15,-0.57,0.88
2610.0,0.17,-0.49,0.83
2620.0,0.19,-0.51,0.89
2630.0,0.15,-0.72,1.02
2640.0,0.04,-0.02,0.10
2650.0,0.14,-0.49,0.76
2660.0,0.04,-0.18,0.26
2670.0,0.11,-0.20,0.41
2680.0,0.20,-0.72,1.11
2690.0,0.00,-0.01,0.02
2700.0,0.00,-0.01,0.02
2710.0,0.24,-0.24,0.72
2720.0,0.01,-0.03,0.05
2730.0,0.16,-0.53,0.85
2740.0,0.02,-0.07,0.12
2750.0,0.24,-0.56,1.04
2760.0,0.22,-0.48,0.92
2770.0,0.01,-0.04,0.07
2780.0,0.10,-0.40,0.59
2790.0,0.04,-0.07,0.14
2800.0,0.03,-0.08,0.15
2810.0,0.02,-0.05,0.09
2820.0,0.14,-0.54,0.81
2830.0,0.08,-0.20,0.35
2840.0,0.07,-0.26,0.39
2850.0,0.16,-0.65,0.96
2860.0,0.12,-0.58,0.82
2870.0,0.43,-0.29,1.16
2880.0,0.04,-0.10,0.19
2890.0,0.12,-0.34,0.58
2900.0,0.15,-0.71,1.01
2910.0,0.08,-0.24,0.40
2920.0,0.12,-0.32,0.56
2930.0,0.33,-0.78,1.45
2940.0,0.04,-0.08,0.15
2950.0,0.00,0.00,0.00
2960.0,0.04,-0.06,0.15
2970.0,0.17,-0.30,0.65
2980.0,0.16,-0.20,0.52
2990.0,0.03,-0.09,0.16
3000.0,0.18,-0.64,1.00
3010.0,0.14,-0.48,0.75
3020.0,0.16,-0.39,0.71
3030.0,0.03,-0.12,0.17
3040.0,0.04,-0.10,0.18
3050.0,0.08,-0.24,0.40
3060.0,0.32,-0.59,1.24
3070.0,0.23,-0.25,0.72
3080.0,0.04,-0.12,0.20
3090.0,0.04,-0.17,0.25
3100.0,0.00,-0.01,0.02
3110.0,0.08,-0.10,0.26
3120.0,0.03,-0.10,0.15
3130.0,0.09,-0.42,0.60
3140.0,0.48,-0.77,1.73
3150.0,0.09,-0.42,0.60
3160.0,0.13,-0.36,0.62
3170.0,0.06,-0.24,0.36
3180.0,0.07,-0.09,0.22
3190.0,0.06,-0.27,0.39
3200.0,0.11,-0.31,0.53
3210.0,0.16,-0.27,0.58
3220.0,0.11,-0.41,0.62
3230.0,0.16,-0.67,1.00
3240.0,0.08,-0.24,0.39
3250.0,0.01,-0.01,0.02
3260.0,0.24,-0.22,0.69
3270.0,0.21,-0.99,1.40
3280.0,0.08,-0.31,0.47
3290.0,0.07,-0.19,0.33
3300.0,0.14,-0.33,0.61
3310.0,0.09,-0.21,0.40
3320.0,0.07,-0.18,0.32
3330.0,0.19,-0.26,0.63
3340.0,0.07,-0.33,0.48
3350.0,0.17,-0.28,0.62
3360.0,0.04,-0.08,0.15
3370.0,0.19,-0.22,0.60
3380.0,0.19,-0.18,0.56
3390.0,0.04,-0.07,0.15
3400.0,0.10,-0.14,0.33
3410.0,0.14,-0.45,0.72
3420.0,0.02,-0.06,0.10
3430.0,0.09,-0.14,0.32
3440.0,0.21,-0.18,0.60
3450.0,0.06,-0.21,0.32
3460.0,0.14,-0.58,0.85
3470.0,0.32,-0.83,1.48
3480.0,0.09,-0.17,0.35
3490.0,0.27,-0.81,1.36
3500.0,0.07,-0.28,0.42
3510.0,0.14,-0.13,0.41
3520.0,0.12,-0.29,0.53
3530.0,0.03,-0.09,0.15
3540.0,0.13,-0.47,0.73
3550.0,0.19,-0.47,0.85
3560.0,0.16,-0.31,0.63
3570.0,0.08,-0.27,0.42
3580.0,0.20,-0.34,0.74
3590.0,0.40,-0.43,1.23
3600.0,0.16,-0.41,0.74
3610.0,0.00,-0.01,0.02
3620.0,0.12,-0.57,0.82
3630.0,0.14,-0.32,0.59
3640.0,0.16,-0.25,0.57
3650.0,0.19,-0.30,0.68
3660.0,0.26,-0.47,0.98
3670.0,0.18,-0.03,0.40
3680.0,0.10,-0.28,0.47
3690.0,0.31,-0.63,1.25
3700.0,0.21,-0.63,1.05
3710.0,0.16,-0.64,0.96
3720.0,0.15,-0.38,0.67
3730.0,0.21,-0.40,0.82
3740.0,0.10,-0.22,0.41
3750.0,0.03,-0.12,0.17
3760.0,0.11,-0.33,0.55
3770.0,0.16,-0.69,1.02
3780.0,0.01,-0.04,0.07
3790.0,0.03,-0.15,0.21
3800.0,0.17,-0.49,0.83
3810.0,0.07,-0.28,0.42
3820.0,0.03,-0.13,0.19
3830.0,0.14,-0.22,0.50
3840.0,0.08,-0.37,0.53
3850.0,0.03,-0.09,0.14
3860.0,0.05,-0.20,0.29
3870.0,0.11,-0.31,0.53
3880.0,0.20,-0.54,0.95
3890.0,0.48,-0.93,1.90
3900.0,0.15,-0.61,0.91
3910.0,0.19,-0.86,1.24
3920.0,0.11,-0.25,0.48
3930.0,0.12,-0.31,0.56
3940.0,0.10,-0.48,0.68
3950.0,0.19,-0.62,1.01
3960.0,0.20,-0.49,0.88
3970.0,0.15,-0.50,0.80
3980.0,0.04,-0.08,0.15
3990.0,0.13,-0.57,0.83
4000.0,0.10,-0.40,0.59
4010.0,0.12,-0.27,0.52
4020.0,0.03,-0.08,0.14
4030.0,0.25,-0.67,1.17
4040.0,0.14,-0.37,0.64
4050.0,0.21,-0.32,0.74
4060.0,0.20,-0.48,0.87
4070.0,0.16,-0.42,0.74
4080.0,0.01,-0.01,0.02
4090.0,0.05,-0.09,0.19
4100.0,0.03,-0.09,0.15
4110.0,0.08,-0.22,0.39
4120.0,0.15,-0.36,0.67
4130.0,0.01,-0.01,0.04
4140.0,0.01,-0.04,0.05
4150.0,0.08,-0.23,0.38
4160.0,0.17,-0.25,0.59
4170.0,0.01,-0.04,0.07
4180.0,0.12,-0.38,0.63
4190.0,0.04,-0.21,0.29
4200.0,0.30,-0.32,0.93
4210.0,0.12,-0.33,0.58
4220.0,0.16,-0.32,0.63
4230.0,0.06,-0.21,0.32
4240.0,0.31,-0.83,1.45
4250.0,0.27,-0.63,1.16
4260.0,0.07,-0.32,0.46
4270.0,0.08,-0.38,0.53
4280.0,0.21,-0.31,0.74
4290.0,0.03,-0.06,0.12
4300.0,0.13,-0.26,0.52
4310.0,0.08,-0.23,0.38
4320.0,0.17,-0.50,0.84
4330.0,0.10,-0.32,0.52
4340.0,0.15,-0.31,0.61
4350.0,0.06,-0.22,0.34
4360.0,0.05,-0.09,0.18
4370.0,0.21,-0.84,1.25
4380.0,0.08,-0.10,0.25
4390.0,0.07,-0.24,0.38
4400.0,0.05,-0.22,0.32
4410.0,0.14,-0.52,0.79
4420.0,0.20,-0.47,0.86
4430.0,0.04,-0.11,0.19
4440.0,0.20,-0.53,0.93
4450.0,0.03,-0.09,0.15
4460.0,0.16,-0.33,0.65
4470.0,0.14,-0.44,0.71
4480.0,0.14,-0.21,0.49
4490.0,0.27,-1.18,1.72
4500.0,0.21,-0.47,0.89
