episodes,mean,ci_down,ci_up
0.0,-954.16,-1177.58,-730.73
100.0,-964.16,-1187.58,-740.73
200.0,-974.16,-1197.58,-750.73
300.0,-984.16,-1207.58,-760.73
400.0,-994.16,-1217.58,-770.73
500.0,-1004.16,-1227.58,-780.73
600.0,-1014.16,-1237.58,-790.73
700.0,-1024.16,-1247.58,-800.73
800.0,-1034.16,-1257.58,-810.73
900.0,-1044.16,-1267.58,-820.73
1000.0,-1054.16,-1277.58,-830.73
1100.0,-1064.16,-1287.58,-840.73
1200.0,-1074.16,-1297.58,-850.73
1300.0,-1084.16,-1307.58,-860.73
1400.0,-1094.16,-1317.58,-870.73
1500.0,-1104.16,-1327.58,-880.73
1600.0,-1114.16,-1337.58,-890.73
1700.0,-1124.16,-1347.58,-900.73
1800.0,-1134.16,-1357.58,-910.73
1900.0,-1144.16,-1367.58,-920.73
2000.0,-1154.16,-1377.58,-930.73
2100.0,-1164.16,-1387.58,-940.73
2200.0,-1174.16,-1397.58,-950.73
2300.0,-1184.16,-1407.58,-960.73
2400.0,-1194.16,-1417.58,-970.73
2500.0,-1204.16,-1427.58,-980.73
2600.0,-1214.16,-1437.58,-990.73
2700.0,-1224.16,-1447.58,-1000.73
2800.0,-1234.16,-1457.58,-1010.73
2900.0,-1244.16,-1467.58,-1020.73
3000.0,-1254.16,-1477.58,-1030.73
3100.0,-1264.16,-1487.58,-1040.73
3200.0,-1274.16,-1497.58,-1050.73
3300.0,-1284.16,-1507.58,-1060.73
3400.0,-1294.16,-1517.58,-1070.73
3500.0,-1304.16,-1527.58,-1080.73
3600.0,-1314.16,-1537.58,-1090.73
3700.0,-1324.16,-1547.58,-1100.73
3800.0,-1334.16,-1557.58,-1110.73
3900.0,-1344.16,-1567.58,-1120.73
4000.0,-1354.16,-1577.58,-1130.73
