episodes,mean,ci_down,ci_up
0.0,12.68,10.68,14.68
5.0,104.43,85.63,123.23
10.0,247.26,218.86,275.66
15.0,401.85,363.26,440.44
20.0,577.02,530.75,623.29
25.0,763.65,711.65,815.65
30.0,952.64,894.72,1010.56
35.0,1147.02,1084.36,1209.68
40.0,1337.57,1268.88,1406.26
45.0,1528.11,1454.23,1601.99
50.0,1722.47,1643.47,1801.47
55.0,1916.59,1832.86,2000.32
60.0,2116.76,2031.47,2202.05
65.0,2311.05,2223.40,2398.70
70.0,2509.17,2419.65,2598.69
75.0,2707.96,2616.26,2799.66
80.0,2906.16,2812.31,3000.01
85.0,3108.16,3014.31,3202.01
90.0,3308.19,3214.06,3402.32
95.0,3510.19,3416.06,3604.32
100.0,3710.47,3615.97,3804.97
105.0,3910.84,3815.88,4005.80
110.0,4112.84,4017.88,4207.80
115.0,4311.21,4215.66,4406.76
120.0,4513.21,4417.66,4608.76
125.0,4713.51,4617.25,4809.77
130.0,4913.67,4816.52,5010.82
135.0,5115.67,5018.52,5212.82
140.0,5317.67,5220.52,5414.82
145.0,5519.67,5422.52,5616.82
150.0,5721.67,5624.52,5818.82
155.0,5923.67,5826.52,6020.82
160.0,6125.67,6028.52,6222.82
165.0,6327.67,6230.52,6424.82
170.0,6529.67,6432.52,6626.82
175.0,6731.67,6634.52,6828.82
180.0,6933.67,6836.52,7030.82
185.0,7135.67,7038.52,7232.82
190.0,7337.67,7240.52,7434.82
195.0,7539.67,7442.52,7636.82
200.0,7741.67,7644.52,7838.82
205.0,7943.67,7846.52,8040.82
210.0,8145.67,8048.52,8242.82
215.0,8347.67,8250.52,8444.82
220.0,8549.67,8452.52,8646.82
225.0,8751.67,8654.52,8848.82
230.0,8953.67,8856.52,9050.82
235.0,9155.67,9058.52,9252.82
240.0,9357.67,9260.52,9454.82
245.0,9559.67,9462.52,9656.82
250.0,9761.67,9664.52,9858.82
255.0,9963.67,9866.52,10060.82
260.0,10165.67,10068.52,10262.82
265.0,10367.67,10270.52,10464.82
270.0,10569.67,10472.52,10666.82
275.0,10771.67,10674.52,10868.82
280.0,10973.67,10876.52,11070.82
285.0,11175.67,11078.52,11272.82
290.0,11377.67,11280.52,11474.82
295.0,11579.67,11482.52,11676.82
300.0,11781.67,11684.52,11878.82
305.0,11983.67,11886.52,12080.82
310.0,12185.67,12088.52,12282.82
315.0,12387.67,12290.52,12484.82
320.0,12589.67,12492.52,12686.82
325.0,12791.67,12694.52,12888.82
330.0,12993.67,12896.52,13090.82
335.0,13195.67,13098.52,13292.82
340.0,13397.67,13300.52,13494.82
345.0,13599.67,13502.52,13696.82
350.0,13801.67,13704.52,13898.82
355.0,14003.67,13906.52,14100.82
360.0,14205.67,14108.52,14302.82
365.0,14407.67,14310.52,14504.82
370.0,14609.67,14512.52,14706.82
375.0,14811.67,14714.52,14908.82
380.0,15013.67,14916.52,15110.82
385.0,15215.67,15118.52,15312.82
390.0,15417.67,15320.52,15514.82
395.0,15619.67,15522.52,15716.82
400.0,15821.67,15724.52,15918.82
405.0,16023.67,15926.52,16120.82
410.0,16225.67,16128.52,16322.82
415.0,16427.67,16330.52,16524.82
420.0,16629.67,16532.52,16726.82
425.0,16831.67,16734.52,16928.82
430.0,17033.67,16936.52,17130.82
435.0,17235.67,17138.52,17332.82
440.0,17437.67,17340.52,17534.82
445.0,17639.67,17542.52,17736.82
450.0,17841.67,17744.52,17938.82
455.0,18043.67,17946.52,18140.82
460.0,18245.67,18148.52,18342.82
465.0,18447.67,18350.52,18544.82
470.0,18649.67,18552.52,18746.82
475.0,18851.67,18754.52,18948.82
480.0,19053.67,18956.52,19150.82
485.0,19255.67,19158.52,19352.82
490.0,19457.67,19360.52,19554.82
495.0,19659.67,19562.52,19756.82
500.0,19861.67,19764.52,19958.82
505.0,20063.67,19966.52,20160.82
510.0,20265.67,20168.52,20362.82
515.0,20467.67,20370.52,20564.82
520.0,20669.67,20572.52,20766.82
525.0,20871.67,20774.52,20968.82
530.0,21073.67,20976.52,21170.82
535.0,21275.67,21178.52,21372.82
540.0,21477.67,21380.52,21574.82
545.0,21679.67,21582.52,21776.82
550.0,21881.67,21784.52,21978.82
555.0,22083.67,21986.52,22180.82
560.0,22285.67,22188.52,22382.82
565.0,22487.67,22390.52,22584.82
570.0,22689.67,22592.52,22786.82
575.0,22891.67,22794.52,22988.82
580.0,23093.67,22996.52,23190.82
585.0,23295.67,23198.52,23392.82
590.0,23497.67,23400.52,23594.82
595.0,23699.67,23602.52,23796.82
600.0,23901.67,23804.52,23998.82
605.0,24103.67,24006.52,24200.82
610.0,24305.67,24208.52,24402.82
615.0,24507.67,24410.52,24604.82
620.0,24709.67,24612.52,24806.82
625.0,24911.67,24814.52,25008.82
630.0,25113.67,25016.52,25210.82
635.0,25315.67,25218.52,25412.82
640.0,25517.67,25420.52,25614.82
645.0,25719.67,25622.52,25816.82
650.0,25921.67,25824.52,26018.82
655.0,26123.67,26026.52,26220.82
660.0,26325.67,26228.52,26422.82
665.0,26527.67,26430.52,26624.82
670.0,26729.67,26632.52,26826.82
675.0,26931.67,26834.52,27028.82
680.0,27133.67,27036.52,27230.82
685.0,27335.67,27238.52,27432.82
690.0,27537.67,27440.52,27634.82
695.0,27739.67,27642.52,27836.82
700.0,27941.67,27844.52,28038.82
705.0,28143.67,28046.52,28240.82
710.0,28345.67,28248.52,28442.82
715.0,28547.67,28450.52,28644.82
720.0,28749.67,28652.52,28846.82
725.0,28951.67,28854.52,29048.82
730.0,29153.67,29056.52,29250.82
735.0,29355.67,29258.52,29452.82
740.0,29557.67,29460.52,29654.82
745.0,29759.67,29662.52,29856.82
750.0,29961.67,29864.52,30058.82
755.0,30163.67,30066.52,30260.82
760.0,30365.67,30268.52,30462.82
765.0,30567.67,30470.52,30664.82
770.0,30769.67,30672.52,30866.82
775.0,30971.67,30874.52,31068.82
780.0,31173.67,31076.52,31270.82
785.0,31375.67,31278.52,31472.82
790.0,31577.67,31480.52,31674.82
795.0,31779.67,31682.52,31876.82
800.0,31981.67,31884.52,32078.82
805.0,32183.67,32086.52,32280.82
810.0,32385.67,32288.52,32482.82
815.0,32587.67,32490.52,32684.82
820.0,32789.67,32692.52,32886.82
825.0,32991.67,32894.52,33088.82
830.0,33193.67,33096.52,33290.82
835.0,33395.67,33298.52,33492.82
840.0,33597.67,33500.52,33694.82
845.0,33799.67,33702.52,33896.82
850.0,34001.67,33904.52,34098.82
855.0,34203.67,34106.52,34300.82
860.0,34405.67,34308.52,34502.82
865.0,34607.67,34510.52,34704.82
870.0,34809.67,34712.52,34906.82
875.0,35011.67,34914.52,35108.82
880.0,35213.67,35116.52,35310.82
885.0,35415.67,35318.52,35512.82
890.0,35617.67,35520.52,35714.82
895.0,35819.67,35722.52,35916.82
900.0,36021.67,35924.52,36118.82
905.0,36223.67,36126.52,36320.82
910.0,36425.67,36328.52,36522.82
915.0,36627.67,36530.52,36724.82
920.0,36829.67,36732.52,36926.82
925.0,37031.67,36934.52,37128.82
930.0,37233.67,37136.52,37330.82
935.0,37435.67,37338.52,37532.82
940.0,37637.67,37540.52,37734.82
945.0,37839.67,37742.52,37936.82
950.0,38041.67,37944.52,38138.82
955.0,38243.67,38146.52,38340.82
960.0,38445.67,38348.52,38542.82
965.0,38647.67,38550.52,38744.82
970.0,38849.67,38752.52,38946.82
975.0,39051.67,38954.52,39148.82
980.0,39253.67,39156.52,39350.82
985.0,39455.67,39358.52,39552.82
990.0,39657.67,39560.52,39754.82
995.0,39859.67,39762.52,39956.82
1000.0,40061.67,39964.52,40158.82
1005.0,40263.67,40166.52,40360.82
1010.0,40465.67,40368.52,40562.82
1015.0,40667.67,40570.52,40764.82
1020.0,40869.67,40772.52,40966.82
1025.0,41071.67,40974.52,41168.82
1030.0,41273.67,41176.52,41370.82
1035.0,41475.67,41378.52,41572.82
1040.0,41677.67,41580.52,41774.82
1045.0,41879.67,41782.52,41976.82
1050.0,42081.67,41984.52,42178.82
1055.0,42283.67,42186.52,42380.82
1060.0,42485.67,42388.52,42582.82
1065.0,42687.67,42590.52,42784.82
1070.0,42889.67,42792.52,42986.82
1075.0,43091.67,42994.52,43188.82
1080.0,43293.67,43196.52,43390.82
1085.0,43495.67,43398.52,43592.82
1090.0,43697.67,43600.52,43794.82
1095.0,43899.67,43802.52,43996.82
1100.0,44101.67,44004.52,44198.82
1105.0,44303.67,44206.52,44400.82
1110.0,44505.67,44408.52,44602.82
1115.0,44707.67,44610.52,44804.82
1120.0,44909.67,44812.52,45006.82
1125.0,45111.67,45014.52,45208.82
1130.0,45313.67,45216.52,45410.82
1135.0,45515.67,45418.52,45612.82
1140.0,45717.67,45620.52,45814.82
1145.0,45919.67,45822.52,46016.82
1150.0,46121.67,46024.52,46218.82
1155.0,46323.67,46226.52,46420.82
1160.0,46525.67,46428.52,46622.82
1165.0,46727.67,46630.52,46824.82
1170.0,46929.67,46832.52,47026.82
1175.0,47131.67,47034.52,47228.82
1180.0,47333.67,47236.52,47430.82
1185.0,47535.67,47438.52,47632.82
1190.0,47737.67,47640.52,47834.82
1195.0,47939.67,47842.52,48036.82
1200.0,48141.67,48044.52,48238.82
1205.0,48343.67,48246.52,48440.82
1210.0,48545.67,48448.52,48642.82
1215.0,48747.67,48650.52,48844.82
1220.0,48949.67,48852.52,49046.82
1225.0,49151.67,49054.52,49248.82
1230.0,49353.67,49256.52,49450.82
1235.0,49555.67,49458.52,49652.82
1240.0,49757.67,49660.52,49854.82
1245.0,49959.67,49862.52,50056.82
1250.0,50161.67,50064.52,50258.82
1255.0,50363.67,50266.52,50460.82
1260.0,50565.67,50468.52,50662.82
1265.0,50767.67,50670.52,50864.82
1270.0,50969.67,50872.52,51066.82
1275.0,51171.67,51074.52,51268.82
1280.0,51373.67,51276.52,51470.82
1285.0,51575.67,51478.52,51672.82
1290.0,51777.67,51680.52,51874.82
1295.0,51979.67,51882.52,52076.82
1300.0,52181.67,52084.52,52278.82
1305.0,52383.67,52286.52,52480.82
1310.0,52585.67,52488.52,52682.82
1315.0,52787.67,52690.52,52884.82
1320.0,52989.67,52892.52,53086.82
1325.0,53191.67,53094.52,53288.82
1330.0,53393.67,53296.52,53490.82
1335.0,53595.67,53498.52,53692.82
1340.0,53797.67,53700.52,53894.82
1345.0,53999.67,53902.52,54096.82
1350.0,54201.67,54104.52,54298.82
1355.0,54403.67,54306.52,54500.82
1360.0,54605.67,54508.52,54702.82
1365.0,54807.67,54710.52,54904.82
1370.0,55009.67,54912.52,55106.82
1375.0,55211.67,55114.52,55308.82
1380.0,55413.67,55316.52,55510.82
1385.0,55615.67,55518.52,55712.82
1390.0,55817.67,55720.52,55914.82
1395.0,56019.67,55922.52,56116.82
1400.0,56221.67,56124.52,56318.82
1405.0,56423.67,56326.52,56520.82
1410.0,56625.67,56528.52,56722.82
1415.0,56827.67,56730.52,56924.82
1420.0,57029.67,56932.52,57126.82
1425.0,57231.67,57134.52,57328.82
1430.0,57433.67,57336.52,57530.82
1435.0,57635.67,57538.52,57732.82
1440.0,57837.67,57740.52,57934.82
1445.0,58039.67,57942.52,58136.82
1450.0,58241.67,58144.52,58338.82
1455.0,58443.67,58346.52,58540.82
1460.0,58645.67,58548.52,58742.82
1465.0,58847.67,58750.52,58944.82
1470.0,59049.67,58952.52,59146.82
1475.0,59251.67,59154.52,59348.82
1480.0,59453.67,59356.52,59550.82
1485.0,59655.67,59558.52,59752.82
1490.0,59857.67,59760.52,59954.82
1495.0,60059.67,59962.52,60156.82
1500.0,60261.67,60164.52,60358.82
1505.0,60463.67,60366.52,60560.82
1510.0,60665.67,60568.52,60762.82
1515.0,60867.67,60770.52,60964.82
1520.0,61069.67,60972.52,61166.82
1525.0,61271.67,61174.52,61368.82
1530.0,61473.67,61376.52,61570.82
1535.0,61675.67,61578.52,61772.82
1540.0,61877.67,61780.52,61974.82
1545.0,62079.67,61982.52,62176.82
1550.0,62281.67,62184.52,62378.82
1555.0,62483.67,62386.52,62580.82
1560.0,62685.67,62588.52,62782.82
1565.0,62887.67,62790.52,62984.82
1570.0,63089.67,62992.52,63186.82
1575.0,63291.67,63194.52,63388.82
1580.0,63493.67,63396.52,63590.82
1585.0,63695.67,63598.52,63792.82
1590.0,63897.67,63800.52,63994.82
1595.0,64099.67,64002.52,64196.82
1600.0,64301.67,64204.52,64398.82
1605.0,64503.67,64406.52,64600.82
1610.0,64705.67,64608.52,64802.82
1615.0,64907.67,64810.52,65004.82
1620.0,65109.67,65012.52,65206.82
1625.0,65311.67,65214.52,65408.82
1630.0,65513.67,65416.52,65610.82
1635.0,65715.67,65618.52,65812.82
1640.0,65917.67,65820.52,66014.82
1645.0,66119.67,66022.52,66216.82
1650.0,66321.67,66224.52,66418.82
1655.0,66523.67,66426.52,66620.82
1660.0,66725.67,66628.52,66822.82
1665.0,66927.67,66830.52,67024.82
1670.0,67129.67,67032.52,67226.82
1675.0,67331.67,67234.52,67428.82
1680.0,67533.67,67436.52,67630.82
1685.0,67735.67,67638.52,67832.82
1690.0,67937.67,67840.52,68034.82
1695.0,68139.67,68042.52,68236.82
1700.0,68341.67,68244.52,68438.82
1705.0,68543.67,68446.52,68640.82
1710.0,68745.67,68648.52,68842.82
1715.0,68947.67,68850.52,69044.82
1720.0,69149.67,69052.52,69246.82
1725.0,69351.67,69254.52,69448.82
1730.0,69553.67,69456.52,69650.82
1735.0,69755.67,69658.52,69852.82
1740.0,69957.67,69860.52,70054.82
1745.0,70159.67,70062.52,70256.82
1750.0,70361.67,70264.52,70458.82
1755.0,70563.67,70466.52,70660.82
1760.0,70765.67,70668.52,70862.82
1765.0,70967.67,70870.52,71064.82
1770.0,71169.67,71072.52,71266.82
1775.0,71371.67,71274.52,71468.82
1780.0,71573.67,71476.52,71670.82
1785.0,71775.67,71678.52,71872.82
1790.0,71977.67,71880.52,72074.82
1795.0,72179.67,72082.52,72276.82
1800.0,72381.67,72284.52,72478.82
1805.0,72583.67,72486.52,72680.82
1810.0,72785.67,72688.52,72882.82
1815.0,72987.67,72890.52,73084.82
1820.0,73189.67,73092.52,73286.82
1825.0,73391.67,73294.52,73488.82
1830.0,73593.67,73496.52,73690.82
1835.0,73795.67,73698.52,73892.82
1840.0,73997.67,73900.52,74094.82
1845.0,74199.67,74102.52,74296.82
1850.0,74401.67,74304.52,74498.82
1855.0,74603.67,74506.52,74700.82
1860.0,74805.67,74708.52,74902.82
1865.0,75007.67,74910.52,75104.82
1870.0,75209.67,75112.52,75306.82
1875.0,75411.67,75314.52,75508.82
1880.0,75613.67,75516.52,75710.82
1885.0,75815.67,75718.52,75912.82
1890.0,76017.67,75920.52,76114.82
1895.0,76219.67,76122.52,76316.82
1900.0,76421.67,76324.52,76518.82
1905.0,76623.67,76526.52,76720.82
1910.0,76825.67,76728.52,76922.82
1915.0,77027.67,76930.52,77124.82
1920.0,77229.67,77132.52,77326.82
1925.0,77431.67,77334.52,77528.82
1930.0,77633.67,77536.52,77730.82
1935.0,77835.67,77738.52,77932.82
1940.0,78037.67,77940.52,78134.82
1945.0,78239.67,78142.52,78336.82
1950.0,78441.67,78344.52,78538.82
1955.0,78643.67,78546.52,78740.82
1960.0,78845.67,78748.52,78942.82
1965.0,79047.67,78950.52,79144.82
1970.0,79249.67,79152.52,79346.82
1975.0,79451.67,79354.52,79548.82
1980.0,79653.67,79556.52,79750.82
1985.0,79855.67,79758.52,79952.82
1990.0,80057.67,79960.52,80154.82
1995.0,80259.67,80162.52,80356.82
2000.0,80461.67,80364.52,80558.82
2005.0,80663.67,80566.52,80760.82
2010.0,80865.67,80768.52,80962.82
2015.0,81067.67,80970.52,81164.82
2020.0,81269.67,81172.52,81366.82
2025.0,81471.67,81374.52,81568.82
2030.0,81673.67,81576.52,81770.82
2035.0,81875.67,81778.52,81972.82
2040.0,82077.67,81980.52,82174.82
2045.0,82279.67,82182.52,82376.82
2050.0,82481.67,82384.52,82578.82
2055.0,82683.67,82586.52,82780.82
2060.0,82885.67,82788.52,82982.82
2065.0,83087.67,82990.52,83184.82
2070.0,83289.67,83192.52,83386.82
2075.0,83491.67,83394.52,83588.82
2080.0,83693.67,83596.52,83790.82
2085.0,83895.67,83798.52,83992.82
2090.0,84097.67,84000.52,84194.82
2095.0,84299.67,84202.52,84396.82
2100.0,84501.67,84404.52,84598.82
2105.0,84703.67,84606.52,84800.82
2110.0,84905.67,84808.52,85002.82
2115.0,85107.67,85010.52,85204.82
2120.0,85309.67,85212.52,85406.82
2125.0,85511.67,85414.52,85608.82
2130.0,85713.67,85616.52,85810.82
2135.0,85915.67,85818.52,86012.82
2140.0,86117.67,86020.52,86214.82
2145.0,86319.67,86222.52,86416.82
2150.0,86521.67,86424.52,86618.82
2155.0,86723.67,86626.52,86820.82
2160.0,86925.67,86828.52,87022.82
2165.0,87127.67,87030.52,87224.82
2170.0,87329.67,87232.52,87426.82
2175.0,87531.67,87434.52,87628.82
2180.0,87733.67,87636.52,87830.82
2185.0,87935.67,87838.52,88032.82
2190.0,88137.67,88040.52,88234.82
2195.0,88339.67,88242.52,88436.82
2200.0,88541.67,88444.52,88638.82
2205.0,88743.67,88646.52,88840.82
2210.0,88945.67,88848.52,89042.82
2215.0,89147.67,89050.52,89244.82
2220.0,89349.67,89252.52,89446.82
2225.0,89551.67,89454.52,89648.82
2230.0,89753.67,89656.52,89850.82
2235.0,89955.67,89858.52,90052.82
2240.0,90157.67,90060.52,90254.82
2245.0,90359.67,90262.52,90456.82
2250.0,90561.67,90464.52,90658.82
2255.0,90763.67,90666.52,90860.82
2260.0,90965.67,90868.52,91062.82
2265.0,91167.67,91070.52,91264.82
2270.0,91369.67,91272.52,91466.82
2275.0,91571.67,91474.52,91668.82
2280.0,91773.67,91676.52,91870.82
2285.0,91975.67,91878.52,92072.82
2290.0,92177.67,92080.52,92274.82
2295.0,92379.67,92282.52,92476.82
2300.0,92581.67,92484.52,92678.82
2305.0,92783.67,92686.52,92880.82
2310.0,92985.67,92888.52,93082.82
2315.0,93187.67,93090.52,93284.82
2320.0,93389.67,93292.52,93486.82
2325.0,93591.67,93494.52,93688.82
2330.0,93793.67,93696.52,93890.82
2335.0,93995.67,93898.52,94092.82
2340.0,94197.67,94100.52,94294.82
2345.0,94399.67,94302.52,94496.82
2350.0,94601.67,94504.52,94698.82
2355.0,94803.67,94706.52,94900.82
2360.0,95005.67,94908.52,95102.82
2365.0,95207.67,95110.52,95304.82
2370.0,95409.67,95312.52,95506.82
2375.0,95611.67,95514.52,95708.82
2380.0,95813.67,95716.52,95910.82
2385.0,96015.67,95918.52,96112.82
2390.0,96217.67,96120.52,96314.82
2395.0,96419.67,96322.52,96516.82
2400.0,96621.67,96524.52,96718.82
2405.0,96823.67,96726.52,96920.82
2410.0,97025.67,96928.52,97122.82
2415.0,97227.67,97130.52,97324.82
2420.0,97429.67,97332.52,97526.82
2425.0,97631.67,97534.52,97728.82
2430.0,97833.67,97736.52,97930.82
2435.0,98035.67,97938.52,98132.82
2440.0,98237.67,98140.52,98334.82
2445.0,98439.67,98342.52,98536.82
2450.0,98641.67,98544.52,98738.82
2455.0,98843.67,98746.52,98940.82
2460.0,99045.67,98948.52,99142.82
2465.0,99247.67,99150.52,99344.82
2470.0,99449.67,99352.52,99546.82
2475.0,99651.67,99554.52,99748.82
2480.0,99853.67,99756.52,99950.82
2485.0,100055.67,99958.52,100152.82
2490.0,100257.67,100160.52,100354.82
2495.0,100459.67,100362.52,100556.82
2500.0,100661.67,100564.52,100758.82
2505.0,100863.67,100766.52,100960.82
2510.0,101065.67,100968.52,101162.82
2515.0,101267.67,101170.52,101364.82
2520.0,101469.67,101372.52,101566.82
2525.0,101671.67,101574.52,101768.82
2530.0,101873.67,101776.52,101970.82
2535.0,102075.67,101978.52,102172.82
2540.0,102277.67,102180.52,102374.82
2545.0,102479.67,102382.52,102576.82
2550.0,102681.67,102584.52,102778.82
2555.0,102883.67,102786.52,102980.82
2560.0,103085.67,102988.52,103182.82
2565.0,103287.67,103190.52,103384.82
2570.0,103489.67,103392.52,103586.82
2575.0,103691.67,103594.52,103788.82
2580.0,103893.67,103796.52,103990.82
2585.0,104095.67,103998.52,104192.82
2590.0,104297.67,104200.52,104394.82
2595.0,104499.67,104402.52,104596.82
2600.0,104701.67,104604.52,104798.82
2605.0,104903.67,104806.52,105000.82
2610.0,105105.67,105008.52,105202.82
2615.0,105307.67,105210.52,105404.82
2620.0,105509.67,105412.52,105606.82
2625.0,105711.67,105614.52,105808.82
2630.0,105913.67,105816.52,106010.82
2635.0,106115.67,106018.52,106212.82
2640.0,106317.67,106220.52,106414.82
2645.0,106519.67,106422.52,106616.82
2650.0,106721.67,106624.52,106818.82
2655.0,106923.67,106826.52,107020.82
2660.0,107125.67,107028.52,107222.82
2665.0,107327.67,107230.52,107424.82
2670.0,107529.67,107432.52,107626.82
2675.0,107731.67,107634.52,107828.82
2680.0,107933.67,107836.52,108030.82
2685.0,108135.67,108038.52,108232.82
2690.0,108337.67,108240.52,108434.82
2695.0,108539.67,108442.52,108636.82
2700.0,108741.67,108644.52,108838.82
2705.0,108943.67,108846.52,109040.82
2710.0,109145.67,109048.52,109242.82
2715.0,109347.67,109250.52,109444.82
2720.0,109549.67,109452.52,109646.82
2725.0,109751.67,109654.52,109848.82
2730.0,109953.67,109856.52,110050.82
2735.0,110155.67,110058.52,110252.82
2740.0,110357.67,110260.52,110454.82
2745.0,110559.67,110462.52,110656.82
2750.0,110761.67,110664.52,110858.82
2755.0,110963.67,110866.52,111060.82
2760.0,111165.67,111068.52,111262.82
2765.0,111367.67,111270.52,111464.82
2770.0,111569.67,111472.52,111666.82
2775.0,111771.67,111674.52,111868.82
2780.0,111973.67,111876.52,112070.82
2785.0,112175.67,112078.52,112272.82
2790.0,112377.67,112280.52,112474.82
2795.0,112579.67,112482.52,112676.82
2800.0,112781.67,112684.52,112878.82
2805.0,112983.67,112886.52,113080.82
2810.0,113185.67,113088.52,113282.82
2815.0,113387.67,113290.52,113484.82
2820.0,113589.67,113492.52,113686.82
2825.0,113791.67,113694.52,113888.82
2830.0,113993.67,113896.52,114090.82
2835.0,114195.67,114098.52,114292.82
2840.0,114397.67,114300.52,114494.82
2845.0,114599.67,114502.52,114696.82
2850.0,114801.67,114704.52,114898.82
2855.0,115003.67,114906.52,115100.82
2860.0,115205.67,115108.52,115302.82
2865.0,115407.67,115310.52,115504.82
2870.0,115609.67,115512.52,115706.82
2875.0,115811.67,115714.52,115908.82
2880.0,116013.67,115916.52,116110.82
2885.0,116215.67,116118.52,116312.82
2890.0,116417.67,116320.52,116514.82
2895.0,116619.67,116522.52,116716.82
2900.0,116821.67,116724.52,116918.82
2905.0,117023.67,116926.52,117120.82
2910.0,117225.67,117128.52,117322.82
2915.0,117427.67,117330.52,117524.82
2920.0,117629.67,117532.52,117726.82
2925.0,117831.67,117734.52,117928.82
2930.0,118033.67,117936.52,118130.82
2935.0,118235.67,118138.52,118332.82
2940.0,118437.67,118340.52,118534.82
2945.0,118639.67,118542.52,118736.82
2950.0,118841.67,118744.52,118938.82
2955.0,119043.67,118946.52,119140.82
2960.0,119245.67,119148.52,119342.82
2965.0,119447.67,119350.52,119544.82
2970.0,119649.67,119552.52,119746.82
2975.0,119851.67,119754.52,119948.82
2980.0,120053.67,119956.52,120150.82
2985.0,120255.67,120158.52,120352.82
2990.0,120457.67,120360.52,120554.82
2995.0,120659.67,120562.52,120756.82
3000.0,120861.67,120764.52,120958.82
3005.0,121063.67,120966.52,121160.82
3010.0,121265.67,121168.52,121362.82
3015.0,121467.67,121370.52,121564.82
3020.0,121669.67,121572.52,121766.82
3025.0,121871.67,121774.52,121968.82
3030.0,122073.67,121976.52,122170.82
3035.0,122275.67,122178.52,122372.82
3040.0,122477.67,122380.52,122574.82
3045.0,122679.67,122582.52,122776.82
3050.0,122881.67,122784.52,122978.82
3055.0,123083.67,122986.52,123180.82
3060.0,123285.67,123188.52,123382.82
3065.0,123487.67,123390.52,123584.82
3070.0,123689.67,123592.52,123786.82
3075.0,123891.67,123794.52,123988.82
3080.0,124093.67,123996.52,124190.82
3085.0,124295.67,124198.52,124392.82
3090.0,124497.67,124400.52,124594.82
3095.0,124699.67,124602.52,124796.82
3100.0,124901.67,124804.52,124998.82
3105.0,125103.67,125006.52,125200.82
3110.0,125305.67,125208.52,125402.82
3115.0,125507.67,125410.52,125604.82
3120.0,125709.67,125612.52,125806.82
3125.0,125911.67,125814.52,126008.82
3130.0,126113.67,126016.52,126210.82
3135.0,126315.67,126218.52,126412.82
3140.0,126517.67,126420.52,126614.82
3145.0,126719.67,126622.52,126816.82
3150.0,126921.67,126824.52,127018.82
3155.0,127123.67,127026.52,127220.82
3160.0,127325.67,127228.52,127422.82
3165.0,127527.67,127430.52,127624.82
3170.0,127729.67,127632.52,127826.82
3175.0,127931.67,127834.52,128028.82
3180.0,128133.67,128036.52,128230.82
3185.0,128335.67,128238.52,128432.82
3190.0,128537.67,128440.52,128634.82
3195.0,128739.67,128642.52,128836.82
3200.0,128941.67,128844.52,129038.82
3205.0,129143.67,129046.52,129240.82
3210.0,129345.67,129248.52,129442.82
3215.0,129547.67,129450.52,129644.82
3220.0,129749.67,129652.52,129846.82
3225.0,129951.67,129854.52,130048.82
3230.0,130153.67,130056.52,130250.82
3235.0,130355.67,130258.52,130452.82
3240.0,130557.67,130460.52,130654.82
3245.0,130759.67,130662.52,130856.82
3250.0,130961.67,130864.52,131058.82
3255.0,131163.67,131066.52,131260.82
3260.0,131365.67,131268.52,131462.82
3265.0,131567.67,131470.52,131664.82
3270.0,131769.67,131672.52,131866.82
3275.0,131971.67,131874.52,132068.82
3280.0,132173.67,132076.52,132270.82
3285.0,132375.67,132278.52,132472.82
3290.0,132577.67,132480.52,132674.82
3295.0,132779.67,132682.52,132876.82
3300.0,132981.67,132884.52,133078.82
3305.0,133183.67,133086.52,133280.82
3310.0,133385.67,133288.52,133482.82
3315.0,133587.67,133490.52,133684.82
3320.0,133789.67,133692.52,133886.82
3325.0,133991.67,133894.52,134088.82
3330.0,134193.67,134096.52,134290.82
3335.0,134395.67,134298.52,134492.82
3340.0,134597.67,134500.52,134694.82
3345.0,134799.67,134702.52,134896.82
3350.0,135001.67,134904.52,135098.82
3355.0,135203.67,135106.52,135300.82
3360.0,135405.67,135308.52,135502.82
3365.0,135607.67,135510.52,135704.82
3370.0,135809.67,135712.52,135906.82
3375.0,136011.67,135914.52,136108.82
3380.0,136213.67,136116.52,136310.82
3385.0,136415.67,136318.52,136512.82
3390.0,136617.67,136520.52,136714.82
3395.0,136819.67,136722.52,136916.82
3400.0,137021.67,136924.52,137118.82
3405.0,137223.67,137126.52,137320.82
3410.0,137425.67,137328.52,137522.82
3415.0,137627.67,137530.52,137724.82
3420.0,137829.67,137732.52,137926.82
3425.0,138031.67,137934.52,138128.82
3430.0,138233.67,138136.52,138330.82
3435.0,138435.67,138338.52,138532.82
3440.0,138637.67,138540.52,138734.82
3445.0,138839.67,138742.52,138936.82
3450.0,139041.67,138944.52,139138.82
3455.0,139243.67,139146.52,139340.82
3460.0,139445.67,139348.52,139542.82
3465.0,139647.67,139550.52,139744.82
3470.0,139849.67,139752.52,139946.82
3475.0,140051.67,139954.52,140148.82
3480.0,140253.67,140156.52,140350.82
3485.0,140455.67,140358.52,140552.82
3490.0,140657.67,140560.52,140754.82
3495.0,140859.67,140762.52,140956.82
3500.0,141061.67,140964.52,141158.82
3505.0,141263.67,141166.52,141360.82
3510.0,141465.67,141368.52,141562.82
3515.0,141667.67,141570.52,141764.82
3520.0,141869.67,141772.52,141966.82
3525.0,142071.67,141974.52,142168.82
3530.0,142273.67,142176.52,142370.82
3535.0,142475.67,142378.52,142572.82
3540.0,142677.67,142580.52,142774.82
3545.0,142879.67,142782.52,142976.82
3550.0,143081.67,142984.52,143178.82
3555.0,143283.67,143186.52,143380.82
3560.0,143485.67,143388.52,143582.82
3565.0,143687.67,143590.52,143784.82
3570.0,143889.67,143792.52,143986.82
3575.0,144091.67,143994.52,144188.82
3580.0,144293.67,144196.52,144390.82
3585.0,144495.67,144398.52,144592.82
3590.0,144697.67,144600.52,144794.82
3595.0,144899.67,144802.52,144996.82
3600.0,145101.67,145004.52,145198.82
3605.0,145303.67,145206.52,145400.82
3610.0,145505.67,145408.52,145602.82
3615.0,145707.67,145610.52,145804.82
3620.0,145909.67,145812.52,146006.82
3625.0,146111.67,146014.52,146208.82
3630.0,146313.67,146216.52,146410.82
3635.0,146515.67,146418.52,146612.82
3640.0,146717.67,146620.52,146814.82
3645.0,146919.67,146822.52,147016.82
3650.0,147121.67,147024.52,147218.82
3655.0,147323.67,147226.52,147420.82
3660.0,147525.67,147428.52,147622.82
3665.0,147727.67,147630.52,147824.82
3670.0,147929.67,147832.52,148026.82
3675.0,148131.67,148034.52,148228.82
3680.0,148333.67,148236.52,148430.82
3685.0,148535.67,148438.52,148632.82
3690.0,148737.67,148640.52,148834.82
3695.0,148939.67,148842.52,149036.82
3700.0,149141.67,149044.52,149238.82
3705.0,149343.67,149246.52,149440.82
3710.0,149545.67,149448.52,149642.82
3715.0,149747.67,149650.52,149844.82
3720.0,149949.67,149852.52,150046.82
3725.0,150151.67,150054.52,150248.82
3730.0,150353.67,150256.52,150450.82
3735.0,150555.67,150458.52,150652.82
3740.0,150757.67,150660.52,150854.82
3745.0,150959.67,150862.52,151056.82
3750.0,151161.67,151064.52,151258.82
3755.0,151363.67,151266.52,151460.82
3760.0,151565.67,151468.52,151662.82
3765.0,151767.67,151670.52,151864.82
3770.0,151969.67,151872.52,152066.82
3775.0,152171.67,152074.52,152268.82
3780.0,152373.67,152276.52,152470.82
3785.0,152575.67,152478.52,152672.82
3790.0,152777.67,152680.52,152874.82
3795.0,152979.67,152882.52,153076.82
3800.0,153181.67,153084.52,153278.82
3805.0,153383.67,153286.52,153480.82
3810.0,153585.67,153488.52,153682.82
3815.0,153787.67,153690.52,153884.82
3820.0,153989.67,153892.52,154086.82
3825.0,154191.67,154094.52,154288.82
3830.0,154393.67,154296.52,154490.82
3835.0,154595.67,154498.52,154692.82
3840.0,154797.67,154700.52,154894.82
3845.0,154999.67,154902.52,155096.82
3850.0,155201.67,155104.52,155298.82
3855.0,155403.67,155306.52,155500.82
3860.0,155605.67,155508.52,155702.82
3865.0,155807.67,155710.52,155904.82
3870.0,156009.67,155912.52,156106.82
3875.0,156211.67,156114.52,156308.82
3880.0,156413.67,156316.52,156510.82
3885.0,156615.67,156518.52,156712.82
3890.0,156817.67,156720.52,156914.82
3895.0,157019.67,156922.52,157116.82
3900.0,157221.67,157124.52,157318.82
3905.0,157423.67,157326.52,157520.82
3910.0,157625.67,157528.52,157722.82
3915.0,157827.67,157730.52,157924.82
3920.0,158029.67,157932.52,158126.82
3925.0,158231.67,158134.52,158328.82
3930.0,158433.67,158336.52,158530.82
3935.0,158635.67,158538.52,158732.82
3940.0,158837.67,158740.52,158934.82
3945.0,159039.67,158942.52,159136.82
3950.0,159241.67,159144.52,159338.82
3955.0,159443.67,159346.52,159540.82
3960.0,159645.67,159548.52,159742.82
3965.0,159847.67,159750.52,159944.82
3970.0,160049.67,159952.52,160146.82
3975.0,160251.67,160154.52,160348.82
3980.0,160453.67,160356.52,160550.82
3985.0,160655.67,160558.52,160752.82
3990.0,160857.67,160760.52,160954.82
3995.0,161059.67,160962.52,161156.82
4000.0,161261.67,161164.52,161358.82
