trial,mean,ci_down,ci_up
0.0,66.18,56.22,76.14
10.0,70.22,54.35,86.09
20.0,69.72,52.45,87.00
30.0,70.84,55.33,86.35
40.0,68.76,52.96,84.57
50.0,68.16,55.05,81.27
60.0,67.87,56.83,78.90
70.0,68.03,54.53,81.54
80.0,63.40,50.52,76.29
90.0,62.08,52.33,71.84
100.0,63.92,51.66,76.19
110.0,62.97,53.16,72.78
120.0,62.82,50.19,75.44
130.0,67.58,52.78,82.37
140.0,59.40,51.98,66.81
150.0,61.27,49.97,72.57
160.0,64.12,52.35,75.88
170.0,64.54,50.31,78.77
180.0,62.53,50.25,74.82
190.0,66.03,53.62,78.45
200.0,60.47,51.57,69.37
210.0,59.58,49.99,69.18
220.0,60.47,51.20,69.73
230.0,61.57,51.64,71.49
240.0,62.91,50.40,75.43
250.0,62.46,51.18,73.73
260.0,59.93,48.25,71.60
270.0,63.40,51.36,75.44
280.0,61.76,54.54,68.97
290.0,61.67,50.16,73.19
300.0,60.46,48.70,72.22
310.0,56.77,48.85,64.69
320.0,57.85,46.21,69.48
330.0,61.32,50.51,72.12
340.0,58.41,48.78,68.05
350.0,58.68,49.15,68.21
360.0,60.16,51.15,69.17
370.0,56.47,47.82,65.12
380.0,58.71,48.32,69.10
390.0,59.42,45.97,72.87
400.0,58.61,46.63,70.59
410.0,55.49,45.53,65.45
420.0,57.10,46.22,67.99
430.0,58.87,50.85,66.88
440.0,55.02,45.99,64.05
450.0,55.98,47.27,64.69
460.0,55.74,46.87,64.61
470.0,55.75,45.57,65.92
480.0,52.98,44.90,61.06
490.0,60.23,47.62,72.85
500.0,56.85,46.01,67.70
510.0,60.06,49.05,71.07
520.0,55.08,46.22,63.93
530.0,54.80,45.99,63.62
540.0,58.53,47.24,69.82
550.0,56.31,46.56,66.07
560.0,57.89,47.40,68.37
570.0,53.70,43.80,63.61
580.0,53.80,45.27,62.32
590.0,56.60,46.54,66.67
600.0,51.79,45.45,58.13
610.0,55.74,44.76,66.71
620.0,52.35,44.10,60.60
630.0,54.97,46.03,63.91
640.0,53.60,46.25,60.94
650.0,54.95,45.71,64.18
660.0,52.38,44.91,59.85
670.0,56.48,50.36,62.59
680.0,58.06,47.12,69.00
690.0,53.04,44.80,61.27
700.0,56.59,46.43,66.75
710.0,55.64,46.38,64.90
720.0,52.66,44.02,61.30
730.0,56.18,47.81,64.54
740.0,53.66,45.74,61.58
750.0,52.42,43.31,61.54
760.0,54.79,43.73,65.84
770.0,55.13,45.51,64.75
780.0,52.91,44.62,61.21
790.0,50.92,43.47,58.38
800.0,51.94,44.48,59.40
810.0,51.49,43.83,59.16
820.0,54.58,44.78,64.38
830.0,54.40,45.32,63.48
840.0,54.06,44.80,63.33
850.0,52.90,46.34,59.45
860.0,51.16,43.01,59.32
870.0,51.05,42.54,59.57
880.0,53.72,47.08,60.37
890.0,52.96,44.00,61.92
900.0,52.12,43.11,61.13
910.0,52.18,44.81,59.55
920.0,51.23,45.33,57.14
930.0,52.53,45.84,59.22
940.0,51.98,45.18,58.78
950.0,53.27,44.09,62.45
960.0,51.33,45.57,57.09
970.0,52.18,43.74,60.62
980.0,50.78,45.96,55.60
990.0,53.48,45.08,61.88
1000.0,49.96,41.12,58.81
1010.0,52.63,41.77,63.49
1020.0,51.25,44.76,57.74
1030.0,53.78,42.87,64.69
1040.0,51.41,40.61,62.21
1050.0,49.95,44.36,55.54
1060.0,50.21,42.49,57.93
1070.0,51.51,44.26,58.76
1080.0,47.17,41.87,52.48
1090.0,47.56,39.21,55.92
1100.0,52.05,41.81,62.29
1110.0,49.98,43.28,56.68
1120.0,49.94,43.70,56.19
1130.0,54.60,41.88,67.33
1140.0,48.95,42.00,55.91
1150.0,49.71,41.13,58.29
1160.0,47.60,40.99,54.21
1170.0,50.22,41.86,58.58
1180.0,47.09,40.75,53.43
1190.0,47.87,42.65,53.09
1200.0,48.59,42.52,54.66
1210.0,48.73,42.08,55.37
1220.0,49.54,43.26,55.82
1230.0,48.51,43.21,53.80
1240.0,50.17,44.81,55.53
1250.0,47.52,39.08,55.97
1260.0,48.08,43.76,52.39
1270.0,49.26,43.67,54.85
1280.0,47.36,40.93,53.80
1290.0,47.50,42.01,53.00
1300.0,47.71,41.94,53.49
1310.0,47.88,40.23,55.53
1320.0,47.63,40.30,54.97
1330.0,48.00,41.07,54.93
1340.0,45.64,40.49,50.78
1350.0,50.18,44.52,55.83
1360.0,47.35,41.85,52.86
1370.0,47.87,42.53,53.21
1380.0,46.66,42.48,50.85
1390.0,49.05,41.80,56.30
1400.0,48.14,41.93,54.35
1410.0,49.39,43.73,55.04
1420.0,48.46,41.08,55.84
1430.0,48.12,42.81,53.43
1440.0,46.73,41.16,52.31
1450.0,48.54,43.63,53.45
1460.0,49.69,43.56,55.82
1470.0,48.28,40.70,55.85
1480.0,48.43,41.47,55.39
1490.0,47.01,39.08,54.94
1500.0,46.61,40.57,52.65
1510.0,47.93,39.69,56.17
1520.0,46.29,40.13,52.44
1530.0,49.07,43.42,54.73
1540.0,48.00,40.90,55.10
1550.0,46.83,40.89,52.77
1560.0,46.12,42.90,49.35
1570.0,46.58,41.00,52.15
1580.0,48.44,41.46,55.43
1590.0,46.57,39.80,53.34
1600.0,47.27,42.79,51.74
1610.0,46.26,39.12,53.39
1620.0,45.37,39.49,51.25
1630.0,46.70,41.80,51.59
1640.0,47.57,42.23,52.92
1650.0,45.08,40.16,50.00
1660.0,46.34,40.82,51.85
1670.0,46.76,40.74,52.78
1680.0,48.16,42.06,54.26
1690.0,47.82,40.01,55.64
1700.0,48.47,42.54,54.39
1710.0,46.61,41.18,52.04
1720.0,44.01,37.39,50.63
1730.0,43.13,39.17,47.08
1740.0,47.22,41.11,53.32
1750.0,49.48,42.78,56.17
1760.0,47.61,40.88,54.34
1770.0,45.87,42.15,49.58
1780.0,45.50,41.97,49.04
1790.0,47.82,41.96,53.67
1800.0,46.50,39.74,53.27
1810.0,46.43,40.25,52.62
1820.0,47.28,41.77,52.79
1830.0,46.63,40.72,52.55
1840.0,43.02,37.69,48.35
1850.0,48.82,41.16,56.48
1860.0,44.89,37.66,52.13
1870.0,46.57,39.43,53.70
1880.0,46.02,38.51,53.53
1890.0,44.09,39.52,48.66
1900.0,46.04,39.78,52.29
1910.0,44.53,38.47,50.58
1920.0,47.01,41.98,52.04
1930.0,46.62,41.47,51.77
1940.0,46.07,38.95,53.18
1950.0,45.47,40.01,50.93
1960.0,46.32,41.09,51.55
1970.0,44.23,38.30,50.17
1980.0,45.53,40.60,50.45
1990.0,43.25,38.81,47.69
2000.0,43.60,38.53,48.68
2010.0,43.70,37.88,49.52
2020.0,43.49,36.69,50.29
2030.0,45.04,38.10,51.98
2040.0,45.51,40.89,50.13
2050.0,43.66,36.46,50.86
2060.0,43.44,37.43,49.45
2070.0,46.05,39.00,53.10
2080.0,42.31,36.48,48.14
2090.0,45.19,40.25,50.14
2100.0,44.75,36.72,52.78
2110.0,46.86,39.77,53.94
2120.0,46.09,38.23,53.95
2130.0,47.06,42.55,51.57
2140.0,44.94,40.39,49.49
2150.0,46.35,40.99,51.72
2160.0,44.47,40.31,48.63
2170.0,44.10,37.35,50.86
2180.0,43.03,36.51,49.55
2190.0,46.56,37.76,55.36
2200.0,45.26,39.52,51.00
2210.0,44.94,40.10,49.77
2220.0,46.06,39.90,52.21
2230.0,44.41,37.44,51.39
2240.0,44.18,38.03,50.33
2250.0,43.59,38.59,48.59
2260.0,45.32,39.10,51.55
2270.0,45.19,39.64,50.73
2280.0,43.05,35.79,50.30
2290.0,45.05,40.79,49.30
2300.0,43.73,38.75,48.71
2310.0,43.51,37.64,49.38
2320.0,45.21,38.61,51.80
2330.0,46.14,35.91,56.37
2340.0,44.01,37.40,50.62
2350.0,42.34,36.85,47.82
2360.0,43.34,38.01,48.67
2370.0,42.52,36.19,48.86
2380.0,43.54,37.86,49.23
2390.0,45.58,40.62,50.53
2400.0,45.26,38.17,52.34
2410.0,44.09,38.53,49.65
2420.0,45.18,36.88,53.49
2430.0,45.21,40.30,50.11
2440.0,43.46,38.82,48.09
2450.0,43.21,38.17,48.25
2460.0,43.69,39.44,47.94
2470.0,43.59,38.43,48.76
2480.0,44.56,38.14,50.98
2490.0,42.16,37.12,47.21
2500.0,42.60,37.70,47.51
2510.0,43.47,35.65,51.29
2520.0,45.01,38.38,51.65
2530.0,43.70,37.65,49.74
2540.0,45.51,40.82,50.20
2550.0,42.69,37.77,47.61
2560.0,43.86,37.53,50.18
2570.0,42.01,37.27,46.74
2580.0,41.95,38.14,45.75
2590.0,43.81,38.83,48.79
2600.0,44.59,39.25,49.94
2610.0,42.94,36.86,49.02
2620.0,41.73,37.11,46.35
2630.0,43.17,39.17,47.16
2640.0,43.75,36.68,50.82
2650.0,42.72,36.63,48.82
2660.0,44.64,38.35,50.93
2670.0,41.01,36.41,45.62
2680.0,44.59,39.92,49.26
2690.0,41.14,35.67,46.60
2700.0,44.52,35.85,53.19
2710.0,44.10,37.71,50.50
2720.0,41.74,36.46,47.01
2730.0,43.68,36.92,50.45
2740.0,43.58,38.35,48.81
2750.0,41.68,36.60,46.77
2760.0,44.52,37.34,51.71
2770.0,42.64,37.24,48.04
2780.0,42.97,37.84,48.10
2790.0,41.73,36.05,47.42
2800.0,41.33,35.77,46.89
2810.0,43.18,37.04,49.32
2820.0,43.26,38.14,48.38
2830.0,41.54,36.87,46.21
2840.0,42.62,38.21,47.04
2850.0,43.07,36.62,49.53
2860.0,39.90,37.12,42.69
2870.0,41.55,36.47,46.62
2880.0,42.09,36.38,47.80
2890.0,41.26,36.00,46.52
2900.0,40.79,36.23,45.34
2910.0,41.06,36.92,45.20
2920.0,42.47,37.40,47.54
2930.0,41.26,36.81,45.72
2940.0,43.65,39.00,48.31
2950.0,40.14,34.95,45.33
2960.0,44.04,38.17,49.91
2970.0,40.39,36.11,44.66
2980.0,41.73,35.99,47.46
2990.0,41.33,35.48,47.17
3000.0,42.36,36.74,47.99
3010.0,41.88,36.87,46.89
3020.0,41.55,36.48,46.61
3030.0,41.62,37.08,46.16
3040.0,41.27,37.21,45.34
3050.0,41.24,36.37,46.10
3060.0,42.87,37.86,47.89
3070.0,42.83,36.77,48.89
3080.0,40.11,35.77,44.44
3090.0,42.62,36.10,49.13
3100.0,40.49,36.65,44.33
3110.0,41.30,35.35,47.24
3120.0,42.17,37.22,47.12
3130.0,38.91,36.69,41.13
3140.0,41.08,36.73,45.44
3150.0,42.00,36.92,47.09
3160.0,40.64,35.18,46.11
3170.0,39.86,37.15,42.57
3180.0,40.31,35.66,44.96
3190.0,41.72,36.43,47.02
3200.0,40.86,36.80,44.91
3210.0,41.00,37.64,44.36
3220.0,39.76,35.72,43.80
3230.0,42.26,37.49,47.04
3240.0,40.16,35.99,44.33
3250.0,42.58,35.53,49.62
3260.0,41.54,36.10,46.98
3270.0,40.64,35.47,45.81
3280.0,41.37,37.67,45.08
3290.0,41.04,36.01,46.07
3300.0,42.29,36.38,48.21
3310.0,40.56,36.35,44.77
3320.0,40.89,35.61,46.17
3330.0,39.01,33.19,44.83
3340.0,39.01,35.26,42.76
3350.0,40.91,35.49,46.34
3360.0,40.92,35.70,46.15
3370.0,42.54,37.41,47.66
3380.0,43.15,37.04,49.26
3390.0,39.07,34.44,43.69
3400.0,42.10,36.19,48.00
3410.0,40.77,36.87,44.67
3420.0,39.72,33.83,45.60
3430.0,41.07,35.83,46.30
3440.0,41.54,36.62,46.46
3450.0,42.14,35.76,48.52
3460.0,39.24,32.82,45.65
3470.0,40.59,36.40,44.77
3480.0,40.24,35.42,45.06
3490.0,39.38,34.10,44.66
3500.0,39.06,35.23,42.89
3510.0,39.65,34.75,44.54
3520.0,39.90,35.99,43.80
3530.0,40.60,35.53,45.66
3540.0,42.30,38.52,46.07
3550.0,43.08,36.02,50.14
3560.0,42.66,36.30,49.03
3570.0,41.44,36.81,46.07
3580.0,40.78,36.66,44.91
3590.0,40.58,36.54,44.62
3600.0,39.40,35.29,43.50
3610.0,40.64,36.10,45.19
3620.0,40.35,35.58,45.13
3630.0,38.96,32.93,44.98
3640.0,38.49,33.43,43.55
3650.0,39.01,34.29,43.74
3660.0,40.99,34.94,47.03
3670.0,40.05,34.26,45.83
3680.0,40.16,35.71,44.61
3690.0,40.99,36.80,45.17
3700.0,40.66,35.89,45.44
3710.0,41.02,34.90,47.14
3720.0,40.71,36.92,44.49
3730.0,42.45,37.60,47.31
3740.0,40.09,34.39,45.79
3750.0,39.62,35.55,43.69
3760.0,38.97,34.72,43.22
3770.0,38.82,34.76,42.89
3780.0,38.37,33.11,43.63
3790.0,38.58,33.52,43.64
3800.0,38.52,36.02,41.02
3810.0,40.55,35.98,45.12
3820.0,41.84,36.25,47.42
3830.0,41.71,37.78,45.64
3840.0,40.18,35.18,45.18
3850.0,39.04,33.99,44.10
3860.0,40.28,35.35,45.21
3870.0,41.03,36.79,45.27
3880.0,39.54,35.94,43.15
3890.0,39.14,34.56,43.72
3900.0,40.27,35.00,45.53
3910.0,41.54,35.33,47.74
3920.0,40.75,34.15,47.36
3930.0,42.21,36.92,47.49
3940.0,39.90,35.92,43.88
3950.0,37.71,32.40,43.03
3960.0,39.94,33.40,46.47
3970.0,39.72,35.21,44.24
3980.0,38.75,35.19,42.32
3990.0,40.45,36.81,44.10
4000.0,39.01,34.88,43.15
4010.0,38.32,34.55,42.09
4020.0,41.18,34.74,47.62
4030.0,38.54,34.12,42.95
4040.0,39.87,34.65,45.09
4050.0,39.77,34.36,45.18
4060.0,38.70,34.81,42.59
4070.0,39.37,34.84,43.91
4080.0,39.16,34.84,43.47
4090.0,40.31,34.48,46.15
4100.0,39.70,35.40,43.99
4110.0,39.99,35.02,44.97
4120.0,38.74,34.51,42.97
4130.0,38.45,33.07,43.83
4140.0,40.23,34.61,45.85
4150.0,39.66,35.10,44.22
4160.0,38.80,34.89,42.71
4170.0,39.80,34.33,45.27
4180.0,40.46,35.52,45.40
4190.0,39.16,35.28,43.03
4200.0,39.58,35.61,43.54
4210.0,38.91,36.25,41.58
4220.0,39.70,35.61,43.78
4230.0,39.67,36.21,43.13
4240.0,38.53,34.32,42.74
4250.0,37.35,33.55,41.16
4260.0,38.79,32.15,45.43
4270.0,37.86,32.90,42.82
4280.0,37.33,33.38,41.27
4290.0,40.30,36.18,44.42
4300.0,38.32,34.00,42.64
4310.0,37.92,35.13,40.71
4320.0,37.35,32.15,42.56
4330.0,38.57,35.17,41.97
4340.0,38.93,34.98,42.87
4350.0,38.88,35.27,42.49
4360.0,38.02,34.00,42.04
4370.0,36.97,33.61,40.33
4380.0,38.75,34.16,43.33
4390.0,36.83,31.82,41.83
4400.0,38.92,34.05,43.79
4410.0,37.76,32.63,42.88
4420.0,37.82,33.48,42.16
4430.0,37.66,33.43,41.88
4440.0,39.43,33.82,45.04
4450.0,38.80,35.34,42.27
4460.0,39.11,34.11,44.12
4470.0,37.97,34.43,41.51
4480.0,38.12,34.43,41.81
4490.0,38.29,33.57,43.01
4500.0,39.70,36.35,43.05
