trial,mean,ci_down,ci_up
0.0,0.43,0.14,0.71
10.0,0.27,0.00,0.54
20.0,0.32,0.12,0.53
30.0,0.39,0.11,0.67
40.0,0.45,0.12,0.77
50.0,0.41,0.10,0.72
60.0,0.38,0.17,0.59
70.0,0.48,0.14,0.83
80.0,0.50,0.18,0.82
90.0,0.39,0.06,0.72
100.0,0.41,0.19,0.64
110.0,0.42,0.21,0.64
120.0,0.54,0.21,0.87
130.0,0.54,0.23,0.84
140.0,0.37,0.09,0.66
150.0,0.66,0.29,1.02
160.0,0.44,0.18,0.69
170.0,0.50,0.19,0.81
180.0,0.31,0.05,0.57
190.0,0.24,0.01,0.47
200.0,0.45,0.22,0.67
210.0,0.53,0.23,0.83
220.0,0.36,0.12,0.60
230.0,0.50,0.12,0.87
240.0,0.44,0.22,0.67
250.0,0.40,0.19,0.62
260.0,0.49,0.22,0.76
270.0,0.37,0.01,0.73
280.0,0.45,0.08,0.81
290.0,0.40,0.19,0.61
300.0,0.52,0.22,0.82
310.0,0.41,0.08,0.73
320.0,0.51,0.11,0.91
330.0,0.50,0.26,0.74
340.0,0.44,0.10,0.77
350.0,0.56,0.28,0.83
360.0,0.34,0.06,0.62
370.0,0.58,0.34,0.81
380.0,0.47,0.13,0.81
390.0,0.48,0.21,0.75
400.0,0.31,0.02,0.60
410.0,0.46,0.16,0.75
420.0,0.50,0.19,0.81
430.0,0.44,0.18,0.70
440.0,0.24,0.00,0.47
450.0,0.32,0.04,0.59
460.0,0.41,0.10,0.73
470.0,0.36,0.15,0.57
480.0,0.52,0.24,0.81
490.0,0.50,0.23,0.76
500.0,0.38,0.11,0.65
510.0,0.41,0.14,0.69
520.0,0.58,0.31,0.84
530.0,0.31,0.06,0.57
540.0,0.61,0.32,0.90
550.0,0.42,0.11,0.73
560.0,0.55,0.23,0.87
570.0,0.35,0.07,0.64
580.0,0.45,0.07,0.83
590.0,0.42,0.21,0.64
600.0,0.56,0.21,0.91
610.0,0.42,0.12,0.73
620.0,0.59,0.32,0.85
630.0,0.40,0.14,0.66
640.0,0.48,0.13,0.83
650.0,0.51,0.26,0.77
660.0,0.59,0.31,0.87
670.0,0.38,0.06,0.70
680.0,0.31,0.06,0.56
690.0,0.46,0.23,0.69
700.0,0.32,0.10,0.55
710.0,0.47,0.19,0.75
720.0,0.45,0.17,0.73
730.0,0.65,0.31,0.98
740.0,0.32,0.10,0.53
750.0,0.48,0.27,0.68
760.0,0.49,0.20,0.77
770.0,0.39,0.09,0.68
780.0,0.46,0.11,0.82
790.0,0.32,0.08,0.56
800.0,0.61,0.34,0.88
810.0,0.39,0.13,0.64
820.0,0.52,0.22,0.81
830.0,0.38,0.04,0.72
840.0,0.57,0.19,0.94
850.0,0.43,0.05,0.81
860.0,0.45,0.07,0.82
870.0,0.42,0.08,0.76
880.0,0.27,0.04,0.50
890.0,0.32,0.07,0.57
900.0,0.58,0.26,0.89
910.0,0.46,0.20,0.71
920.0,0.46,0.22,0.70
930.0,0.56,0.20,0.91
940.0,0.37,0.14,0.59
950.0,0.45,0.18,0.73
960.0,0.46,0.18,0.75
970.0,0.45,0.13,0.76
980.0,0.29,0.09,0.50
990.0,0.60,0.29,0.91
1000.0,0.42,0.16,0.67
1010.0,0.48,0.21,0.75
1020.0,0.38,0.05,0.70
1030.0,0.57,0.27,0.86
1040.0,0.38,0.07,0.70
1050.0,0.45,0.19,0.72
1060.0,0.40,0.15,0.65
1070.0,0.53,0.27,0.78
1080.0,0.43,0.16,0.70
1090.0,0.54,0.26,0.82
1100.0,0.51,0.16,0.86
1110.0,0.45,0.15,0.75
1120.0,0.44,0.07,0.82
1130.0,0.47,0.13,0.81
1140.0,0.41,0.11,0.70
1150.0,0.44,0.16,0.71
1160.0,0.66,0.32,1.00
1170.0,0.41,0.19,0.63
1180.0,0.47,0.16,0.79
1190.0,0.57,0.24,0.90
1200.0,0.34,0.01,0.66
1210.0,0.50,0.16,0.84
1220.0,0.52,0.23,0.80
1230.0,0.51,0.21,0.81
1240.0,0.42,0.13,0.70
1250.0,0.38,0.14,0.62
1260.0,0.44,0.17,0.70
1270.0,0.54,0.28,0.81
1280.0,0.39,0.14,0.64
1290.0,0.43,0.21,0.65
1300.0,0.45,0.09,0.81
1310.0,0.36,0.05,0.66
1320.0,0.36,0.12,0.60
1330.0,0.55,0.20,0.90
1340.0,0.45,0.21,0.70
1350.0,0.39,0.10,0.68
1360.0,0.51,0.16,0.86
1370.0,0.51,0.19,0.84
1380.0,0.44,0.16,0.71
1390.0,0.51,0.19,0.83
1400.0,0.44,0.26,0.63
1410.0,0.33,0.11,0.54
1420.0,0.50,0.22,0.79
1430.0,0.36,0.11,0.61
1440.0,0.56,0.34,0.77
1450.0,0.41,0.11,0.72
1460.0,0.54,0.15,0.92
1470.0,0.66,0.34,0.98
1480.0,0.32,0.05,0.59
1490.0,0.36,0.07,0.65
1500.0,0.59,0.31,0.88
1510.0,0.43,0.10,0.77
1520.0,0.53,0.20,0.86
1530.0,0.53,0.19,0.87
1540.0,0.49,0.22,0.77
1550.0,0.51,0.25,0.77
1560.0,0.27,0.04,0.50
1570.0,0.46,0.20,0.71
1580.0,0.54,0.27,0.81
1590.0,0.35,0.04,0.66
1600.0,0.50,0.19,0.81
1610.0,0.57,0.21,0.92
1620.0,0.60,0.25,0.95
1630.0,0.57,0.36,0.78
1640.0,0.52,0.27,0.78
1650.0,0.52,0.28,0.76
1660.0,0.44,0.20,0.68
1670.0,0.38,0.13,0.62
1680.0,0.49,0.21,0.78
1690.0,0.59,0.22,0.96
1700.0,0.43,0.10,0.76
1710.0,0.30,0.11,0.49
1720.0,0.30,0.07,0.53
1730.0,0.39,0.17,0.62
1740.0,0.53,0.22,0.83
1750.0,0.35,0.11,0.59
1760.0,0.45,0.08,0.83
1770.0,0.44,0.16,0.73
1780.0,0.41,0.15,0.68
1790.0,0.32,-0.01,0.64
1800.0,0.43,0.18,0.68
1810.0,0.39,0.14,0.64
1820.0,0.44,0.08,0.79
1830.0,0.28,0.08,0.49
1840.0,0.48,0.24,0.71
1850.0,0.44,0.16,0.72
1860.0,0.49,0.27,0.70
1870.0,0.56,0.31,0.81
1880.0,0.51,0.20,0.82
1890.0,0.62,0.32,0.91
1900.0,0.43,0.16,0.71
1910.0,0.58,0.20,0.96
1920.0,0.53,0.27,0.78
1930.0,0.29,0.08,0.51
1940.0,0.39,0.08,0.70
1950.0,0.57,0.23,0.91
1960.0,0.33,0.06,0.60
1970.0,0.45,0.17,0.73
1980.0,0.59,0.27,0.91
1990.0,0.36,0.14,0.58
2000.0,0.36,0.08,0.64
2010.0,0.49,0.14,0.85
2020.0,0.35,0.09,0.62
2030.0,0.46,0.19,0.73
2040.0,0.36,0.09,0.63
2050.0,0.62,0.19,1.04
2060.0,0.48,0.17,0.80
2070.0,0.48,0.15,0.80
2080.0,0.62,0.33,0.90
2090.0,0.60,0.29,0.91
2100.0,0.46,0.20,0.71
2110.0,0.46,0.12,0.80
2120.0,0.47,0.23,0.71
2130.0,0.43,0.15,0.71
2140.0,0.44,0.20,0.68
2150.0,0.45,0.18,0.71
2160.0,0.40,0.09,0.71
2170.0,0.63,0.33,0.92
2180.0,0.53,0.18,0.88
2190.0,0.28,0.05,0.52
2200.0,0.39,0.05,0.72
2210.0,0.45,0.09,0.82
2220.0,0.45,0.12,0.78
2230.0,0.51,0.26,0.77
2240.0,0.49,0.18,0.80
2250.0,0.36,0.05,0.66
2260.0,0.38,0.08,0.68
2270.0,0.56,0.24,0.88
2280.0,0.36,0.12,0.60
2290.0,0.45,0.19,0.71
2300.0,0.49,0.18,0.80
2310.0,0.64,0.34,0.94
2320.0,0.63,0.40,0.85
2330.0,0.37,0.18,0.56
2340.0,0.51,0.16,0.86
2350.0,0.54,0.30,0.79
2360.0,0.49,0.19,0.78
2370.0,0.42,0.11,0.74
2380.0,0.32,0.11,0.53
2390.0,0.55,0.24,0.85
2400.0,0.39,0.12,0.66
2410.0,0.55,0.26,0.84
2420.0,0.48,0.20,0.76
2430.0,0.41,0.15,0.68
2440.0,0.44,0.12,0.75
2450.0,0.60,0.23,0.98
2460.0,0.65,0.39,0.91
2470.0,0.38,0.16,0.60
2480.0,0.42,0.11,0.72
2490.0,0.40,0.11,0.70
2500.0,0.52,0.20,0.84
2510.0,0.50,0.23,0.77
2520.0,0.37,0.08,0.65
2530.0,0.61,0.31,0.91
2540.0,0.56,0.20,0.93
2550.0,0.54,0.29,0.79
2560.0,0.50,0.12,0.88
2570.0,0.46,0.19,0.73
2580.0,0.50,0.21,0.78
2590.0,0.60,0.36,0.84
2600.0,0.40,0.06,0.74
2610.0,0.57,0.24,0.91
2620.0,0.53,0.19,0.86
2630.0,0.33,0.13,0.52
2640.0,0.35,0.03,0.66
2650.0,0.36,0.18,0.53
2660.0,0.49,0.13,0.86
2670.0,0.54,0.29,0.79
2680.0,0.48,0.21,0.75
2690.0,0.50,0.14,0.85
2700.0,0.53,0.25,0.80
2710.0,0.46,0.10,0.81
2720.0,0.47,0.19,0.75
2730.0,0.56,0.26,0.87
2740.0,0.52,0.27,0.77
2750.0,0.44,0.18,0.71
2760.0,0.64,0.34,0.94
2770.0,0.33,0.04,0.62
2780.0,0.59,0.25,0.93
2790.0,0.48,0.19,0.77
2800.0,0.55,0.25,0.86
2810.0,0.35,0.06,0.64
2820.0,0.53,0.23,0.84
2830.0,0.50,0.20,0.80
2840.0,0.33,0.02,0.65
2850.0,0.45,0.15,0.74
2860.0,0.69,0.38,0.99
2870.0,0.43,0.12,0.73
2880.0,0.38,0.07,0.69
2890.0,0.40,0.15,0.65
2900.0,0.56,0.22,0.90
2910.0,0.41,0.14,0.67
2920.0,0.46,0.16,0.76
2930.0,0.60,0.31,0.89
2940.0,0.42,0.09,0.75
2950.0,0.53,0.21,0.85
2960.0,0.41,0.08,0.73
2970.0,0.48,0.26,0.69
2980.0,0.36,0.03,0.68
2990.0,0.61,0.31,0.90
3000.0,0.54,0.21,0.87
3010.0,0.39,0.12,0.67
3020.0,0.63,0.32,0.95
3030.0,0.50,0.11,0.89
3040.0,0.50,0.17,0.84
3050.0,0.59,0.30,0.88
3060.0,0.48,0.16,0.79
3070.0,0.53,0.29,0.76
3080.0,0.48,0.13,0.83
3090.0,0.44,0.12,0.77
3100.0,0.29,0.02,0.57
3110.0,0.34,0.08,0.60
3120.0,0.50,0.17,0.84
3130.0,0.51,0.11,0.90
3140.0,0.38,0.13,0.63
3150.0,0.57,0.27,0.87
3160.0,0.22,0.04,0.41
3170.0,0.51,0.21,0.82
3180.0,0.38,0.14,0.62
3190.0,0.59,0.29,0.89
3200.0,0.52,0.19,0.85
3210.0,0.51,0.26,0.76
3220.0,0.43,0.15,0.71
3230.0,0.45,0.13,0.77
3240.0,0.37,0.11,0.62
3250.0,0.52,0.16,0.88
3260.0,0.43,0.19,0.66
3270.0,0.57,0.21,0.94
3280.0,0.23,0.03,0.43
3290.0,0.65,0.33,0.96
3300.0,0.45,0.17,0.72
3310.0,0.44,0.05,0.83
3320.0,0.50,0.30,0.71
3330.0,0.62,0.26,0.97
3340.0,0.38,0.12,0.65
3350.0,0.44,0.13,0.76
3360.0,0.46,0.08,0.83
3370.0,0.41,0.12,0.69
3380.0,0.35,0.12,0.58
3390.0,0.63,0.30,0.97
3400.0,0.49,0.18,0.80
3410.0,0.41,0.15,0.68
3420.0,0.51,0.26,0.76
3430.0,0.74,0.40,1.09
3440.0,0.43,0.16,0.71
3450.0,0.51,0.18,0.84
3460.0,0.42,0.11,0.73
3470.0,0.49,0.22,0.76
3480.0,0.29,0.04,0.53
3490.0,0.40,0.17,0.63
3500.0,0.49,0.14,0.85
3510.0,0.43,0.20,0.67
3520.0,0.36,0.12,0.60
3530.0,0.33,0.13,0.54
3540.0,0.43,0.24,0.61
3550.0,0.44,0.20,0.68
3560.0,0.42,0.13,0.72
3570.0,0.59,0.30,0.89
3580.0,0.21,0.00,0.41
3590.0,0.46,0.25,0.67
3600.0,0.63,0.33,0.93
3610.0,0.40,0.16,0.64
3620.0,0.38,0.12,0.63
3630.0,0.37,0.09,0.64
3640.0,0.48,0.21,0.75
3650.0,0.36,0.08,0.65
3660.0,0.55,0.26,0.85
3670.0,0.42,0.11,0.73
3680.0,0.55,0.25,0.86
3690.0,0.41,0.20,0.63
3700.0,0.47,0.11,0.84
3710.0,0.58,0.27,0.88
3720.0,0.41,0.05,0.77
3730.0,0.38,0.17,0.59
3740.0,0.41,0.08,0.75
3750.0,0.46,0.13,0.79
3760.0,0.47,0.19,0.76
3770.0,0.36,0.11,0.62
3780.0,0.44,0.16,0.71
3790.0,0.50,0.24,0.76
3800.0,0.42,0.24,0.60
3810.0,0.51,0.17,0.85
3820.0,0.60,0.20,1.01
3830.0,0.29,0.01,0.57
3840.0,0.48,0.08,0.89
3850.0,0.54,0.29,0.79
3860.0,0.44,0.16,0.72
3870.0,0.44,0.14,0.75
3880.0,0.51,0.25,0.77
3890.0,0.75,0.47,1.04
3900.0,0.69,0.27,1.12
3910.0,0.47,0.17,0.76
3920.0,0.53,0.10,0.96
3930.0,0.39,0.11,0.68
3940.0,0.51,0.21,0.81
3950.0,0.47,0.21,0.73
3960.0,0.55,0.26,0.83
3970.0,0.56,0.31,0.81
3980.0,0.52,0.24,0.80
3990.0,0.57,0.29,0.84
4000.0,0.58,0.26,0.90
4010.0,0.55,0.22,0.87
4020.0,0.65,0.32,0.98
4030.0,0.42,0.14,0.70
4040.0,0.57,0.20,0.93
4050.0,0.60,0.22,0.97
4060.0,0.53,0.31,0.76
4070.0,0.39,0.14,0.64
4080.0,0.53,0.28,0.78
4090.0,0.59,0.24,0.94
4100.0,0.25,0.07,0.42
4110.0,0.37,0.07,0.68
4120.0,0.46,0.17,0.75
4130.0,0.43,0.21,0.65
4140.0,0.56,0.36,0.76
4150.0,0.55,0.29,0.82
4160.0,0.48,0.22,0.74
4170.0,0.45,0.18,0.72
4180.0,0.67,0.34,0.99
4190.0,0.46,0.17,0.76
4200.0,0.28,0.10,0.46
4210.0,0.43,0.18,0.69
4220.0,0.57,0.28,0.86
4230.0,0.56,0.23,0.90
4240.0,0.44,0.12,0.77
4250.0,0.67,0.34,0.99
4260.0,0.46,0.23,0.69
4270.0,0.43,0.13,0.73
4280.0,0.64,0.34,0.93
4290.0,0.72,0.49,0.95
4300.0,0.47,0.21,0.73
4310.0,0.32,0.10,0.55
4320.0,0.67,0.33,1.01
4330.0,0.58,0.28,0.88
4340.0,0.60,0.35,0.85
4350.0,0.57,0.22,0.92
4360.0,0.43,0.10,0.76
4370.0,0.71,0.43,1.00
4380.0,0.44,0.23,0.66
4390.0,0.65,0.38,0.92
4400.0,0.49,0.21,0.76
4410.0,0.63,0.33,0.92
4420.0,0.40,0.19,0.61
4430.0,0.36,0.12,0.59
4440.0,0.62,0.24,1.00
4450.0,0.61,0.35,0.87
4460.0,0.36,0.12,0.60
4470.0,0.53,0.23,0.82
4480.0,0.37,0.09,0.64
4490.0,0.27,0.01,0.53
4500.0,0.51,0.17,0.86
