trial,mean,ci_down,ci_up
0.0,61.98,52.34,71.62
10.0,63.66,52.99,74.33
20.0,66.33,53.47,79.19
30.0,60.72,51.97,69.47
40.0,59.72,50.57,68.87
50.0,59.71,51.16,68.27
60.0,59.66,51.14,68.17
70.0,56.92,48.28,65.56
80.0,59.16,50.08,68.23
90.0,59.28,50.75,67.81
100.0,55.87,45.36,66.39
110.0,59.73,51.72,67.73
120.0,55.01,46.80,63.21
130.0,55.61,48.31,62.92
140.0,56.80,46.50,67.10
150.0,55.73,46.87,64.59
160.0,55.73,47.77,63.69
170.0,53.67,44.53,62.82
180.0,54.70,47.00,62.40
190.0,54.09,44.90,63.28
200.0,52.65,45.65,59.64
210.0,54.39,45.71,63.08
220.0,53.65,47.31,60.00
230.0,54.06,45.09,63.04
240.0,56.86,46.99,66.73
250.0,51.57,43.72,59.43
260.0,54.21,46.53,61.89
270.0,50.19,42.15,58.24
280.0,50.63,44.02,57.24
290.0,55.56,47.79,63.33
300.0,51.93,43.71,60.15
310.0,49.98,44.01,55.96
320.0,50.99,44.96,57.01
330.0,50.86,43.41,58.32
340.0,50.06,42.50,57.63
350.0,52.60,42.70,62.51
360.0,51.31,44.26,58.37
370.0,48.12,41.42,54.82
380.0,49.72,43.14,56.30
390.0,50.92,42.42,59.41
400.0,50.34,42.47,58.20
410.0,50.95,43.79,58.11
420.0,47.10,41.16,53.03
430.0,50.39,42.56,58.23
440.0,49.61,41.72,57.51
450.0,49.66,43.58,55.74
460.0,51.16,41.51,60.81
470.0,49.31,42.42,56.21
480.0,50.15,41.07,59.24
490.0,49.07,42.50,55.63
500.0,47.09,40.23,53.95
510.0,50.28,43.26,57.30
520.0,50.10,43.51,56.69
530.0,48.18,41.64,54.71
540.0,45.99,40.19,51.79
550.0,48.29,40.57,56.01
560.0,47.25,41.61,52.89
570.0,45.91,39.77,52.05
580.0,48.75,41.79,55.71
590.0,47.46,39.91,55.01
600.0,48.45,43.13,53.77
610.0,47.83,41.48,54.18
620.0,45.73,39.94,51.51
630.0,46.17,37.93,54.42
640.0,46.87,40.71,53.03
650.0,46.48,39.34,53.62
660.0,46.12,37.90,54.34
670.0,46.04,39.23,52.85
680.0,46.07,39.80,52.34
690.0,44.37,38.98,49.75
700.0,44.04,39.16,48.91
710.0,46.48,39.87,53.09
720.0,45.21,39.36,51.06
730.0,46.80,39.77,53.84
740.0,44.04,37.84,50.23
750.0,45.09,38.61,51.57
760.0,46.92,40.55,53.29
770.0,45.41,38.76,52.06
780.0,46.49,41.30,51.68
790.0,45.99,39.66,52.32
800.0,47.26,40.85,53.67
810.0,45.93,38.23,53.64
820.0,46.45,40.07,52.83
830.0,49.07,42.44,55.69
840.0,43.72,38.49,48.96
850.0,44.04,37.83,50.26
860.0,46.91,40.55,53.27
870.0,42.50,37.89,47.11
880.0,42.98,36.23,49.73
890.0,45.07,40.09,50.04
900.0,46.33,39.66,52.99
910.0,44.93,39.52,50.33
920.0,43.95,37.57,50.34
930.0,45.25,38.24,52.27
940.0,43.20,38.18,48.22
950.0,41.27,35.63,46.92
960.0,45.54,38.68,52.40
970.0,42.39,36.67,48.12
980.0,43.03,38.12,47.94
990.0,42.48,36.12,48.84
1000.0,43.10,36.98,49.21
1010.0,44.17,40.32,48.02
1020.0,43.73,38.61,48.85
1030.0,42.81,38.36,47.27
1040.0,43.79,37.76,49.82
1050.0,43.15,37.89,48.42
1060.0,42.76,37.78,47.73
1070.0,41.59,37.73,45.45
1080.0,43.55,37.52,49.58
1090.0,44.82,38.77,50.87
1100.0,46.09,33.16,59.01
1110.0,43.35,38.37,48.33
1120.0,42.68,38.32,47.03
1130.0,44.74,40.75,48.73
1140.0,42.56,36.66,48.46
1150.0,42.47,36.58,48.35
1160.0,41.32,36.86,45.79
1170.0,43.67,38.50,48.83
1180.0,40.93,34.40,47.45
1190.0,43.00,36.44,49.56
1200.0,42.35,36.97,47.74
1210.0,41.35,36.81,45.88
1220.0,43.71,39.69,47.74
1230.0,43.20,37.25,49.16
1240.0,42.87,37.50,48.24
1250.0,43.06,37.91,48.20
1260.0,42.46,37.68,47.24
1270.0,43.65,38.37,48.93
1280.0,42.96,36.75,49.17
1290.0,43.90,37.56,50.25
1300.0,40.58,36.27,44.89
1310.0,40.97,36.09,45.85
1320.0,41.39,35.60,47.19
1330.0,40.56,36.90,44.23
1340.0,42.01,37.35,46.66
1350.0,42.28,36.88,47.67
1360.0,41.23,35.22,47.24
1370.0,41.70,35.61,47.78
1380.0,41.84,37.28,46.40
1390.0,40.65,35.94,45.35
1400.0,40.89,35.59,46.19
1410.0,41.02,36.70,45.35
1420.0,39.09,34.45,43.73
1430.0,40.77,35.36,46.19
1440.0,41.56,37.02,46.09
1450.0,40.10,35.61,44.60
1460.0,39.54,35.06,44.01
1470.0,40.99,36.69,45.28
1480.0,41.82,38.04,45.60
1490.0,41.35,36.95,45.76
1500.0,41.82,37.00,46.64
1510.0,41.60,34.96,48.25
1520.0,42.50,37.48,47.53
1530.0,40.92,36.70,45.14
1540.0,42.26,38.27,46.25
1550.0,40.24,35.87,44.60
1560.0,41.71,35.46,47.96
1570.0,41.61,36.90,46.32
1580.0,40.56,35.92,45.20
1590.0,40.64,34.46,46.81
1600.0,41.16,36.26,46.06
1610.0,42.21,36.55,47.87
1620.0,39.93,35.28,44.57
1630.0,40.28,34.81,45.75
1640.0,39.51,36.05,42.97
1650.0,39.50,35.43,43.56
1660.0,38.76,33.69,43.84
1670.0,40.33,35.46,45.20
1680.0,38.95,34.86,43.03
1690.0,38.46,34.08,42.84
1700.0,39.81,33.23,46.38
1710.0,40.77,34.38,47.16
1720.0,39.51,34.72,44.30
1730.0,40.11,35.76,44.47
1740.0,41.12,36.17,46.06
1750.0,41.32,34.45,48.18
1760.0,39.07,35.16,42.97
1770.0,41.28,35.58,46.98
1780.0,38.57,34.55,42.60
1790.0,39.41,33.92,44.91
1800.0,39.47,33.81,45.12
1810.0,39.60,35.72,43.49
1820.0,39.59,34.46,44.72
1830.0,39.01,31.87,46.15
1840.0,40.43,35.38,45.48
1850.0,39.91,34.70,45.11
1860.0,39.67,35.18,44.16
1870.0,39.49,35.25,43.72
1880.0,39.84,35.93,43.76
1890.0,40.26,36.58,43.95
1900.0,38.63,34.90,42.35
1910.0,37.65,33.92,41.37
1920.0,41.33,37.22,45.43
1930.0,40.08,35.76,44.40
1940.0,40.20,35.12,45.27
1950.0,38.11,33.30,42.92
1960.0,39.22,35.58,42.86
1970.0,40.18,33.44,46.92
1980.0,40.50,35.60,45.40
1990.0,39.97,35.16,44.77
2000.0,39.02,35.15,42.88
2010.0,40.14,35.18,45.10
2020.0,38.56,34.81,42.32
2030.0,39.51,33.32,45.69
2040.0,39.68,35.54,43.83
2050.0,40.92,35.60,46.24
2060.0,40.95,36.29,45.62
2070.0,39.23,34.96,43.50
2080.0,39.66,34.79,44.53
2090.0,39.11,33.27,44.95
2100.0,38.43,33.73,43.12
2110.0,38.57,33.36,43.79
2120.0,38.90,35.05,42.74
2130.0,39.17,34.83,43.51
2140.0,39.99,35.14,44.83
2150.0,38.93,34.94,42.92
2160.0,40.61,34.75,46.48
2170.0,38.51,33.25,43.77
2180.0,39.92,34.72,45.11
2190.0,38.02,33.63,42.41
2200.0,39.59,35.10,44.08
2210.0,38.69,35.39,42.00
2220.0,38.77,34.44,43.10
2230.0,37.88,33.42,42.33
2240.0,42.98,33.71,52.25
2250.0,39.47,34.93,44.01
2260.0,38.05,34.46,41.64
2270.0,37.72,34.32,41.11
2280.0,40.52,35.29,45.76
2290.0,39.59,35.44,43.74
2300.0,37.39,33.96,40.83
2310.0,38.84,35.43,42.26
2320.0,38.63,34.19,43.08
2330.0,38.36,34.84,41.88
2340.0,38.87,35.27,42.47
2350.0,39.75,35.97,43.52
2360.0,39.64,36.63,42.65
2370.0,37.78,34.02,41.53
2380.0,37.79,33.86,41.71
2390.0,37.67,34.26,41.08
2400.0,36.97,33.62,40.32
2410.0,38.91,34.87,42.96
2420.0,38.47,35.27,41.68
2430.0,37.45,33.88,41.01
2440.0,37.48,34.49,40.48
2450.0,39.56,35.87,43.24
2460.0,39.21,35.46,42.96
2470.0,38.18,34.56,41.80
2480.0,41.41,36.14,46.68
2490.0,36.63,33.77,39.50
2500.0,38.76,33.22,44.31
2510.0,38.25,35.83,40.67
2520.0,38.66,35.03,42.28
2530.0,38.07,34.91,41.24
2540.0,37.65,33.36,41.94
2550.0,36.68,33.38,39.98
2560.0,40.26,35.44,45.08
2570.0,38.79,34.61,42.97
2580.0,37.54,34.54,40.54
2590.0,38.35,34.81,41.90
2600.0,37.14,33.12,41.16
2610.0,39.99,34.06,45.92
2620.0,37.98,34.29,41.67
2630.0,38.75,34.88,42.62
2640.0,38.90,33.09,44.71
2650.0,39.21,34.12,44.30
2660.0,36.58,33.03,40.13
2670.0,37.56,35.33,39.79
2680.0,36.40,33.32,39.47
2690.0,36.93,33.60,40.26
2700.0,40.37,34.87,45.87
2710.0,36.85,32.48,41.22
2720.0,36.97,33.45,40.50
2730.0,37.09,33.96,40.22
2740.0,37.37,33.84,40.90
2750.0,36.69,32.80,40.59
2760.0,39.12,34.69,43.54
2770.0,36.94,33.59,40.28
2780.0,38.13,34.18,42.07
2790.0,37.83,34.08,41.58
2800.0,38.02,33.84,42.20
2810.0,37.90,33.62,42.18
2820.0,37.97,34.39,41.54
2830.0,38.78,33.00,44.57
2840.0,36.55,32.36,40.74
2850.0,37.85,33.72,41.99
2860.0,37.60,33.37,41.83
2870.0,36.16,31.50,40.82
2880.0,37.41,35.27,39.54
2890.0,37.50,33.48,41.53
2900.0,35.93,32.52,39.34
2910.0,37.53,33.40,41.67
2920.0,36.61,33.21,40.02
2930.0,37.42,33.28,41.56
2940.0,38.59,33.96,43.22
2950.0,37.01,33.01,41.00
2960.0,38.01,34.22,41.80
2970.0,37.11,33.29,40.92
2980.0,36.16,33.84,38.47
2990.0,37.42,33.76,41.08
3000.0,37.38,33.92,40.84
3010.0,37.52,32.58,42.46
3020.0,35.97,31.73,40.20
3030.0,37.13,33.65,40.61
3040.0,36.74,33.11,40.37
3050.0,37.44,34.16,40.72
3060.0,37.51,33.20,41.82
3070.0,35.74,32.40,39.08
3080.0,36.86,33.83,39.89
3090.0,35.48,33.07,37.90
3100.0,35.86,31.51,40.20
3110.0,36.42,33.93,38.90
3120.0,37.06,33.44,40.69
3130.0,36.88,33.32,40.43
3140.0,37.55,34.18,40.92
3150.0,37.56,33.94,41.18
3160.0,37.14,33.77,40.51
3170.0,37.10,32.50,41.69
3180.0,37.72,32.82,42.61
3190.0,36.32,33.24,39.40
3200.0,35.78,32.99,38.57
3210.0,36.22,33.08,39.37
3220.0,37.35,33.33,41.37
3230.0,36.95,33.51,40.38
3240.0,35.91,32.55,39.28
3250.0,37.23,34.48,39.99
3260.0,37.05,33.45,40.65
3270.0,35.98,32.53,39.42
3280.0,34.49,30.88,38.10
3290.0,36.98,33.36,40.59
3300.0,36.74,33.30,40.17
3310.0,35.18,31.82,38.54
3320.0,37.94,33.93,41.95
3330.0,35.96,33.47,38.44
3340.0,35.60,32.59,38.62
3350.0,37.18,33.58,40.77
3360.0,35.96,32.99,38.92
3370.0,36.28,33.43,39.13
3380.0,35.75,33.02,38.48
3390.0,35.64,32.58,38.71
3400.0,37.29,34.18,40.41
3410.0,37.06,33.44,40.67
3420.0,36.21,32.35,40.08
3430.0,36.76,33.38,40.14
3440.0,36.76,32.26,41.27
3450.0,37.04,33.59,40.49
3460.0,35.27,32.11,38.44
3470.0,36.21,33.34,39.07
3480.0,35.65,31.55,39.75
3490.0,35.86,33.15,38.58
3500.0,36.06,32.80,39.31
3510.0,36.48,33.73,39.23
3520.0,36.64,34.36,38.92
3530.0,36.85,33.66,40.03
3540.0,35.51,33.10,37.92
3550.0,35.99,32.83,39.14
3560.0,36.67,33.62,39.72
3570.0,35.73,31.89,39.57
3580.0,36.13,31.72,40.53
3590.0,36.84,34.38,39.31
3600.0,36.22,32.57,39.88
3610.0,35.85,32.19,39.52
3620.0,35.74,32.26,39.22
3630.0,36.58,32.10,41.06
3640.0,35.20,32.34,38.06
3650.0,34.89,32.45,37.34
3660.0,35.36,32.13,38.58
3670.0,35.75,33.63,37.88
3680.0,37.33,34.05,40.62
3690.0,35.76,33.11,38.40
3700.0,36.50,33.83,39.17
3710.0,35.69,31.89,39.48
3720.0,35.93,33.15,38.72
3730.0,36.56,32.95,40.17
3740.0,35.70,33.00,38.41
3750.0,35.61,33.11,38.10
3760.0,36.95,33.98,39.92
3770.0,35.42,32.58,38.25
3780.0,37.02,32.96,41.08
3790.0,34.36,33.18,35.54
3800.0,36.12,32.57,39.67
3810.0,35.46,31.90,39.02
3820.0,36.09,32.89,39.29
3830.0,34.86,31.27,38.44
3840.0,37.15,32.06,42.24
3850.0,35.40,32.72,38.08
3860.0,35.18,32.07,38.28
3870.0,36.20,33.62,38.79
3880.0,37.15,35.08,39.21
3890.0,35.95,32.15,39.75
3900.0,35.85,33.08,38.62
3910.0,34.05,31.51,36.59
3920.0,34.92,32.15,37.69
3930.0,35.55,31.71,39.39
3940.0,34.84,31.60,38.09
3950.0,34.84,32.00,37.69
3960.0,34.54,32.40,36.68
3970.0,34.92,32.21,37.63
3980.0,35.33,32.97,37.70
3990.0,36.13,33.42,38.83
4000.0,35.64,32.50,38.78
4010.0,36.13,33.00,39.26
4020.0,35.93,33.19,38.68
4030.0,35.16,32.08,38.23
4040.0,35.08,32.51,37.64
4050.0,35.48,32.84,38.12
4060.0,36.05,33.09,39.02
4070.0,35.11,32.43,37.79
4080.0,35.84,32.06,39.62
4090.0,35.34,32.54,38.14
4100.0,34.51,31.30,37.73
4110.0,36.30,33.01,39.59
4120.0,35.26,32.53,37.99
4130.0,33.04,31.13,34.95
4140.0,35.17,33.10,37.24
4150.0,36.17,33.32,39.02
4160.0,34.86,32.48,37.24
4170.0,36.00,32.24,39.75
4180.0,33.87,31.05,36.69
4190.0,35.68,32.47,38.90
4200.0,35.67,31.65,39.68
4210.0,34.04,31.33,36.75
4220.0,35.23,32.30,38.16
4230.0,34.73,31.67,37.79
4240.0,35.25,31.74,38.76
4250.0,34.19,31.49,36.88
4260.0,34.77,32.04,37.50
4270.0,35.00,32.15,37.85
4280.0,33.35,30.24,36.47
4290.0,34.69,31.02,38.36
4300.0,34.20,31.34,37.06
4310.0,35.71,32.69,38.73
4320.0,33.60,31.47,35.72
4330.0,33.49,30.06,36.91
4340.0,34.87,32.08,37.66
4350.0,36.57,33.51,39.63
4360.0,33.89,31.45,36.34
4370.0,34.45,31.63,37.27
4380.0,33.62,29.82,37.42
4390.0,34.11,31.26,36.96
4400.0,34.79,32.09,37.49
4410.0,35.25,31.61,38.89
4420.0,34.90,31.71,38.09
4430.0,35.23,32.58,37.87
4440.0,34.45,31.77,37.14
4450.0,35.42,33.22,37.62
4460.0,34.36,31.61,37.11
4470.0,34.31,31.58,37.04
4480.0,34.45,31.48,37.42
4490.0,33.77,31.02,36.52
4500.0,35.40,32.04,38.75
