trial,mean,ci_down,ci_up
0.0,0.20,0.12,0.28
10.0,0.18,0.11,0.25
20.0,0.23,0.15,0.30
30.0,0.24,0.15,0.32
40.0,0.20,0.13,0.28
50.0,0.24,0.14,0.34
60.0,0.20,0.13,0.27
70.0,0.21,0.14,0.27
80.0,0.17,0.11,0.23
90.0,0.22,0.15,0.30
100.0,0.22,0.14,0.30
110.0,0.23,0.15,0.31
120.0,0.16,0.10,0.23
130.0,0.20,0.13,0.26
140.0,0.20,0.12,0.27
150.0,0.20,0.13,0.26
160.0,0.21,0.14,0.29
170.0,0.26,0.17,0.35
180.0,0.21,0.12,0.30
190.0,0.25,0.16,0.34
200.0,0.20,0.12,0.28
210.0,0.19,0.12,0.27
220.0,0.21,0.13,0.28
230.0,0.26,0.17,0.35
240.0,0.21,0.14,0.29
250.0,0.25,0.16,0.35
260.0,0.21,0.12,0.29
270.0,0.21,0.13,0.29
280.0,0.23,0.14,0.32
290.0,0.21,0.14,0.28
300.0,0.22,0.14,0.30
310.0,0.25,0.17,0.33
320.0,0.22,0.14,0.29
330.0,0.24,0.15,0.33
340.0,0.27,0.18,0.36
350.0,0.22,0.14,0.30
360.0,0.22,0.15,0.30
370.0,0.27,0.19,0.36
380.0,0.21,0.13,0.28
390.0,0.21,0.13,0.29
400.0,0.22,0.14,0.29
410.0,0.24,0.16,0.33
420.0,0.22,0.14,0.29
430.0,0.25,0.17,0.34
440.0,0.23,0.16,0.31
450.0,0.24,0.15,0.33
460.0,0.23,0.14,0.32
470.0,0.21,0.14,0.29
480.0,0.21,0.14,0.28
490.0,0.27,0.18,0.35
500.0,0.19,0.12,0.26
510.0,0.19,0.12,0.27
520.0,0.22,0.15,0.30
530.0,0.24,0.16,0.31
540.0,0.20,0.13,0.28
550.0,0.25,0.17,0.33
560.0,0.26,0.17,0.34
570.0,0.24,0.15,0.33
580.0,0.32,0.21,0.43
590.0,0.23,0.15,0.30
600.0,0.25,0.16,0.34
610.0,0.24,0.16,0.31
620.0,0.24,0.16,0.32
630.0,0.22,0.15,0.29
640.0,0.28,0.18,0.38
650.0,0.27,0.18,0.37
660.0,0.27,0.18,0.35
670.0,0.22,0.14,0.29
680.0,0.24,0.16,0.32
690.0,0.21,0.14,0.28
700.0,0.24,0.15,0.33
710.0,0.23,0.15,0.31
720.0,0.28,0.19,0.38
730.0,0.21,0.14,0.29
740.0,0.25,0.15,0.34
750.0,0.23,0.15,0.30
760.0,0.31,0.22,0.40
770.0,0.27,0.17,0.36
780.0,0.21,0.13,0.29
790.0,0.29,0.19,0.39
800.0,0.21,0.13,0.28
810.0,0.24,0.16,0.32
820.0,0.24,0.15,0.32
830.0,0.24,0.16,0.32
840.0,0.25,0.16,0.34
850.0,0.26,0.18,0.35
860.0,0.28,0.19,0.37
870.0,0.21,0.13,0.29
880.0,0.25,0.16,0.34
890.0,0.23,0.15,0.32
900.0,0.29,0.20,0.39
910.0,0.21,0.13,0.29
920.0,0.29,0.20,0.38
930.0,0.22,0.14,0.29
940.0,0.23,0.14,0.32
950.0,0.24,0.16,0.32
960.0,0.23,0.15,0.31
970.0,0.25,0.16,0.35
980.0,0.23,0.14,0.33
990.0,0.27,0.18,0.37
1000.0,0.25,0.16,0.34
1010.0,0.30,0.20,0.41
1020.0,0.25,0.17,0.33
1030.0,0.25,0.16,0.34
1040.0,0.27,0.18,0.36
1050.0,0.26,0.17,0.34
1060.0,0.28,0.18,0.37
1070.0,0.24,0.16,0.33
1080.0,0.23,0.15,0.30
1090.0,0.23,0.16,0.29
1100.0,0.26,0.17,0.35
1110.0,0.29,0.20,0.38
1120.0,0.24,0.15,0.32
1130.0,0.23,0.14,0.32
1140.0,0.23,0.15,0.31
1150.0,0.23,0.16,0.30
1160.0,0.29,0.19,0.38
1170.0,0.24,0.15,0.33
1180.0,0.26,0.16,0.35
1190.0,0.25,0.17,0.33
1200.0,0.25,0.17,0.33
1210.0,0.24,0.16,0.31
1220.0,0.27,0.20,0.35
1230.0,0.26,0.17,0.35
1240.0,0.28,0.19,0.37
1250.0,0.25,0.17,0.33
1260.0,0.26,0.17,0.35
1270.0,0.28,0.19,0.37
1280.0,0.22,0.14,0.29
1290.0,0.22,0.14,0.30
1300.0,0.25,0.16,0.34
1310.0,0.29,0.21,0.37
1320.0,0.31,0.21,0.41
1330.0,0.22,0.14,0.29
1340.0,0.21,0.14,0.29
1350.0,0.25,0.17,0.33
1360.0,0.24,0.16,0.32
1370.0,0.29,0.20,0.39
1380.0,0.25,0.17,0.33
1390.0,0.25,0.17,0.33
1400.0,0.24,0.16,0.32
1410.0,0.23,0.15,0.32
1420.0,0.26,0.17,0.35
1430.0,0.29,0.19,0.39
1440.0,0.21,0.13,0.29
1450.0,0.25,0.16,0.33
1460.0,0.23,0.14,0.31
1470.0,0.28,0.18,0.38
1480.0,0.21,0.13,0.29
1490.0,0.26,0.18,0.35
1500.0,0.29,0.20,0.38
1510.0,0.27,0.18,0.36
1520.0,0.29,0.19,0.39
1530.0,0.26,0.18,0.35
1540.0,0.24,0.17,0.32
1550.0,0.26,0.17,0.35
1560.0,0.25,0.18,0.33
1570.0,0.29,0.20,0.38
1580.0,0.25,0.16,0.33
1590.0,0.23,0.15,0.30
1600.0,0.27,0.17,0.36
1610.0,0.25,0.17,0.34
1620.0,0.28,0.19,0.37
1630.0,0.23,0.16,0.31
1640.0,0.26,0.18,0.34
1650.0,0.28,0.18,0.38
1660.0,0.22,0.15,0.29
1670.0,0.25,0.17,0.34
1680.0,0.29,0.19,0.39
1690.0,0.25,0.16,0.33
1700.0,0.22,0.14,0.30
1710.0,0.26,0.17,0.34
1720.0,0.26,0.17,0.34
1730.0,0.26,0.17,0.34
1740.0,0.28,0.19,0.37
1750.0,0.26,0.17,0.34
1760.0,0.26,0.17,0.35
1770.0,0.25,0.16,0.33
1780.0,0.27,0.18,0.36
1790.0,0.22,0.15,0.30
1800.0,0.25,0.16,0.35
1810.0,0.23,0.15,0.32
1820.0,0.23,0.15,0.30
1830.0,0.24,0.16,0.32
1840.0,0.27,0.18,0.36
1850.0,0.24,0.17,0.32
1860.0,0.25,0.17,0.33
1870.0,0.21,0.14,0.29
1880.0,0.27,0.18,0.35
1890.0,0.24,0.15,0.34
1900.0,0.24,0.16,0.32
1910.0,0.27,0.19,0.36
1920.0,0.23,0.15,0.31
1930.0,0.27,0.19,0.36
1940.0,0.22,0.14,0.31
1950.0,0.27,0.18,0.37
1960.0,0.25,0.17,0.33
1970.0,0.21,0.14,0.29
1980.0,0.19,0.12,0.26
1990.0,0.28,0.19,0.37
2000.0,0.24,0.15,0.32
2010.0,0.27,0.19,0.36
2020.0,0.28,0.19,0.36
2030.0,0.26,0.18,0.35
2040.0,0.24,0.15,0.32
2050.0,0.25,0.15,0.35
2060.0,0.25,0.17,0.34
2070.0,0.27,0.18,0.36
2080.0,0.24,0.16,0.32
2090.0,0.27,0.19,0.35
2100.0,0.22,0.13,0.30
2110.0,0.21,0.13,0.28
2120.0,0.26,0.17,0.34
2130.0,0.24,0.16,0.32
2140.0,0.28,0.19,0.36
2150.0,0.26,0.17,0.34
2160.0,0.23,0.16,0.31
2170.0,0.25,0.16,0.33
2180.0,0.25,0.17,0.34
2190.0,0.20,0.13,0.26
2200.0,0.26,0.17,0.35
2210.0,0.23,0.15,0.32
2220.0,0.29,0.20,0.38
2230.0,0.25,0.16,0.34
2240.0,0.28,0.19,0.37
2250.0,0.28,0.20,0.36
2260.0,0.27,0.19,0.36
2270.0,0.26,0.18,0.34
2280.0,0.26,0.18,0.35
2290.0,0.24,0.16,0.33
2300.0,0.25,0.16,0.34
2310.0,0.27,0.19,0.35
2320.0,0.30,0.20,0.41
2330.0,0.24,0.17,0.32
2340.0,0.29,0.21,0.38
2350.0,0.23,0.14,0.32
2360.0,0.23,0.14,0.32
2370.0,0.20,0.14,0.25
2380.0,0.24,0.17,0.31
2390.0,0.30,0.21,0.39
2400.0,0.28,0.18,0.38
2410.0,0.22,0.14,0.30
2420.0,0.26,0.17,0.35
2430.0,0.24,0.15,0.33
2440.0,0.26,0.16,0.36
2450.0,0.25,0.16,0.33
2460.0,0.28,0.19,0.36
2470.0,0.27,0.18,0.37
2480.0,0.27,0.18,0.35
2490.0,0.24,0.16,0.32
2500.0,0.22,0.13,0.30
2510.0,0.25,0.16,0.34
2520.0,0.31,0.22,0.41
2530.0,0.24,0.16,0.33
2540.0,0.26,0.18,0.34
2550.0,0.25,0.17,0.32
2560.0,0.23,0.15,0.30
2570.0,0.27,0.19,0.34
2580.0,0.24,0.16,0.33
2590.0,0.26,0.17,0.35
2600.0,0.25,0.16,0.34
2610.0,0.27,0.17,0.36
2620.0,0.25,0.18,0.33
2630.0,0.27,0.19,0.36
2640.0,0.24,0.17,0.32
2650.0,0.27,0.19,0.36
2660.0,0.26,0.18,0.34
2670.0,0.26,0.18,0.33
2680.0,0.26,0.17,0.34
2690.0,0.24,0.16,0.31
2700.0,0.25,0.15,0.34
2710.0,0.23,0.16,0.31
2720.0,0.22,0.15,0.29
2730.0,0.24,0.16,0.32
2740.0,0.23,0.17,0.30
2750.0,0.23,0.15,0.31
2760.0,0.27,0.19,0.36
2770.0,0.26,0.18,0.35
2780.0,0.30,0.21,0.40
2790.0,0.26,0.17,0.35
2800.0,0.23,0.15,0.31
2810.0,0.27,0.17,0.37
2820.0,0.21,0.14,0.28
2830.0,0.25,0.17,0.32
2840.0,0.23,0.15,0.30
2850.0,0.22,0.14,0.31
2860.0,0.26,0.17,0.35
2870.0,0.27,0.18,0.36
2880.0,0.31,0.21,0.41
2890.0,0.28,0.20,0.37
2900.0,0.26,0.17,0.35
2910.0,0.24,0.15,0.33
2920.0,0.27,0.18,0.37
2930.0,0.22,0.15,0.29
2940.0,0.23,0.15,0.30
2950.0,0.28,0.17,0.39
2960.0,0.22,0.14,0.30
2970.0,0.27,0.17,0.37
2980.0,0.29,0.20,0.37
2990.0,0.23,0.16,0.31
3000.0,0.25,0.18,0.32
3010.0,0.27,0.18,0.36
3020.0,0.30,0.22,0.39
3030.0,0.23,0.16,0.31
3040.0,0.29,0.20,0.39
3050.0,0.29,0.20,0.37
3060.0,0.22,0.15,0.30
3070.0,0.24,0.16,0.32
3080.0,0.23,0.14,0.32
3090.0,0.27,0.19,0.36
3100.0,0.24,0.16,0.31
3110.0,0.22,0.14,0.31
3120.0,0.27,0.18,0.36
3130.0,0.27,0.19,0.34
3140.0,0.21,0.13,0.29
3150.0,0.27,0.18,0.36
3160.0,0.27,0.19,0.35
3170.0,0.28,0.18,0.38
3180.0,0.22,0.15,0.28
3190.0,0.30,0.20,0.40
3200.0,0.23,0.15,0.30
3210.0,0.28,0.18,0.38
3220.0,0.28,0.19,0.37
3230.0,0.31,0.22,0.41
3240.0,0.25,0.17,0.32
3250.0,0.29,0.19,0.38
3260.0,0.28,0.19,0.38
3270.0,0.26,0.18,0.34
3280.0,0.22,0.15,0.29
3290.0,0.27,0.18,0.37
3300.0,0.27,0.17,0.37
3310.0,0.22,0.14,0.30
3320.0,0.24,0.15,0.32
3330.0,0.21,0.14,0.29
3340.0,0.25,0.16,0.34
3350.0,0.30,0.20,0.39
3360.0,0.27,0.17,0.38
3370.0,0.26,0.17,0.35
3380.0,0.27,0.17,0.36
3390.0,0.23,0.15,0.32
3400.0,0.26,0.16,0.36
3410.0,0.31,0.21,0.42
3420.0,0.22,0.14,0.30
3430.0,0.24,0.16,0.31
3440.0,0.23,0.16,0.31
3450.0,0.29,0.20,0.38
3460.0,0.23,0.16,0.31
3470.0,0.27,0.18,0.35
3480.0,0.22,0.13,0.31
3490.0,0.25,0.17,0.34
3500.0,0.26,0.17,0.35
3510.0,0.27,0.19,0.36
3520.0,0.28,0.19,0.38
3530.0,0.30,0.21,0.38
3540.0,0.28,0.19,0.36
3550.0,0.23,0.14,0.32
3560.0,0.22,0.14,0.31
3570.0,0.24,0.15,0.34
3580.0,0.25,0.17,0.33
3590.0,0.26,0.17,0.35
3600.0,0.25,0.16,0.33
3610.0,0.26,0.18,0.34
3620.0,0.27,0.17,0.37
3630.0,0.26,0.17,0.34
3640.0,0.25,0.16,0.34
3650.0,0.23,0.15,0.31
3660.0,0.33,0.23,0.42
3670.0,0.28,0.20,0.37
3680.0,0.26,0.17,0.35
3690.0,0.31,0.21,0.41
3700.0,0.31,0.22,0.41
3710.0,0.24,0.16,0.32
3720.0,0.29,0.20,0.38
3730.0,0.31,0.22,0.40
3740.0,0.25,0.18,0.33
3750.0,0.28,0.18,0.38
3760.0,0.26,0.19,0.34
3770.0,0.25,0.16,0.34
3780.0,0.23,0.15,0.31
3790.0,0.25,0.16,0.33
3800.0,0.28,0.20,0.36
3810.0,0.25,0.16,0.34
3820.0,0.23,0.14,0.31
3830.0,0.25,0.17,0.33
3840.0,0.28,0.19,0.37
3850.0,0.27,0.18,0.36
3860.0,0.27,0.18,0.36
3870.0,0.23,0.15,0.31
3880.0,0.26,0.18,0.35
3890.0,0.34,0.23,0.45
3900.0,0.31,0.21,0.40
3910.0,0.28,0.20,0.37
3920.0,0.29,0.18,0.40
3930.0,0.28,0.19,0.37
3940.0,0.29,0.20,0.38
3950.0,0.31,0.23,0.39
3960.0,0.23,0.15,0.32
3970.0,0.23,0.15,0.32
3980.0,0.29,0.21,0.38
3990.0,0.28,0.19,0.37
4000.0,0.23,0.15,0.30
4010.0,0.23,0.14,0.31
4020.0,0.25,0.16,0.34
4030.0,0.25,0.17,0.34
4040.0,0.24,0.16,0.32
4050.0,0.28,0.19,0.38
4060.0,0.24,0.16,0.32
4070.0,0.26,0.17,0.34
4080.0,0.26,0.17,0.35
4090.0,0.30,0.21,0.39
4100.0,0.27,0.17,0.36
4110.0,0.23,0.14,0.31
4120.0,0.28,0.20,0.37
4130.0,0.25,0.17,0.34
4140.0,0.24,0.15,0.33
4150.0,0.30,0.20,0.39
4160.0,0.25,0.16,0.34
4170.0,0.25,0.18,0.33
4180.0,0.24,0.17,0.32
4190.0,0.28,0.18,0.37
4200.0,0.29,0.19,0.38
4210.0,0.25,0.16,0.34
4220.0,0.28,0.21,0.36
4230.0,0.27,0.20,0.35
4240.0,0.27,0.18,0.37
4250.0,0.29,0.19,0.38
4260.0,0.23,0.14,0.31
4270.0,0.27,0.18,0.36
4280.0,0.27,0.18,0.37
4290.0,0.27,0.18,0.35
4300.0,0.24,0.15,0.33
4310.0,0.24,0.16,0.32
4320.0,0.26,0.17,0.35
4330.0,0.28,0.18,0.37
4340.0,0.25,0.17,0.34
4350.0,0.22,0.13,0.30
4360.0,0.26,0.18,0.34
4370.0,0.27,0.19,0.35
4380.0,0.26,0.17,0.35
4390.0,0.24,0.16,0.32
4400.0,0.24,0.16,0.32
4410.0,0.25,0.17,0.34
4420.0,0.26,0.17,0.35
4430.0,0.24,0.15,0.33
4440.0,0.25,0.16,0.34
4450.0,0.24,0.15,0.33
4460.0,0.22,0.14,0.29
4470.0,0.26,0.17,0.35
4480.0,0.26,0.17,0.35
4490.0,0.26,0.17,0.35
4500.0,0.25,0.16,0.35
