trial,mean,ci_down,ci_up
0.0,0.42,0.31,0.52
10.0,0.44,0.34,0.54
20.0,0.38,0.28,0.48
30.0,0.40,0.30,0.50
40.0,0.31,0.22,0.41
50.0,0.34,0.24,0.44
60.0,0.42,0.31,0.53
70.0,0.42,0.31,0.52
80.0,0.44,0.33,0.54
90.0,0.44,0.34,0.55
100.0,0.40,0.29,0.50
110.0,0.45,0.35,0.55
120.0,0.44,0.33,0.54
130.0,0.41,0.30,0.51
140.0,0.37,0.27,0.47
150.0,0.37,0.28,0.46
160.0,0.45,0.35,0.56
170.0,0.45,0.35,0.55
180.0,0.47,0.37,0.57
190.0,0.50,0.40,0.61
200.0,0.45,0.35,0.56
210.0,0.48,0.38,0.58
220.0,0.41,0.30,0.51
230.0,0.43,0.33,0.53
240.0,0.51,0.41,0.61
250.0,0.42,0.32,0.52
260.0,0.42,0.31,0.52
270.0,0.51,0.41,0.61
280.0,0.38,0.28,0.47
290.0,0.45,0.36,0.55
300.0,0.52,0.42,0.62
310.0,0.53,0.43,0.62
320.0,0.42,0.32,0.52
330.0,0.44,0.33,0.54
340.0,0.44,0.34,0.54
350.0,0.45,0.34,0.55
360.0,0.46,0.36,0.55
370.0,0.42,0.32,0.52
380.0,0.52,0.42,0.62
390.0,0.44,0.34,0.55
400.0,0.44,0.34,0.54
410.0,0.53,0.42,0.63
420.0,0.45,0.35,0.54
430.0,0.58,0.48,0.67
440.0,0.44,0.34,0.54
450.0,0.45,0.35,0.55
460.0,0.43,0.33,0.53
470.0,0.44,0.34,0.55
480.0,0.48,0.39,0.58
490.0,0.41,0.32,0.51
500.0,0.52,0.42,0.62
510.0,0.48,0.38,0.58
520.0,0.54,0.44,0.64
530.0,0.43,0.33,0.53
540.0,0.47,0.37,0.56
550.0,0.48,0.38,0.58
560.0,0.45,0.34,0.55
570.0,0.53,0.43,0.63
580.0,0.42,0.33,0.52
590.0,0.50,0.40,0.61
600.0,0.44,0.34,0.54
610.0,0.47,0.37,0.57
620.0,0.48,0.38,0.58
630.0,0.55,0.46,0.65
640.0,0.46,0.36,0.56
650.0,0.46,0.37,0.55
660.0,0.45,0.35,0.55
670.0,0.42,0.32,0.51
680.0,0.46,0.36,0.57
690.0,0.48,0.38,0.58
700.0,0.50,0.41,0.60
710.0,0.49,0.39,0.59
720.0,0.46,0.35,0.57
730.0,0.50,0.40,0.60
740.0,0.55,0.46,0.65
750.0,0.55,0.46,0.65
760.0,0.57,0.48,0.67
770.0,0.53,0.42,0.63
780.0,0.47,0.37,0.57
790.0,0.48,0.38,0.57
800.0,0.48,0.38,0.58
810.0,0.48,0.38,0.58
820.0,0.49,0.38,0.59
830.0,0.46,0.36,0.56
840.0,0.49,0.40,0.59
850.0,0.45,0.35,0.55
860.0,0.50,0.41,0.60
870.0,0.53,0.43,0.63
880.0,0.45,0.35,0.54
890.0,0.44,0.34,0.54
900.0,0.48,0.38,0.57
910.0,0.56,0.46,0.66
920.0,0.47,0.37,0.58
930.0,0.45,0.36,0.55
940.0,0.47,0.37,0.58
950.0,0.57,0.48,0.67
960.0,0.50,0.40,0.60
970.0,0.52,0.42,0.62
980.0,0.51,0.42,0.61
990.0,0.50,0.40,0.60
1000.0,0.50,0.39,0.60
1010.0,0.44,0.34,0.54
1020.0,0.52,0.42,0.62
1030.0,0.53,0.42,0.64
1040.0,0.52,0.42,0.62
1050.0,0.51,0.41,0.62
1060.0,0.55,0.45,0.65
1070.0,0.53,0.44,0.63
1080.0,0.46,0.35,0.56
1090.0,0.52,0.42,0.62
1100.0,0.54,0.44,0.65
1110.0,0.54,0.44,0.63
1120.0,0.45,0.35,0.55
1130.0,0.51,0.41,0.60
1140.0,0.48,0.38,0.58
1150.0,0.52,0.42,0.61
1160.0,0.51,0.41,0.61
1170.0,0.54,0.44,0.63
1180.0,0.51,0.41,0.61
1190.0,0.50,0.41,0.59
1200.0,0.53,0.43,0.63
1210.0,0.42,0.32,0.52
1220.0,0.52,0.43,0.62
1230.0,0.53,0.42,0.63
1240.0,0.50,0.41,0.60
1250.0,0.51,0.41,0.60
1260.0,0.47,0.37,0.57
1270.0,0.44,0.34,0.54
1280.0,0.50,0.40,0.60
1290.0,0.49,0.39,0.59
1300.0,0.56,0.46,0.66
1310.0,0.54,0.44,0.63
1320.0,0.50,0.41,0.60
1330.0,0.56,0.46,0.67
1340.0,0.45,0.36,0.55
1350.0,0.56,0.46,0.66
1360.0,0.52,0.42,0.62
1370.0,0.51,0.42,0.61
1380.0,0.53,0.44,0.63
1390.0,0.46,0.36,0.55
1400.0,0.51,0.41,0.61
1410.0,0.45,0.35,0.54
1420.0,0.53,0.44,0.63
1430.0,0.50,0.40,0.59
1440.0,0.55,0.45,0.65
1450.0,0.52,0.42,0.62
1460.0,0.53,0.43,0.63
1470.0,0.48,0.39,0.58
1480.0,0.50,0.40,0.59
1490.0,0.51,0.41,0.61
1500.0,0.44,0.35,0.54
1510.0,0.41,0.32,0.51
1520.0,0.54,0.45,0.64
1530.0,0.55,0.46,0.64
1540.0,0.49,0.40,0.59
1550.0,0.48,0.38,0.58
1560.0,0.45,0.35,0.54
1570.0,0.48,0.38,0.58
1580.0,0.48,0.38,0.57
1590.0,0.46,0.37,0.55
1600.0,0.54,0.44,0.64
1610.0,0.57,0.48,0.66
1620.0,0.50,0.40,0.61
1630.0,0.53,0.43,0.63
1640.0,0.50,0.40,0.60
1650.0,0.51,0.42,0.61
1660.0,0.54,0.44,0.63
1670.0,0.46,0.36,0.56
1680.0,0.45,0.36,0.54
1690.0,0.51,0.41,0.61
1700.0,0.46,0.36,0.56
1710.0,0.50,0.40,0.60
1720.0,0.50,0.40,0.59
1730.0,0.48,0.37,0.58
1740.0,0.51,0.42,0.61
1750.0,0.49,0.39,0.58
1760.0,0.53,0.43,0.62
1770.0,0.48,0.38,0.57
1780.0,0.50,0.41,0.60
1790.0,0.49,0.39,0.59
1800.0,0.51,0.42,0.61
1810.0,0.49,0.39,0.59
1820.0,0.52,0.43,0.62
1830.0,0.50,0.40,0.60
1840.0,0.56,0.47,0.65
1850.0,0.60,0.52,0.69
1860.0,0.44,0.35,0.54
1870.0,0.53,0.44,0.63
1880.0,0.50,0.41,0.60
1890.0,0.54,0.45,0.64
1900.0,0.52,0.42,0.61
1910.0,0.55,0.45,0.65
1920.0,0.51,0.42,0.60
1930.0,0.47,0.37,0.57
1940.0,0.54,0.44,0.63
1950.0,0.46,0.37,0.55
1960.0,0.58,0.49,0.67
1970.0,0.48,0.38,0.57
1980.0,0.49,0.39,0.58
1990.0,0.49,0.39,0.59
2000.0,0.48,0.39,0.58
2010.0,0.52,0.43,0.61
2020.0,0.48,0.39,0.58
2030.0,0.56,0.47,0.65
2040.0,0.53,0.43,0.63
2050.0,0.49,0.39,0.59
2060.0,0.55,0.45,0.65
2070.0,0.55,0.45,0.64
2080.0,0.51,0.42,0.61
2090.0,0.53,0.43,0.63
2100.0,0.48,0.38,0.58
2110.0,0.52,0.42,0.61
2120.0,0.53,0.43,0.63
2130.0,0.50,0.41,0.59
2140.0,0.49,0.39,0.58
2150.0,0.52,0.42,0.62
2160.0,0.46,0.37,0.55
2170.0,0.56,0.46,0.65
2180.0,0.54,0.44,0.64
2190.0,0.53,0.44,0.62
2200.0,0.50,0.41,0.60
2210.0,0.55,0.46,0.65
2220.0,0.51,0.41,0.60
2230.0,0.55,0.46,0.65
2240.0,0.59,0.50,0.69
2250.0,0.56,0.47,0.65
2260.0,0.54,0.44,0.63
2270.0,0.58,0.49,0.68
2280.0,0.53,0.44,0.62
2290.0,0.49,0.40,0.59
2300.0,0.51,0.41,0.60
2310.0,0.52,0.43,0.62
2320.0,0.52,0.42,0.62
2330.0,0.49,0.39,0.59
2340.0,0.45,0.35,0.55
2350.0,0.55,0.45,0.65
2360.0,0.56,0.46,0.66
2370.0,0.49,0.39,0.58
2380.0,0.44,0.34,0.53
2390.0,0.49,0.39,0.58
2400.0,0.52,0.43,0.61
2410.0,0.49,0.39,0.58
2420.0,0.55,0.45,0.64
2430.0,0.51,0.41,0.61
2440.0,0.49,0.39,0.58
2450.0,0.52,0.43,0.61
2460.0,0.45,0.35,0.54
2470.0,0.57,0.48,0.66
2480.0,0.55,0.45,0.64
2490.0,0.53,0.43,0.62
2500.0,0.54,0.44,0.63
