trial,mean,ci_down,ci_up
0.0,68.68,66.81,70.55
10.0,68.47,66.06,70.87
20.0,71.52,67.95,75.09
30.0,72.69,69.41,75.97
40.0,72.91,69.46,76.35
50.0,73.25,69.51,76.98
60.0,70.80,67.01,74.60
70.0,71.52,67.82,75.22
80.0,70.88,67.05,74.70
90.0,70.79,67.07,74.50
100.0,69.39,66.01,72.78
110.0,67.81,64.56,71.06
120.0,65.59,62.69,68.49
130.0,65.95,62.81,69.08
140.0,65.01,61.93,68.09
150.0,63.24,60.31,66.16
160.0,62.95,60.12,65.77
170.0,61.36,58.36,64.36
180.0,60.94,58.30,63.57
190.0,60.52,57.72,63.32
200.0,60.62,57.79,63.46
210.0,59.86,57.11,62.60
220.0,59.91,57.35,62.47
230.0,59.87,57.48,62.27
240.0,57.47,55.07,59.86
250.0,58.25,55.65,60.86
260.0,57.65,55.28,60.01
270.0,58.52,55.91,61.13
280.0,58.25,55.84,60.67
290.0,55.51,53.26,57.77
300.0,57.15,54.96,59.34
310.0,56.35,54.12,58.58
320.0,54.72,52.47,56.97
330.0,56.62,54.40,58.85
340.0,55.68,53.40,57.96
350.0,55.45,53.12,57.78
360.0,55.79,53.41,58.18
370.0,54.67,52.18,57.16
380.0,54.45,52.18,56.71
390.0,55.09,52.60,57.57
400.0,54.40,51.96,56.83
410.0,54.46,52.00,56.93
420.0,54.29,51.99,56.60
430.0,53.25,51.01,55.48
440.0,52.30,50.31,54.29
450.0,53.55,51.26,55.84
460.0,53.25,51.20,55.30
470.0,52.64,50.35,54.93
480.0,53.98,51.80,56.16
490.0,53.81,51.52,56.10
500.0,51.73,49.60,53.86
510.0,52.40,50.19,54.60
520.0,51.48,49.50,53.45
530.0,51.74,49.42,54.05
540.0,51.39,49.25,53.54
550.0,51.10,48.89,53.31
560.0,50.36,48.57,52.16
570.0,50.38,48.48,52.29
580.0,50.35,48.39,52.31
590.0,50.67,48.66,52.67
600.0,51.45,49.43,53.46
610.0,49.50,47.68,51.31
620.0,49.69,47.70,51.68
630.0,50.17,48.31,52.03
640.0,49.25,47.54,50.96
650.0,49.00,47.11,50.89
660.0,48.43,46.45,50.40
670.0,48.22,46.44,50.00
680.0,48.51,46.79,50.24
690.0,48.85,46.84,50.87
700.0,48.34,46.43,50.25
710.0,48.34,46.29,50.38
720.0,48.57,46.61,50.52
730.0,47.51,45.73,49.29
740.0,46.68,45.03,48.32
750.0,47.81,45.91,49.72
760.0,47.39,45.77,49.01
770.0,47.60,45.99,49.22
780.0,47.39,45.23,49.55
790.0,46.86,45.08,48.64
800.0,46.59,44.73,48.46
810.0,47.10,45.48,48.72
820.0,46.25,44.51,47.98
830.0,46.56,44.87,48.26
840.0,46.07,44.35,47.79
850.0,46.68,45.04,48.32
860.0,45.97,44.37,47.57
870.0,45.73,44.23,47.23
880.0,45.45,43.62,47.29
890.0,46.28,44.53,48.04
900.0,45.23,43.56,46.90
910.0,44.29,42.62,45.96
920.0,45.54,43.98,47.09
930.0,44.73,42.94,46.51
940.0,45.35,43.74,46.96
950.0,45.36,43.58,47.13
960.0,44.96,43.24,46.68
970.0,44.76,43.28,46.25
980.0,44.28,42.75,45.80
990.0,44.52,42.85,46.18
1000.0,44.55,43.01,46.08
1010.0,45.23,43.55,46.91
1020.0,44.69,43.05,46.34
1030.0,44.00,42.40,45.60
1040.0,43.63,42.10,45.16
1050.0,43.72,42.18,45.26
1060.0,44.17,42.61,45.74
1070.0,43.99,42.43,45.55
1080.0,43.46,42.00,44.93
1090.0,42.89,41.37,44.41
1100.0,43.58,42.23,44.92
1110.0,43.50,41.97,45.02
1120.0,43.39,42.04,44.73
1130.0,43.28,41.76,44.80
1140.0,42.94,41.37,44.52
1150.0,42.58,41.13,44.03
1160.0,42.94,41.50,44.38
1170.0,42.72,41.28,44.15
1180.0,42.01,40.60,43.42
1190.0,42.94,41.60,44.27
1200.0,42.39,40.90,43.87
1210.0,42.25,40.70,43.79
1220.0,42.25,40.73,43.77
1230.0,41.79,40.43,43.15
1240.0,42.53,40.95,44.11
1250.0,41.76,40.40,43.12
1260.0,42.03,40.53,43.53
1270.0,41.73,40.22,43.23
1280.0,41.54,40.03,43.05
1290.0,40.79,39.37,42.21
1300.0,41.62,40.06,43.19
1310.0,40.51,39.09,41.93
1320.0,40.87,39.43,42.32
1330.0,40.88,39.58,42.18
1340.0,40.96,39.58,42.34
1350.0,40.76,39.49,42.03
1360.0,40.94,39.66,42.22
1370.0,40.92,39.59,42.25
1380.0,40.59,39.20,41.97
1390.0,40.58,39.15,42.01
1400.0,40.39,39.01,41.78
1410.0,40.30,38.96,41.64
1420.0,40.68,39.27,42.09
1430.0,40.17,38.85,41.50
1440.0,40.49,39.03,41.96
1450.0,40.14,38.60,41.67
1460.0,40.53,39.25,41.80
1470.0,40.44,38.94,41.93
1480.0,39.67,38.24,41.09
1490.0,39.76,38.55,40.97
1500.0,39.44,38.07,40.81
1510.0,39.92,38.48,41.37
1520.0,39.87,38.43,41.31
1530.0,38.60,37.46,39.73
1540.0,39.24,37.94,40.55
1550.0,39.36,38.16,40.57
1560.0,39.76,38.43,41.09
1570.0,39.34,37.87,40.80
1580.0,39.48,38.11,40.84
1590.0,39.00,37.54,40.46
1600.0,39.59,38.33,40.85
1610.0,39.02,37.59,40.44
1620.0,39.40,38.04,40.76
1630.0,39.49,38.25,40.73
1640.0,39.09,37.87,40.32
1650.0,39.01,37.67,40.34
1660.0,38.49,37.23,39.75
1670.0,39.12,37.81,40.43
1680.0,38.45,37.23,39.68
1690.0,38.42,37.05,39.78
1700.0,38.04,36.80,39.29
1710.0,37.97,36.64,39.31
1720.0,38.38,36.99,39.76
1730.0,38.86,37.59,40.14
1740.0,38.87,37.45,40.29
1750.0,38.16,36.90,39.42
1760.0,38.49,37.29,39.70
1770.0,38.35,37.12,39.58
1780.0,37.46,36.32,38.59
1790.0,37.86,36.48,39.24
1800.0,38.03,36.76,39.29
1810.0,38.43,37.19,39.67
1820.0,37.65,36.31,38.99
1830.0,37.68,36.48,38.87
1840.0,38.09,36.92,39.27
1850.0,37.68,36.39,38.97
1860.0,37.97,36.68,39.25
1870.0,37.08,36.02,38.14
1880.0,37.40,36.12,38.68
1890.0,37.71,36.53,38.89
1900.0,37.54,36.24,38.83
1910.0,37.13,35.90,38.37
1920.0,36.87,35.66,38.08
1930.0,37.76,36.57,38.94
1940.0,37.29,36.11,38.47
1950.0,36.69,35.49,37.88
1960.0,36.93,35.80,38.06
1970.0,37.37,36.26,38.48
1980.0,37.44,36.40,38.47
1990.0,37.04,35.84,38.25
2000.0,36.77,35.41,38.14
2010.0,36.30,35.05,37.56
2020.0,35.90,34.75,37.05
2030.0,36.60,35.41,37.80
2040.0,37.28,36.00,38.55
2050.0,36.82,35.74,37.90
2060.0,36.18,34.98,37.39
2070.0,36.96,35.85,38.08
2080.0,37.08,35.98,38.19
2090.0,35.79,34.61,36.97
2100.0,36.53,35.41,37.64
2110.0,35.84,34.72,36.97
2120.0,36.21,35.07,37.36
2130.0,36.42,35.35,37.48
2140.0,36.68,35.49,37.87
2150.0,36.49,35.37,37.60
2160.0,36.48,35.34,37.61
2170.0,36.61,35.43,37.80
2180.0,36.35,35.24,37.47
2190.0,36.03,34.83,37.22
2200.0,36.56,35.38,37.74
2210.0,36.20,35.05,37.34
2220.0,35.74,34.62,36.87
2230.0,36.63,35.46,37.79
2240.0,36.13,35.01,37.25
2250.0,35.81,34.66,36.97
2260.0,35.89,34.76,37.02
2270.0,35.61,34.54,36.67
2280.0,35.20,34.10,36.29
2290.0,35.72,34.62,36.81
2300.0,35.54,34.41,36.67
2310.0,35.69,34.46,36.92
2320.0,36.27,35.15,37.39
2330.0,35.49,34.32,36.66
2340.0,35.49,34.31,36.67
2350.0,35.57,34.45,36.69
2360.0,36.11,34.92,37.30
2370.0,35.82,34.60,37.05
2380.0,35.48,34.28,36.67
2390.0,35.71,34.71,36.70
2400.0,35.27,34.22,36.33
2410.0,35.07,34.04,36.10
2420.0,35.42,34.34,36.49
2430.0,35.24,34.14,36.34
2440.0,35.38,34.40,36.36
2450.0,34.54,33.52,35.55
2460.0,35.71,34.55,36.87
2470.0,34.95,33.79,36.11
2480.0,35.38,34.34,36.41
2490.0,34.74,33.72,35.76
2500.0,34.54,33.60,35.47
