trial,mean,ci_down,ci_up
0.0,86.50,84.24,88.76
10.0,66.60,64.60,68.60
20.0,55.42,53.59,57.25
30.0,48.52,46.60,50.44
40.0,44.28,42.54,46.02
50.0,41.39,39.76,43.02
60.0,38.09,36.46,39.71
70.0,37.73,36.25,39.20
80.0,35.60,33.99,37.22
90.0,35.52,33.91,37.14
100.0,35.09,32.97,37.21
110.0,35.10,33.20,37.01
120.0,35.36,33.44,37.29
130.0,34.20,32.41,35.99
140.0,33.42,31.82,35.02
150.0,32.82,31.30,34.34
160.0,31.79,30.26,33.31
170.0,31.99,30.46,33.53
180.0,31.20,29.88,32.51
190.0,30.39,29.13,31.66
200.0,30.78,29.27,32.29
210.0,29.64,28.51,30.77
220.0,29.51,28.23,30.79
230.0,29.56,28.21,30.91
240.0,28.67,27.50,29.84
250.0,28.36,27.12,29.60
260.0,27.90,26.65,29.15
270.0,27.30,26.27,28.34
280.0,27.66,26.46,28.87
290.0,26.52,25.45,27.59
300.0,26.88,25.96,27.80
310.0,26.63,25.59,27.66
320.0,26.61,25.60,27.63
330.0,26.50,25.39,27.61
340.0,26.17,25.25,27.10
350.0,25.25,24.28,26.22
360.0,25.77,24.84,26.70
370.0,25.15,24.28,26.03
380.0,25.04,24.16,25.92
390.0,25.36,24.48,26.25
400.0,25.04,24.00,26.07
410.0,24.83,23.93,25.74
420.0,24.71,23.88,25.54
430.0,24.27,23.45,25.08
440.0,24.21,23.39,25.03
450.0,24.45,23.54,25.36
460.0,24.54,23.68,25.41
470.0,24.27,23.24,25.31
480.0,24.19,23.29,25.10
490.0,23.98,23.13,24.83
500.0,23.63,22.81,24.45
510.0,23.58,22.74,24.41
520.0,24.36,23.50,25.22
530.0,23.85,23.03,24.67
540.0,24.24,23.49,25.00
550.0,22.99,22.27,23.71
560.0,23.73,22.97,24.50
570.0,23.62,22.79,24.44
580.0,22.96,22.16,23.77
590.0,22.69,21.91,23.47
600.0,22.90,22.19,23.62
610.0,22.90,22.14,23.66
620.0,23.03,22.30,23.76
630.0,22.82,21.98,23.65
640.0,23.36,22.50,24.22
650.0,22.27,21.56,22.97
660.0,22.95,22.07,23.82
670.0,22.92,22.11,23.72
680.0,23.04,22.22,23.85
690.0,22.79,22.03,23.56
700.0,22.83,22.15,23.51
710.0,22.07,21.28,22.85
720.0,22.69,21.96,23.42
730.0,22.52,21.75,23.30
740.0,22.70,21.91,23.49
750.0,22.39,21.62,23.16
760.0,22.15,21.29,23.01
770.0,22.35,21.58,23.11
780.0,22.45,21.64,23.25
790.0,22.31,21.65,22.97
800.0,22.09,21.29,22.89
810.0,22.61,21.86,23.36
820.0,22.13,21.41,22.84
830.0,21.97,21.21,22.73
840.0,22.22,21.42,23.02
850.0,22.23,21.49,22.97
860.0,22.05,21.28,22.83
870.0,21.87,21.14,22.61
880.0,21.92,21.22,22.62
890.0,21.78,21.03,22.53
900.0,22.25,21.49,23.01
910.0,21.81,21.11,22.52
920.0,22.32,21.53,23.12
930.0,22.27,21.53,23.02
940.0,21.95,21.11,22.79
950.0,22.00,21.24,22.77
960.0,21.81,21.09,22.52
970.0,22.26,21.45,23.07
980.0,21.53,20.90,22.17
990.0,21.92,21.16,22.68
1000.0,21.82,21.03,22.60
1010.0,21.68,21.04,22.33
1020.0,21.29,20.67,21.91
1030.0,21.72,21.04,22.40
1040.0,21.55,20.73,22.36
1050.0,21.69,20.91,22.48
1060.0,21.99,21.23,22.75
1070.0,21.64,20.89,22.39
1080.0,21.13,20.39,21.88
1090.0,21.43,20.70,22.16
1100.0,21.16,20.55,21.77
1110.0,21.48,20.74,22.23
1120.0,21.44,20.67,22.21
1130.0,21.70,21.02,22.39
1140.0,21.56,20.90,22.21
1150.0,21.75,21.08,22.42
1160.0,21.90,21.22,22.58
1170.0,21.55,20.80,22.30
1180.0,21.74,20.87,22.60
1190.0,21.24,20.58,21.91
1200.0,20.87,20.23,21.51
1210.0,21.44,20.69,22.19
1220.0,21.46,20.76,22.16
1230.0,21.49,20.80,22.18
1240.0,21.40,20.64,22.16
1250.0,21.46,20.82,22.11
1260.0,21.48,20.71,22.25
1270.0,21.13,20.44,21.81
1280.0,21.75,21.00,22.50
1290.0,21.29,20.62,21.95
1300.0,21.52,20.82,22.22
1310.0,21.38,20.62,22.13
1320.0,21.62,20.89,22.34
1330.0,21.34,20.64,22.04
1340.0,21.90,21.09,22.71
1350.0,20.96,20.31,21.61
1360.0,21.47,20.80,22.14
1370.0,21.20,20.51,21.88
1380.0,21.31,20.60,22.02
1390.0,21.23,20.58,21.87
1400.0,21.03,20.36,21.71
1410.0,21.22,20.46,21.98
1420.0,21.12,20.33,21.90
1430.0,20.97,20.37,21.58
1440.0,21.07,20.29,21.84
1450.0,20.95,20.25,21.65
1460.0,21.11,20.41,21.82
1470.0,21.16,20.50,21.82
1480.0,20.97,20.24,21.71
1490.0,21.07,20.40,21.73
1500.0,21.17,20.38,21.96
1510.0,20.76,20.05,21.47
1520.0,20.88,20.11,21.64
1530.0,21.23,20.53,21.92
1540.0,20.93,20.18,21.68
1550.0,21.01,20.41,21.62
1560.0,21.24,20.46,22.01
1570.0,21.01,20.25,21.76
1580.0,20.93,20.29,21.57
1590.0,21.15,20.51,21.78
1600.0,20.55,19.85,21.25
1610.0,20.60,19.97,21.24
1620.0,20.96,20.24,21.67
1630.0,21.02,20.39,21.65
1640.0,20.68,19.96,21.40
1650.0,20.70,20.12,21.27
1660.0,21.17,20.50,21.84
1670.0,20.97,20.25,21.69
1680.0,21.02,20.30,21.74
1690.0,20.91,20.26,21.55
1700.0,20.71,20.12,21.30
1710.0,20.91,20.19,21.63
1720.0,20.90,20.19,21.61
1730.0,20.76,20.06,21.46
1740.0,20.86,20.18,21.55
1750.0,20.56,19.92,21.20
1760.0,20.43,19.86,20.99
1770.0,20.95,20.26,21.64
1780.0,20.56,19.92,21.20
1790.0,20.58,19.88,21.28
1800.0,20.40,19.79,21.01
1810.0,21.25,20.44,22.05
1820.0,20.42,19.77,21.07
1830.0,20.73,20.05,21.40
1840.0,21.04,20.29,21.78
1850.0,20.78,20.04,21.52
1860.0,21.16,20.55,21.78
1870.0,21.06,20.31,21.81
1880.0,20.97,20.30,21.63
1890.0,21.14,20.42,21.86
1900.0,20.49,19.81,21.17
1910.0,20.85,20.18,21.51
1920.0,21.07,20.31,21.83
1930.0,20.72,20.01,21.44
1940.0,20.77,20.16,21.39
1950.0,20.71,20.09,21.34
1960.0,20.95,20.27,21.62
1970.0,20.70,20.09,21.32
1980.0,20.38,19.70,21.06
1990.0,20.39,19.75,21.03
2000.0,21.06,20.28,21.83
2010.0,21.00,20.20,21.80
2020.0,20.72,20.16,21.29
2030.0,20.90,20.23,21.58
2040.0,20.81,20.06,21.56
2050.0,21.17,20.34,22.00
2060.0,20.81,20.15,21.48
2070.0,20.75,19.98,21.51
2080.0,20.89,20.24,21.53
2090.0,21.08,20.35,21.80
2100.0,20.45,19.73,21.17
2110.0,20.42,19.71,21.12
2120.0,20.87,20.20,21.55
2130.0,20.59,19.91,21.28
2140.0,20.64,19.99,21.28
2150.0,20.78,20.18,21.39
2160.0,20.62,19.89,21.35
2170.0,20.57,19.87,21.27
2180.0,21.06,20.35,21.77
2190.0,20.60,19.87,21.34
2200.0,20.61,19.91,21.30
2210.0,20.56,19.87,21.26
2220.0,21.07,20.35,21.80
2230.0,20.80,20.07,21.53
2240.0,20.52,19.89,21.15
2250.0,20.59,19.95,21.22
2260.0,20.81,20.06,21.56
2270.0,21.11,20.47,21.76
2280.0,20.98,20.37,21.58
2290.0,20.44,19.78,21.11
2300.0,20.53,19.88,21.18
2310.0,20.54,19.87,21.21
2320.0,20.74,20.01,21.46
2330.0,20.67,19.99,21.36
2340.0,21.17,20.50,21.84
2350.0,20.50,19.95,21.05
2360.0,20.88,20.18,21.58
2370.0,20.84,20.23,21.44
2380.0,20.51,19.91,21.10
2390.0,20.88,20.26,21.49
2400.0,20.97,20.24,21.71
2410.0,20.69,20.01,21.37
2420.0,20.43,19.85,21.00
2430.0,20.52,19.86,21.17
2440.0,20.79,20.10,21.49
2450.0,20.39,19.73,21.05
2460.0,20.59,19.85,21.33
2470.0,20.57,19.98,21.16
2480.0,20.41,19.82,21.01
2490.0,20.55,19.91,21.18
2500.0,20.79,20.12,21.46
