trial,mean,ci_down,ci_up
0.0,19.06,15.37,22.76
10.0,23.28,19.71,26.84
20.0,27.26,24.39,30.13
30.0,28.68,26.07,31.30
40.0,30.69,28.88,32.50
50.0,30.67,28.60,32.75
60.0,30.80,28.91,32.69
70.0,29.27,26.84,31.71
80.0,31.92,30.43,33.40
90.0,31.33,29.78,32.88
100.0,31.21,29.24,33.17
110.0,31.26,29.56,32.97
120.0,31.98,30.61,33.35
130.0,31.94,30.61,33.27
140.0,31.88,30.32,33.43
150.0,31.77,30.33,33.21
160.0,31.25,29.28,33.22
170.0,32.63,31.58,33.68
180.0,32.27,31.18,33.37
190.0,32.70,31.72,33.68
200.0,31.92,30.44,33.40
210.0,31.67,30.04,33.30
220.0,31.16,29.18,33.14
230.0,32.33,31.07,33.60
240.0,31.93,30.37,33.49
250.0,32.12,30.83,33.42
260.0,32.44,31.29,33.59
270.0,32.47,31.37,33.57
280.0,32.53,31.28,33.78
290.0,32.57,31.61,33.52
300.0,32.04,30.69,33.39
310.0,32.27,30.94,33.60
320.0,32.02,30.53,33.52
330.0,32.31,30.97,33.66
340.0,32.94,32.24,33.64
350.0,33.12,32.77,33.47
360.0,32.49,31.56,33.43
370.0,32.08,30.75,33.40
380.0,32.67,31.98,33.37
390.0,32.25,31.02,33.47
400.0,33.04,32.58,33.49
410.0,33.02,32.52,33.52
420.0,32.82,31.89,33.75
430.0,33.04,32.50,33.58
440.0,32.56,31.61,33.51
450.0,33.04,32.52,33.56
460.0,32.70,31.83,33.57
470.0,32.50,31.37,33.63
480.0,32.90,32.27,33.54
490.0,33.08,32.50,33.66
500.0,33.09,32.55,33.64
510.0,32.68,31.55,33.82
520.0,32.55,31.43,33.68
530.0,33.30,33.21,33.38
540.0,33.07,32.63,33.51
550.0,33.33,33.33,33.33
560.0,32.84,32.06,33.62
570.0,32.78,31.83,33.74
580.0,33.30,33.21,33.38
590.0,32.78,31.85,33.70
600.0,33.26,33.14,33.39
610.0,33.26,33.14,33.39
620.0,33.17,32.76,33.58
630.0,33.30,33.21,33.38
640.0,32.68,31.70,33.66
650.0,33.23,33.08,33.38
660.0,32.86,32.01,33.71
670.0,32.67,31.69,33.65
680.0,32.86,31.92,33.80
690.0,32.86,32.03,33.69
700.0,33.20,32.99,33.41
710.0,32.86,32.08,33.63
720.0,33.11,32.60,33.61
730.0,32.52,31.34,33.70
740.0,32.89,32.10,33.68
750.0,33.17,32.76,33.58
760.0,33.19,32.83,33.55
770.0,33.11,32.60,33.61
780.0,32.82,31.93,33.70
790.0,32.50,31.24,33.75
800.0,33.00,32.14,33.87
810.0,33.03,32.53,33.52
820.0,33.30,33.21,33.38
830.0,32.90,32.14,33.67
840.0,33.33,33.33,33.33
850.0,32.87,32.03,33.71
860.0,32.98,32.28,33.67
870.0,32.99,32.19,33.79
880.0,32.75,31.87,33.64
890.0,33.02,32.41,33.64
900.0,33.12,32.77,33.47
910.0,32.88,31.98,33.77
920.0,32.64,31.66,33.62
930.0,33.21,32.95,33.46
940.0,32.66,31.65,33.67
950.0,32.35,31.21,33.49
960.0,32.84,31.88,33.80
970.0,33.33,33.33,33.33
980.0,32.64,31.53,33.75
990.0,32.81,31.84,33.77
1000.0,33.04,32.59,33.50
1010.0,33.10,32.50,33.70
1020.0,32.46,31.12,33.79
1030.0,32.73,31.67,33.78
1040.0,33.27,33.10,33.43
1050.0,32.67,31.52,33.83
1060.0,33.09,32.61,33.58
1070.0,32.91,32.02,33.80
1080.0,33.23,33.05,33.42
1090.0,33.00,32.12,33.87
1100.0,33.09,32.61,33.58
1110.0,33.07,32.46,33.67
1120.0,33.27,33.10,33.43
1130.0,33.33,33.33,33.33
1140.0,32.91,32.00,33.81
1150.0,33.08,32.61,33.56
1160.0,33.18,32.87,33.49
1170.0,32.84,31.99,33.68
1180.0,33.18,32.87,33.49
1190.0,32.96,32.08,33.84
1200.0,32.93,32.05,33.82
1210.0,32.88,31.96,33.80
1220.0,32.41,31.10,33.72
1230.0,32.68,31.65,33.71
1240.0,33.07,32.46,33.67
1250.0,32.76,31.69,33.83
1260.0,32.89,32.03,33.75
1270.0,33.03,32.25,33.81
1280.0,32.89,32.13,33.65
1290.0,32.81,31.80,33.81
1300.0,33.07,32.40,33.75
1310.0,32.93,32.05,33.81
1320.0,32.97,32.09,33.84
1330.0,33.21,32.95,33.46
1340.0,32.66,31.43,33.89
1350.0,32.82,31.89,33.74
1360.0,32.90,32.01,33.78
1370.0,32.67,31.44,33.89
1380.0,32.88,31.96,33.80
1390.0,32.48,31.18,33.79
1400.0,33.33,33.33,33.33
1410.0,33.24,33.00,33.48
1420.0,33.03,32.24,33.82
1430.0,32.97,32.09,33.84
1440.0,32.66,31.43,33.90
1450.0,33.05,32.30,33.79
1460.0,33.00,32.14,33.86
1470.0,33.30,33.21,33.38
1480.0,33.27,33.10,33.43
1490.0,33.33,33.33,33.33
1500.0,32.96,32.08,33.84
1510.0,32.41,31.02,33.80
1520.0,32.33,30.88,33.78
1530.0,33.00,32.13,33.87
1540.0,33.30,33.21,33.38
1550.0,32.96,32.08,33.84
1560.0,33.30,33.21,33.38
1570.0,33.30,33.21,33.38
1580.0,32.73,31.75,33.72
1590.0,32.92,32.09,33.76
1600.0,33.33,33.33,33.33
1610.0,33.30,33.21,33.38
1620.0,33.13,32.59,33.66
1630.0,32.66,31.43,33.90
1640.0,32.90,32.01,33.79
1650.0,32.82,31.84,33.81
1660.0,32.47,31.21,33.73
1670.0,32.69,31.50,33.87
1680.0,33.00,32.12,33.87
1690.0,33.30,33.21,33.38
1700.0,32.85,31.92,33.77
1710.0,33.17,32.76,33.58
1720.0,33.23,33.05,33.42
1730.0,33.21,32.95,33.46
1740.0,32.80,31.86,33.73
1750.0,33.30,33.21,33.38
1760.0,33.23,33.05,33.42
1770.0,33.26,33.14,33.39
1780.0,33.24,33.00,33.48
1790.0,33.30,33.21,33.38
1800.0,33.09,32.46,33.72
1810.0,33.01,32.18,33.84
1820.0,33.33,33.33,33.33
1830.0,33.30,33.21,33.38
1840.0,33.30,33.21,33.38
1850.0,32.96,32.08,33.84
1860.0,33.18,32.89,33.46
1870.0,33.30,33.21,33.38
1880.0,33.01,32.17,33.85
1890.0,33.19,32.83,33.55
1900.0,33.04,32.28,33.80
1910.0,32.74,31.73,33.76
1920.0,33.26,33.14,33.39
1930.0,33.27,33.10,33.43
1940.0,33.33,33.33,33.33
1950.0,33.33,33.33,33.33
1960.0,33.14,32.72,33.56
1970.0,33.33,33.33,33.33
1980.0,32.95,32.12,33.79
1990.0,33.33,33.33,33.33
2000.0,33.07,32.37,33.76
2010.0,32.94,32.08,33.80
2020.0,33.30,33.21,33.38
2030.0,33.33,33.33,33.33
2040.0,33.00,32.12,33.87
2050.0,32.80,31.80,33.80
2060.0,33.27,33.10,33.43
2070.0,33.33,33.33,33.33
2080.0,33.00,32.12,33.87
2090.0,32.96,32.08,33.84
2100.0,33.01,32.16,33.86
2110.0,33.30,33.21,33.38
2120.0,33.33,33.33,33.33
2130.0,32.99,32.17,33.80
2140.0,33.16,32.79,33.53
2150.0,33.27,33.10,33.43
2160.0,33.30,33.21,33.38
2170.0,33.33,33.33,33.33
2180.0,33.18,32.89,33.46
2190.0,33.14,32.64,33.64
2200.0,33.26,33.14,33.39
2210.0,33.00,32.12,33.87
2220.0,32.93,32.05,33.82
2230.0,32.93,32.04,33.82
2240.0,33.00,32.13,33.87
2250.0,33.27,33.10,33.43
2260.0,32.96,32.26,33.66
2270.0,33.33,33.33,33.33
2280.0,33.00,32.12,33.87
2290.0,32.64,31.42,33.86
2300.0,33.15,32.81,33.49
2310.0,32.96,32.13,33.79
2320.0,32.96,32.08,33.84
2330.0,32.88,31.96,33.80
2340.0,33.30,33.21,33.38
2350.0,33.33,33.33,33.33
2360.0,33.33,33.33,33.33
2370.0,32.91,32.04,33.78
2380.0,33.30,33.21,33.38
2390.0,33.22,32.91,33.52
2400.0,32.81,31.84,33.78
2410.0,32.84,31.88,33.80
2420.0,33.00,32.13,33.87
2430.0,33.30,33.21,33.38
2440.0,32.91,32.00,33.81
2450.0,33.33,33.33,33.33
2460.0,33.00,32.14,33.86
2470.0,33.33,33.33,33.33
2480.0,32.93,32.05,33.82
2490.0,32.75,31.67,33.83
2500.0,33.33,33.33,33.33
