episodes,mean,ci_down,ci_up
0.0,341.73,143.69,539.77
100.0,1236.29,1038.55,1434.03
200.0,2148.02,1945.94,2350.11
300.0,3051.98,2839.87,3264.09
400.0,4020.36,3812.10,4228.62
500.0,5028.79,4818.21,5239.38
600.0,6082.97,5864.74,6301.20
700.0,7134.18,6891.86,7376.51
800.0,8208.30,7949.01,8467.59
900.0,9317.46,9051.12,9583.80
1000.0,10453.77,10187.29,10720.26
1100.0,11573.40,11278.04,11868.75
1200.0,12693.02,12363.72,13022.32
1300.0,13839.82,13479.87,14199.77
1400.0,14973.44,14574.51,15372.37
1500.0,16107.05,15666.13,16547.97
1600.0,17243.54,16753.77,17733.31
1700.0,18384.43,17843.32,18925.55
1800.0,19535.61,18899.02,20172.19
1900.0,20703.16,19970.40,21435.93
2000.0,21921.55,21073.65,22769.45
2100.0,23139.94,22173.46,24106.43
2200.0,24442.31,23350.97,25533.65
2300.0,25621.43,24352.29,26890.56
2400.0,26914.17,25513.41,28314.93
2500.0,28195.65,26633.09,29758.21
2600.0,29550.69,27838.76,31262.62
2700.0,30932.68,28946.87,32918.49
2800.0,32381.37,30146.88,34615.86
2900.0,33834.32,31346.75,36321.89
3000.0,35318.09,32576.11,38060.07
3100.0,36962.68,33946.59,39978.77
3200.0,38672.97,35378.68,41967.27
3300.0,40432.64,36837.65,44027.63
3400.0,42192.31,38285.88,46098.73
3500.0,43954.29,39728.52,48180.05
3600.0,45716.27,41164.43,50268.11
3700.0,47480.57,42596.49,52364.65
3800.0,49241.71,44018.08,54465.34
3900.0,51035.82,45482.03,56589.61
4000.0,52829.94,46942.54,58717.33
4100.0,54652.67,48437.07,60868.26
4200.0,56511.79,49975.55,63048.02
4300.0,58412.60,51553.61,65271.59
4400.0,60313.82,53127.04,67500.60
4500.0,62215.04,54695.93,69734.16
4600.0,64098.19,56251.03,71945.34
4700.0,66012.02,57830.54,74193.49
4800.0,67861.70,59369.49,76353.92
4900.0,69846.33,61039.65,78653.01
5000.0,71822.69,62697.66,80947.71
5100.0,73854.31,64402.65,83305.98
5200.0,75885.94,66103.74,85668.14
5300.0,77807.11,67732.17,87882.05
5400.0,79838.70,69427.05,90250.36
5500.0,81870.30,71119.00,92621.59
5600.0,83910.40,72820.70,95000.10
5700.0,85949.10,74517.86,97380.34
5800.0,87987.80,76212.82,99762.78
5900.0,90027.20,77906.84,102147.56
6000.0,92075.41,79611.79,104539.02
6100.0,94118.47,81307.12,106929.81
6200.0,96167.75,83010.40,109325.09
6300.0,98217.03,84712.23,111721.83
6400.0,100266.38,86412.81,114119.95
6500.0,102315.73,88112.15,116519.32
6600.0,104344.12,89798.88,118889.36
6700.0,106340.58,91479.49,121201.68
6800.0,108399.22,93189.91,123608.53
6900.0,110457.86,94899.43,126016.29
7000.0,112516.50,96608.12,128424.88
7100.0,114498.18,98275.65,130720.70
7200.0,116552.12,99975.96,133128.28
7300.0,118606.49,101676.25,135536.73
7400.0,120660.86,103375.91,137945.80
7500.0,122715.22,105074.97,140355.48
7600.0,124645.75,106686.02,142605.48
7700.0,126704.81,108390.55,145019.07
7800.0,128763.87,110094.59,147433.15
7900.0,130822.93,111798.15,149847.71
8000.0,132862.24,113483.89,152240.59
