episodes,mean,ci_down,ci_up
0.0,119.56,74.98,164.13
100.0,321.56,276.98,366.13
200.0,523.56,478.98,568.13
300.0,725.56,680.98,770.13
400.0,927.56,882.98,972.13
500.0,1129.56,1084.98,1174.13
600.0,1331.56,1286.98,1376.13
700.0,1533.56,1488.98,1578.13
800.0,1735.56,1690.98,1780.13
900.0,1937.56,1892.98,1982.13
1000.0,2129.44,2084.68,2174.21
1100.0,2331.44,2286.68,2376.21
1200.0,2533.44,2488.68,2578.21
1300.0,2725.33,2671.78,2778.88
1400.0,2927.33,2873.78,2980.88
1500.0,3129.33,3075.78,3182.88
1600.0,3331.33,3277.78,3384.88
1700.0,3533.33,3479.78,3586.88
1800.0,3735.33,3681.78,3788.88
1900.0,3937.33,3883.78,3990.88
2000.0,4129.22,4068.84,4189.61
2100.0,4321.11,4248.76,4393.46
2200.0,4503.00,4428.16,4577.84
2300.0,4694.89,4616.22,4773.56
2400.0,4876.67,4791.67,4961.66
2500.0,5068.56,4971.68,5165.43
2600.0,5260.44,5149.29,5371.60
2700.0,5462.44,5351.29,5573.60
2800.0,5654.33,5537.71,5770.95
2900.0,5846.22,5721.10,5971.34
3000.0,6048.22,5923.10,6173.34
3100.0,6240.11,6117.42,6362.80
3200.0,6442.11,6319.42,6564.80
3300.0,6644.11,6521.42,6766.80
3400.0,6846.11,6723.42,6968.80
3500.0,7048.11,6925.42,7170.80
3600.0,7250.11,7127.42,7372.80
3700.0,7452.11,7329.42,7574.80
3800.0,7644.11,7520.60,7767.62
3900.0,7846.11,7722.60,7969.62
4000.0,8048.11,7924.60,8171.62
4100.0,8250.11,8126.60,8373.62
4200.0,8452.11,8328.60,8575.62
4300.0,8654.11,8530.60,8777.62
4400.0,8856.11,8732.60,8979.62
4500.0,9058.11,8934.60,9181.62
4600.0,9260.11,9136.60,9383.62
4700.0,9462.11,9338.60,9585.62
4800.0,9664.11,9540.60,9787.62
4900.0,9866.11,9742.60,9989.62
5000.0,10068.11,9944.60,10191.62
5100.0,10270.11,10146.60,10393.62
5200.0,10472.11,10348.60,10595.62
5300.0,10674.11,10550.60,10797.62
5400.0,10876.11,10752.60,10999.62
5500.0,11078.11,10954.60,11201.62
5600.0,11280.11,11156.60,11403.62
5700.0,11482.11,11358.60,11605.62
5800.0,11684.11,11560.60,11807.62
5900.0,11886.11,11762.60,12009.62
6000.0,12088.11,11964.60,12211.62
6100.0,12290.11,12166.60,12413.62
6200.0,12492.11,12368.60,12615.62
6300.0,12694.11,12570.60,12817.62
6400.0,12896.11,12772.60,13019.62
6500.0,13098.11,12974.60,13221.62
6600.0,13300.11,13176.60,13423.62
6700.0,13502.11,13378.60,13625.62
6800.0,13704.11,13580.60,13827.62
6900.0,13906.11,13782.60,14029.62
7000.0,14108.11,13984.60,14231.62
7100.0,14310.11,14186.60,14433.62
7200.0,14512.11,14388.60,14635.62
7300.0,14714.11,14590.60,14837.62
7400.0,14916.11,14792.60,15039.62
7500.0,15118.11,14994.60,15241.62
7600.0,15320.11,15196.60,15443.62
7700.0,15522.11,15398.60,15645.62
7800.0,15724.11,15600.60,15847.62
7900.0,15926.11,15802.60,16049.62
8000.0,16128.11,16004.60,16251.62
