episodes,mean,ci_down,ci_up
0.0,341.73,143.69,539.77
100.0,894.56,864.89,924.22
200.0,911.74,868.89,954.58
300.0,903.95,857.81,950.10
400.0,968.38,907.77,1029.00
500.0,1008.43,945.42,1071.44
600.0,1054.18,1013.92,1094.43
700.0,1051.21,1004.50,1097.93
800.0,1074.12,1039.52,1108.71
900.0,1109.16,1076.84,1141.47
1000.0,1136.32,1064.32,1208.31
1100.0,1119.62,1069.74,1169.51
1200.0,1119.62,1069.74,1169.51
1300.0,1146.80,1079.02,1214.58
1400.0,1133.62,1080.32,1186.91
1500.0,1133.62,1080.32,1186.91
1600.0,1136.49,1078.49,1194.49
1700.0,1140.89,1081.48,1200.31
1800.0,1151.17,1043.27,1259.07
1900.0,1167.56,1065.59,1269.52
2000.0,1218.39,1089.61,1347.17
2100.0,1218.39,1089.61,1347.17
2200.0,1302.37,1155.19,1449.55
2300.0,1179.11,922.89,1435.34
2400.0,1292.74,1144.90,1440.58
2500.0,1281.48,1074.51,1488.46
2600.0,1355.04,1147.62,1562.46
2700.0,1381.99,1079.57,1684.40
2800.0,1448.69,1174.88,1722.50
2900.0,1452.95,1180.37,1725.54
3000.0,1483.77,1207.37,1760.16
3100.0,1644.59,1298.86,1990.33
3200.0,1710.29,1365.84,2054.75
3300.0,1759.67,1395.90,2123.43
3400.0,1759.67,1395.90,2123.43
3500.0,1761.98,1397.86,2126.11
3600.0,1761.98,1397.86,2126.11
3700.0,1764.30,1399.82,2128.78
3800.0,1761.14,1384.29,2137.98
3900.0,1794.11,1434.56,2153.67
4000.0,1794.11,1434.56,2153.67
4100.0,1822.73,1462.33,2183.13
4200.0,1859.12,1496.28,2221.96
4300.0,1900.81,1524.35,2277.28
4400.0,1901.22,1524.97,2277.47
4500.0,1901.22,1524.97,2277.47
4600.0,1883.14,1516.44,2249.84
4700.0,1913.83,1543.20,2284.46
4800.0,1849.69,1492.10,2207.27
4900.0,1984.63,1605.77,2363.48
5000.0,1976.36,1601.18,2351.53
5100.0,2031.63,1651.12,2412.14
5200.0,2031.63,1651.12,2412.14
5300.0,1921.17,1527.59,2314.75
5400.0,2031.59,1651.10,2412.09
5500.0,2031.59,1651.10,2412.09
5600.0,2040.10,1663.37,2416.83
5700.0,2038.70,1661.12,2416.28
5800.0,2038.70,1661.12,2416.28
5900.0,2039.40,1662.25,2416.55
6000.0,2048.20,1674.18,2422.23
6100.0,2043.06,1665.74,2420.38
6200.0,2049.28,1675.91,2422.65
6300.0,2049.28,1675.91,2422.65
6400.0,2049.35,1676.02,2422.68
6500.0,2049.35,1676.02,2422.68
6600.0,2028.39,1659.38,2397.39
6700.0,1996.46,1630.22,2362.71
6800.0,2058.64,1690.90,2426.37
6900.0,2058.64,1690.90,2426.37
7000.0,2058.64,1690.90,2426.37
7100.0,1981.68,1609.69,2353.67
7200.0,2053.94,1684.43,2423.46
7300.0,2054.37,1685.11,2423.62
7400.0,2054.37,1685.11,2423.62
7500.0,2054.37,1685.11,2423.62
7600.0,1930.53,1533.27,2327.78
7700.0,2059.06,1691.59,2426.53
7800.0,2059.06,1691.59,2426.53
7900.0,2059.06,1691.59,2426.53
8000.0,2039.31,1678.74,2399.88
