episodes,mean,ci_down,ci_up
0.0,-395.75,-514.49,-277.02
100.0,-597.61,-759.31,-435.91
200.0,-800.31,-1045.74,-554.89
300.0,-1091.18,-1333.54,-848.82
400.0,-1326.90,-1591.24,-1062.56
500.0,-1679.66,-1953.50,-1405.81
600.0,-1871.99,-2144.11,-1599.87
700.0,-2102.21,-2405.97,-1798.46
800.0,-2356.48,-2684.53,-2028.43
900.0,-2647.82,-3002.44,-2293.20
1000.0,-2815.10,-3199.97,-2430.23
1100.0,-3156.80,-3536.60,-2777.00
1200.0,-3473.84,-3878.89,-3068.78
1300.0,-3724.06,-4136.64,-3311.49
1400.0,-3995.99,-4426.17,-3565.80
1500.0,-4243.05,-4704.15,-3781.94
1600.0,-4523.32,-5033.43,-4013.21
1700.0,-4785.48,-5326.25,-4244.71
1800.0,-5063.71,-5603.78,-4523.65
1900.0,-5316.19,-5869.59,-4762.79
2000.0,-5628.77,-6198.44,-5059.09
2100.0,-5906.75,-6495.21,-5318.30
2200.0,-6167.28,-6783.20,-5551.37
2300.0,-6448.32,-7116.70,-5779.95
2400.0,-6652.48,-7331.37,-5973.59
2500.0,-6887.10,-7596.14,-6178.05
2600.0,-7059.61,-7785.38,-6333.85
2700.0,-7299.90,-8071.56,-6528.23
2800.0,-7467.67,-8265.83,-6669.50
2900.0,-7688.45,-8535.58,-6841.33
3000.0,-7886.48,-8786.17,-6986.79
3100.0,-8094.33,-9048.14,-7140.53
3200.0,-8253.59,-9258.30,-7248.87
3300.0,-8438.60,-9507.45,-7369.74
3400.0,-8632.28,-9773.46,-7491.11
3500.0,-8841.27,-10063.50,-7619.04
3600.0,-8996.11,-10291.94,-7700.27
3700.0,-9190.31,-10571.86,-7808.77
3800.0,-9391.45,-10861.43,-7921.47
3900.0,-9537.91,-11077.92,-7997.89
4000.0,-9743.68,-11364.81,-8122.55
