episodes,mean,ci_down,ci_up
0.0,110.82,75.26,146.38
100.0,267.32,226.17,308.47
200.0,443.50,391.61,495.39
300.0,625.43,562.40,688.45
400.0,807.86,739.09,876.62
500.0,984.50,908.61,1060.39
600.0,1179.93,1098.87,1260.99
700.0,1381.93,1300.87,1462.99
800.0,1583.93,1502.87,1664.99
900.0,1785.93,1704.87,1866.99
1000.0,1987.93,1906.87,2068.99
1100.0,2189.93,2108.87,2270.99
1200.0,2379.07,2294.89,2463.25
1300.0,2574.86,2488.36,2661.36
1400.0,2776.86,2690.36,2863.36
1500.0,2972.29,2885.47,3059.10
1600.0,3167.71,3078.58,3256.85
1700.0,3356.71,3263.60,3449.83
1800.0,3552.14,3453.30,3650.99
1900.0,3747.57,3641.63,3853.51
2000.0,3936.43,3819.31,4053.55
2100.0,4112.14,3980.14,4244.14
2200.0,4287.93,4139.52,4436.34
2300.0,4463.86,4296.93,4630.79
2400.0,4633.14,4445.94,4820.35
2500.0,4808.86,4601.52,5016.20
2600.0,4978.07,4748.13,5208.01
2700.0,5153.79,4902.25,5405.33
2800.0,5317.07,5043.95,5590.19
2900.0,5480.29,5187.21,5773.37
3000.0,5643.07,5328.64,5957.50
3100.0,5800.93,5462.86,6139.00
3200.0,5957.14,5594.54,6319.75
3300.0,6113.36,5725.31,6501.40
3400.0,6269.57,5855.35,6683.79
3500.0,6425.79,5984.79,6866.78
3600.0,6582.00,6113.72,7050.28
3700.0,6731.79,6236.73,7226.84
3800.0,6881.57,6359.14,7404.00
3900.0,7024.79,6475.58,7573.99
4000.0,7168.14,6592.07,7744.22
