episodes,mean,ci_down,ci_up
0.0,110.82,75.26,146.38
100.0,156.50,125.81,187.19
200.0,176.18,151.54,200.82
300.0,181.93,159.39,204.47
400.0,182.43,160.41,204.44
500.0,176.64,152.29,200.99
600.0,195.43,182.15,208.71
700.0,202.00,202.00,202.00
800.0,202.00,202.00,202.00
900.0,202.00,202.00,202.00
1000.0,202.00,202.00,202.00
1100.0,202.00,202.00,202.00
1200.0,189.14,171.11,207.18
1300.0,195.79,183.23,208.35
1400.0,202.00,202.00,202.00
1500.0,195.43,182.15,208.71
1600.0,195.43,182.15,208.71
1700.0,189.00,170.77,207.23
1800.0,195.43,182.15,208.71
1900.0,195.43,182.15,208.71
2000.0,188.86,170.43,207.29
2100.0,175.71,150.67,200.76
2200.0,175.79,150.81,200.76
2300.0,175.93,151.09,200.77
2400.0,169.29,141.99,196.58
2500.0,175.71,150.67,200.76
2600.0,169.21,141.86,196.57
2700.0,175.71,150.67,200.76
2800.0,163.29,134.44,192.13
2900.0,163.21,134.32,192.11
3000.0,162.79,133.58,191.99
3100.0,157.86,127.94,187.77
3200.0,156.21,125.37,187.06
3300.0,156.21,125.37,187.06
3400.0,156.21,125.37,187.06
3500.0,156.21,125.37,187.06
3600.0,156.21,125.37,187.06
3700.0,149.79,117.67,181.90
3800.0,149.79,117.67,181.90
3900.0,143.21,109.99,176.44
4000.0,143.36,110.21,176.50
