episodes,mean,ci_down,ci_up
0.0,-395.75,-514.49,-277.02
100.0,-201.86,-290.26,-113.45
200.0,-202.70,-313.43,-91.97
300.0,-290.87,-390.96,-190.79
400.0,-235.72,-341.17,-130.26
500.0,-352.76,-465.74,-239.78
600.0,-192.34,-288.76,-95.91
700.0,-230.22,-327.40,-133.04
800.0,-254.27,-357.50,-151.04
900.0,-291.34,-395.13,-187.55
1000.0,-167.28,-257.42,-77.13
1100.0,-341.70,-439.67,-243.73
1200.0,-317.03,-422.35,-211.72
1300.0,-250.23,-352.61,-147.84
1400.0,-271.92,-381.35,-162.49
1500.0,-247.06,-351.14,-142.98
1600.0,-280.27,-386.43,-174.11
1700.0,-262.16,-369.71,-154.62
1800.0,-278.23,-385.43,-171.03
1900.0,-252.48,-356.99,-147.96
2000.0,-312.58,-417.47,-207.69
2100.0,-277.99,-385.94,-170.03
2200.0,-260.53,-369.65,-151.41
2300.0,-281.04,-389.71,-172.38
2400.0,-204.16,-306.61,-101.70
2500.0,-234.61,-336.85,-132.38
2600.0,-172.52,-272.31,-72.72
2700.0,-240.28,-348.27,-132.29
2800.0,-167.77,-265.93,-69.62
2900.0,-220.79,-329.00,-112.57
3000.0,-198.03,-309.74,-86.31
3100.0,-207.85,-316.08,-99.63
3200.0,-159.25,-266.78,-51.73
3300.0,-185.01,-297.53,-72.50
3400.0,-193.69,-305.52,-81.85
3500.0,-208.99,-325.67,-92.31
3600.0,-154.84,-259.87,-49.80
3700.0,-194.21,-311.48,-76.93
3800.0,-201.13,-320.88,-81.39
3900.0,-146.46,-254.40,-38.51
4000.0,-205.77,-327.70,-83.85
