trial,mean,ci_down,ci_up
0.0,29.95,26.53,33.37
10.0,30.13,26.48,33.79
20.0,30.27,26.94,33.59
30.0,30.05,27.52,32.58
40.0,31.01,26.91,35.12
50.0,29.99,26.78,33.20
60.0,29.62,26.67,32.56
70.0,30.33,27.44,33.21
80.0,30.80,27.56,34.04
90.0,30.77,27.46,34.08
100.0,28.48,24.77,32.19
110.0,28.89,25.37,32.41
120.0,31.13,27.49,34.76
130.0,28.73,25.24,32.23
140.0,29.47,25.96,32.98
150.0,32.28,29.60,34.96
160.0,32.95,29.87,36.03
170.0,31.09,27.44,34.74
180.0,29.08,25.64,32.52
190.0,32.12,28.63,35.61
200.0,29.91,26.14,33.68
210.0,28.79,25.78,31.79
220.0,32.07,28.79,35.34
230.0,29.64,26.45,32.83
240.0,31.85,28.82,34.87
250.0,30.45,27.11,33.79
260.0,30.92,27.16,34.68
270.0,29.33,25.95,32.71
280.0,28.95,25.38,32.52
290.0,31.57,28.59,34.55
300.0,31.06,27.66,34.47
310.0,32.23,29.14,35.31
320.0,33.39,29.65,37.13
330.0,33.20,29.26,37.14
340.0,31.60,28.01,35.18
350.0,30.92,27.11,34.72
360.0,29.84,27.27,32.41
370.0,29.81,26.13,33.49
380.0,30.90,27.38,34.43
390.0,34.68,30.99,38.38
400.0,32.05,28.10,36.01
410.0,31.71,28.32,35.09
420.0,32.17,28.42,35.91
430.0,30.29,27.00,33.59
440.0,32.34,28.43,36.26
450.0,31.14,27.97,34.31
460.0,32.51,29.29,35.73
470.0,30.00,26.05,33.95
480.0,31.60,28.14,35.06
490.0,30.33,26.41,34.24
500.0,30.89,27.73,34.05
510.0,30.76,27.49,34.02
520.0,30.68,27.69,33.68
530.0,30.56,27.44,33.68
540.0,31.13,27.51,34.75
550.0,32.69,28.90,36.49
560.0,29.75,26.52,32.98
570.0,32.15,28.64,35.66
580.0,31.24,27.57,34.91
590.0,31.32,27.79,34.84
600.0,31.80,28.18,35.43
610.0,30.54,26.76,34.31
620.0,30.16,27.14,33.19
630.0,31.36,27.85,34.87
640.0,30.86,27.75,33.98
650.0,32.29,28.95,35.64
660.0,31.19,27.75,34.62
670.0,31.44,27.86,35.02
680.0,30.10,26.31,33.89
690.0,31.82,28.51,35.13
700.0,30.14,26.54,33.74
710.0,30.44,26.69,34.20
720.0,30.11,27.28,32.93
730.0,30.84,27.50,34.17
740.0,28.45,25.43,31.47
750.0,29.57,26.37,32.77
760.0,31.68,28.16,35.20
770.0,29.50,25.97,33.03
780.0,29.34,25.75,32.94
790.0,31.93,28.37,35.49
800.0,29.38,25.54,33.23
810.0,31.56,27.82,35.30
820.0,30.94,27.70,34.18
830.0,28.29,25.49,31.10
840.0,31.38,27.45,35.31
850.0,28.93,25.45,32.40
860.0,30.19,26.72,33.65
870.0,29.64,26.32,32.96
880.0,30.91,27.62,34.21
890.0,29.85,25.95,33.75
900.0,30.84,27.37,34.30
910.0,32.59,28.56,36.63
920.0,27.66,24.81,30.51
930.0,29.77,25.61,33.93
940.0,30.84,27.45,34.23
950.0,28.22,24.86,31.57
960.0,30.87,27.30,34.44
970.0,28.92,25.79,32.06
980.0,31.56,28.64,34.49
990.0,30.88,27.61,34.14
1000.0,29.67,25.62,33.72
1010.0,32.55,29.12,35.99
1020.0,31.30,27.85,34.75
1030.0,30.37,27.82,32.92
1040.0,30.90,27.31,34.49
1050.0,30.53,26.81,34.25
1060.0,26.86,23.72,29.99
1070.0,31.08,27.84,34.31
1080.0,34.10,30.63,37.57
1090.0,31.26,27.47,35.05
1100.0,30.54,26.78,34.29
1110.0,31.57,27.64,35.50
1120.0,29.56,26.04,33.07
1130.0,32.22,28.65,35.79
1140.0,30.13,26.89,33.36
1150.0,32.54,29.06,36.01
1160.0,31.99,28.51,35.47
1170.0,29.96,26.97,32.96
1180.0,31.97,28.58,35.36
1190.0,29.45,26.23,32.67
1200.0,30.43,26.69,34.17
1210.0,31.34,27.45,35.23
1220.0,32.76,29.17,36.35
1230.0,30.81,27.39,34.23
1240.0,30.85,27.23,34.46
1250.0,29.85,26.41,33.28
1260.0,29.62,26.78,32.45
1270.0,30.62,27.62,33.62
1280.0,30.12,27.05,33.19
1290.0,28.24,24.74,31.73
1300.0,32.13,29.19,35.07
1310.0,33.36,29.65,37.07
1320.0,31.61,28.20,35.02
1330.0,33.01,29.29,36.73
1340.0,30.29,26.94,33.64
1350.0,30.58,26.94,34.23
1360.0,29.70,26.12,33.29
1370.0,31.15,27.10,35.21
1380.0,30.28,26.81,33.76
1390.0,28.71,24.72,32.70
1400.0,30.46,26.64,34.27
1410.0,32.69,29.41,35.98
1420.0,31.92,28.30,35.55
1430.0,31.69,28.45,34.93
1440.0,29.97,26.13,33.81
1450.0,27.62,24.51,30.73
1460.0,31.52,28.11,34.94
1470.0,32.67,29.71,35.62
1480.0,30.48,27.06,33.91
1490.0,30.87,27.32,34.42
1500.0,31.47,27.81,35.13
1510.0,30.05,27.01,33.10
1520.0,30.94,27.24,34.65
1530.0,32.87,29.25,36.48
1540.0,31.44,27.93,34.96
1550.0,30.06,26.69,33.43
1560.0,32.20,28.40,36.00
1570.0,30.15,26.56,33.74
1580.0,33.38,29.51,37.25
1590.0,31.43,27.99,34.86
1600.0,32.84,29.27,36.42
1610.0,29.84,26.48,33.20
1620.0,31.18,28.08,34.28
1630.0,29.84,26.28,33.41
1640.0,28.23,24.62,31.84
1650.0,31.02,27.71,34.34
1660.0,29.97,26.84,33.10
1670.0,29.87,26.59,33.16
1680.0,32.26,28.68,35.85
1690.0,30.92,27.80,34.03
1700.0,31.05,27.54,34.56
1710.0,29.09,25.69,32.50
1720.0,29.85,26.90,32.80
1730.0,29.98,26.45,33.51
1740.0,32.15,28.55,35.74
1750.0,31.94,28.40,35.49
1760.0,30.07,26.38,33.76
1770.0,29.00,25.16,32.85
1780.0,28.26,24.94,31.58
1790.0,31.01,27.57,34.46
1800.0,30.17,26.92,33.42
1810.0,32.95,29.54,36.36
1820.0,28.51,24.92,32.11
1830.0,30.65,27.16,34.13
1840.0,31.15,28.18,34.11
1850.0,30.82,27.74,33.90
1860.0,31.27,28.01,34.53
1870.0,31.95,28.17,35.72
1880.0,29.47,26.04,32.89
1890.0,30.69,26.71,34.68
1900.0,30.07,26.88,33.26
1910.0,31.20,27.62,34.77
1920.0,31.58,27.91,35.24
1930.0,31.57,28.48,34.66
1940.0,33.35,30.36,36.35
1950.0,34.10,30.68,37.53
1960.0,29.72,26.12,33.32
1970.0,30.25,26.61,33.90
1980.0,30.57,26.82,34.32
1990.0,30.70,26.88,34.52
2000.0,29.19,25.33,33.05
2010.0,29.91,26.62,33.20
2020.0,29.98,26.25,33.72
2030.0,32.77,28.75,36.80
2040.0,29.48,26.13,32.84
2050.0,31.50,27.88,35.11
2060.0,32.52,28.59,36.45
2070.0,27.80,24.35,31.25
2080.0,31.85,28.40,35.31
2090.0,34.80,31.34,38.27
2100.0,32.99,29.13,36.85
2110.0,31.68,28.37,35.00
2120.0,29.08,25.70,32.46
2130.0,32.05,28.11,35.99
2140.0,32.52,29.33,35.70
2150.0,31.83,28.17,35.49
2160.0,30.75,26.95,34.55
2170.0,30.71,27.27,34.16
2180.0,31.75,28.46,35.03
2190.0,31.77,28.28,35.25
2200.0,34.11,30.78,37.44
2210.0,32.14,28.73,35.55
2220.0,29.38,25.63,33.13
2230.0,31.75,28.12,35.38
2240.0,31.36,27.84,34.87
2250.0,28.88,25.60,32.16
2260.0,30.49,26.54,34.43
2270.0,31.39,27.14,35.64
2280.0,30.18,26.39,33.96
2290.0,29.48,26.15,32.81
2300.0,32.41,29.33,35.49
2310.0,29.14,25.75,32.52
2320.0,33.60,29.97,37.24
2330.0,31.34,27.86,34.83
2340.0,29.91,26.31,33.51
2350.0,29.14,25.68,32.61
2360.0,32.56,29.37,35.75
2370.0,32.83,29.65,36.01
2380.0,28.72,25.70,31.74
2390.0,31.83,27.65,36.02
2400.0,29.97,26.42,33.51
2410.0,29.70,26.18,33.21
2420.0,30.67,27.60,33.73
2430.0,30.70,27.13,34.27
2440.0,31.04,27.33,34.76
2450.0,30.39,26.79,33.99
2460.0,30.96,27.67,34.26
2470.0,29.63,26.17,33.09
2480.0,30.89,26.92,34.85
2490.0,27.03,24.01,30.05
2500.0,32.63,29.57,35.70
2510.0,29.68,26.11,33.25
2520.0,30.61,27.16,34.05
2530.0,32.12,28.78,35.47
2540.0,30.09,26.86,33.33
2550.0,30.32,26.73,33.91
2560.0,30.30,26.48,34.12
2570.0,31.38,27.32,35.45
2580.0,29.82,26.64,33.01
2590.0,30.25,27.20,33.30
2600.0,31.82,28.28,35.35
2610.0,31.04,26.98,35.10
2620.0,31.04,27.34,34.74
2630.0,32.25,28.35,36.14
2640.0,30.95,27.86,34.03
2650.0,28.67,25.54,31.79
2660.0,30.20,26.58,33.81
2670.0,30.39,27.00,33.79
2680.0,30.57,26.73,34.42
2690.0,27.76,24.18,31.33
2700.0,30.37,26.92,33.82
2710.0,34.30,30.49,38.12
2720.0,32.89,29.44,36.35
2730.0,30.64,27.11,34.17
2740.0,30.16,26.23,34.09
2750.0,31.50,28.17,34.83
2760.0,30.15,26.98,33.32
2770.0,32.06,28.80,35.32
2780.0,30.08,26.23,33.92
2790.0,30.01,26.55,33.48
2800.0,31.81,28.63,34.99
2810.0,30.60,26.70,34.51
2820.0,30.97,27.42,34.52
2830.0,31.11,27.60,34.62
2840.0,28.20,24.82,31.57
2850.0,30.07,26.34,33.80
2860.0,29.58,26.54,32.61
2870.0,29.29,25.69,32.88
2880.0,29.44,25.76,33.13
2890.0,29.90,26.18,33.62
2900.0,29.24,25.72,32.75
2910.0,31.24,27.19,35.29
2920.0,31.64,28.33,34.96
2930.0,30.13,26.88,33.38
2940.0,32.57,29.11,36.03
2950.0,32.44,28.92,35.96
2960.0,32.02,28.58,35.46
2970.0,30.32,27.24,33.39
2980.0,30.82,27.41,34.24
2990.0,29.73,26.11,33.35
3000.0,30.67,26.87,34.47
3010.0,33.87,30.33,37.41
3020.0,31.50,28.12,34.88
3030.0,30.78,27.10,34.46
3040.0,29.68,26.04,33.32
3050.0,28.71,25.54,31.88
3060.0,30.55,26.78,34.31
3070.0,31.44,27.89,35.00
3080.0,30.40,27.05,33.76
3090.0,30.79,28.05,33.54
3100.0,29.93,26.17,33.68
3110.0,32.41,28.80,36.01
3120.0,30.86,27.17,34.55
3130.0,29.95,26.49,33.41
3140.0,31.40,28.43,34.37
3150.0,30.63,26.60,34.65
3160.0,32.19,28.95,35.43
3170.0,33.03,29.07,36.98
3180.0,31.70,28.42,34.98
3190.0,32.29,28.30,36.28
3200.0,28.24,25.05,31.43
3210.0,32.30,28.50,36.10
3220.0,31.65,27.76,35.55
3230.0,31.39,27.70,35.08
3240.0,32.30,28.82,35.78
3250.0,32.40,28.75,36.05
3260.0,29.68,26.30,33.06
3270.0,32.08,28.84,35.31
3280.0,31.33,27.80,34.85
3290.0,29.20,25.55,32.84
3300.0,30.57,26.93,34.22
3310.0,29.05,25.59,32.51
3320.0,31.32,28.02,34.63
3330.0,30.93,27.17,34.68
3340.0,30.40,26.63,34.16
3350.0,29.68,26.22,33.14
3360.0,31.01,27.40,34.62
3370.0,31.03,26.92,35.13
3380.0,30.40,26.35,34.45
3390.0,30.55,27.13,33.97
3400.0,30.50,26.66,34.33
3410.0,32.23,28.33,36.14
3420.0,31.38,27.67,35.09
3430.0,31.71,28.28,35.15
3440.0,29.06,25.19,32.92
3450.0,30.60,27.18,34.02
3460.0,31.13,27.55,34.71
3470.0,32.47,29.25,35.69
3480.0,32.03,27.85,36.20
3490.0,33.47,29.50,37.43
3500.0,31.66,28.10,35.23
3510.0,32.41,28.96,35.85
3520.0,32.86,29.06,36.67
3530.0,30.66,26.93,34.39
3540.0,31.38,28.05,34.71
3550.0,29.91,26.45,33.37
3560.0,32.23,28.93,35.54
3570.0,30.29,26.71,33.87
3580.0,30.33,27.24,33.43
3590.0,30.18,26.75,33.60
3600.0,30.87,27.31,34.43
3610.0,30.47,27.31,33.64
3620.0,28.08,24.62,31.53
3630.0,32.13,29.01,35.25
3640.0,33.70,30.31,37.08
3650.0,30.67,27.33,34.02
3660.0,29.17,25.65,32.68
3670.0,30.41,27.20,33.62
3680.0,31.61,27.75,35.47
3690.0,31.47,27.41,35.52
3700.0,31.58,28.40,34.76
3710.0,32.54,28.48,36.60
3720.0,33.39,29.37,37.41
3730.0,30.40,26.49,34.32
3740.0,31.65,27.83,35.46
3750.0,28.86,25.02,32.71
3760.0,30.04,25.85,34.24
3770.0,31.08,27.23,34.94
3780.0,31.69,27.90,35.47
3790.0,31.00,27.61,34.38
3800.0,32.25,29.01,35.49
3810.0,34.11,29.99,38.24
3820.0,28.83,24.94,32.72
3830.0,32.02,28.19,35.84
3840.0,32.39,28.42,36.37
3850.0,31.01,27.22,34.80
3860.0,31.05,27.14,34.95
3870.0,32.12,28.37,35.88
3880.0,32.00,28.31,35.69
3890.0,29.43,25.78,33.07
3900.0,29.63,25.57,33.70
3910.0,32.05,28.63,35.48
3920.0,30.38,26.97,33.79
3930.0,31.80,28.48,35.11
3940.0,32.71,28.81,36.61
3950.0,29.76,26.12,33.40
3960.0,31.59,28.35,34.84
3970.0,31.01,27.24,34.78
3980.0,30.20,26.93,33.46
3990.0,29.51,25.89,33.13
4000.0,30.24,27.36,33.13
4010.0,30.94,27.59,34.28
4020.0,32.51,29.22,35.80
4030.0,31.08,27.61,34.55
4040.0,31.36,27.83,34.88
4050.0,31.00,27.30,34.70
4060.0,28.57,25.07,32.07
4070.0,32.27,28.73,35.81
4080.0,31.19,27.39,34.98
4090.0,29.65,25.84,33.46
4100.0,29.84,26.54,33.14
4110.0,28.48,24.45,32.51
4120.0,31.69,27.94,35.44
4130.0,34.88,31.21,38.55
4140.0,30.43,26.66,34.19
4150.0,33.82,30.81,36.83
4160.0,30.49,27.12,33.86
4170.0,31.96,27.85,36.08
4180.0,31.16,27.68,34.64
4190.0,27.71,24.20,31.22
4200.0,31.55,27.99,35.11
4210.0,30.58,27.32,33.85
4220.0,32.21,28.27,36.14
4230.0,32.30,28.77,35.83
4240.0,30.82,27.58,34.07
4250.0,32.26,28.28,36.25
4260.0,33.09,29.34,36.83
4270.0,31.19,27.43,34.95
4280.0,30.14,27.20,33.07
4290.0,31.15,27.21,35.10
4300.0,30.74,26.99,34.49
4310.0,33.12,29.62,36.61
4320.0,31.23,28.07,34.39
4330.0,28.61,25.11,32.11
4340.0,32.72,28.69,36.76
4350.0,31.42,27.90,34.93
4360.0,31.86,28.34,35.37
4370.0,34.01,31.00,37.01
4380.0,30.35,27.10,33.60
4390.0,30.80,27.06,34.54
4400.0,32.08,28.79,35.36
4410.0,32.29,28.48,36.11
4420.0,29.97,26.62,33.32
4430.0,33.35,29.74,36.96
4440.0,28.87,25.08,32.65
4450.0,31.40,27.79,35.01
4460.0,30.94,27.29,34.60
4470.0,29.00,25.75,32.25
4480.0,30.11,26.79,33.42
4490.0,31.95,28.41,35.50
4500.0,28.73,25.16,32.31
