trial,mean,ci_down,ci_up
0.0,55.64,51.40,59.88
10.0,57.86,53.30,62.41
20.0,60.58,55.65,65.51
30.0,58.16,52.36,63.97
40.0,57.60,49.88,65.33
50.0,57.25,49.98,64.51
60.0,57.33,52.80,61.85
70.0,59.40,50.32,68.47
80.0,58.08,53.27,62.88
90.0,58.42,52.82,64.03
100.0,55.03,48.50,61.56
110.0,54.82,48.56,61.09
120.0,59.23,49.25,69.20
130.0,60.18,55.35,65.00
140.0,59.09,54.65,63.54
150.0,55.66,48.65,62.68
160.0,58.22,51.74,64.71
170.0,56.50,49.49,63.50
180.0,57.08,50.36,63.81
190.0,56.90,50.35,63.45
200.0,58.09,53.28,62.90
210.0,58.67,51.11,66.23
220.0,57.95,52.23,63.67
230.0,57.37,48.93,65.81
240.0,57.23,51.99,62.46
250.0,57.57,50.48,64.67
260.0,61.75,53.03,70.46
270.0,58.05,53.47,62.62
280.0,60.28,53.39,67.17
290.0,57.26,51.75,62.76
300.0,56.08,50.86,61.30
310.0,60.35,53.58,67.12
320.0,59.77,53.75,65.79
330.0,58.82,53.83,63.81
340.0,59.71,50.69,68.74
350.0,57.94,51.41,64.47
360.0,58.24,51.42,65.06
370.0,59.75,52.32,67.19
380.0,59.33,50.73,67.94
390.0,55.52,49.57,61.47
400.0,60.00,52.54,67.46
410.0,57.26,49.29,65.23
420.0,54.40,48.23,60.57
430.0,58.47,52.54,64.39
440.0,57.57,54.98,60.16
450.0,55.27,50.42,60.11
460.0,59.43,53.15,65.70
470.0,57.48,51.38,63.57
480.0,58.69,50.63,66.76
490.0,57.06,51.26,62.86
500.0,57.24,49.94,64.53
510.0,55.00,48.28,61.72
520.0,55.23,49.97,60.48
530.0,56.93,48.99,64.87
540.0,56.25,51.53,60.97
550.0,58.05,51.70,64.40
560.0,59.06,53.66,64.47
570.0,58.18,53.09,63.26
580.0,56.01,50.36,61.65
590.0,60.16,54.53,65.79
600.0,57.37,49.64,65.10
610.0,58.64,54.41,62.86
620.0,57.96,48.54,67.37
630.0,57.09,51.57,62.61
640.0,57.20,50.89,63.51
650.0,55.69,51.57,59.81
660.0,61.21,54.36,68.06
670.0,54.63,50.69,58.58
680.0,56.61,52.70,60.53
690.0,58.82,52.04,65.61
700.0,55.24,51.70,58.77
710.0,56.14,50.36,61.93
720.0,57.52,53.05,61.98
730.0,54.44,48.95,59.94
740.0,59.23,51.63,66.83
750.0,53.98,48.99,58.97
760.0,55.27,50.39,60.16
770.0,57.87,52.84,62.89
780.0,55.06,49.85,60.27
790.0,57.66,48.35,66.98
800.0,58.26,53.18,63.34
810.0,57.81,51.81,63.82
820.0,55.38,48.92,61.84
830.0,58.99,52.52,65.45
840.0,60.07,55.44,64.69
850.0,59.24,53.29,65.19
860.0,55.69,46.71,64.68
870.0,56.95,52.06,61.85
880.0,57.60,49.59,65.62
890.0,56.66,51.58,61.75
900.0,57.57,49.86,65.28
910.0,55.96,51.18,60.74
920.0,58.57,53.98,63.17
930.0,56.57,52.34,60.79
940.0,55.38,49.66,61.11
950.0,54.66,49.17,60.15
960.0,56.60,50.36,62.83
970.0,59.87,53.03,66.71
980.0,55.93,51.39,60.46
990.0,59.81,52.08,67.54
1000.0,56.71,51.24,62.19
1010.0,54.49,48.27,60.71
1020.0,55.78,48.98,62.58
1030.0,55.12,49.18,61.06
1040.0,55.73,51.12,60.33
1050.0,56.31,51.62,61.00
1060.0,55.71,49.17,62.25
1070.0,54.71,50.61,58.80
1080.0,58.66,51.97,65.35
1090.0,56.71,51.44,61.98
1100.0,56.47,49.24,63.70
1110.0,53.76,47.54,59.99
1120.0,57.99,54.31,61.67
1130.0,58.47,52.96,63.98
1140.0,56.73,49.29,64.17
1150.0,57.33,52.43,62.23
1160.0,55.83,50.56,61.10
1170.0,55.06,48.72,61.40
1180.0,53.66,48.05,59.28
1190.0,54.63,47.03,62.23
1200.0,53.39,47.09,59.68
1210.0,56.34,47.59,65.09
1220.0,55.62,49.40,61.85
1230.0,56.01,49.09,62.92
1240.0,58.61,51.85,65.36
1250.0,56.76,53.36,60.17
1260.0,56.06,48.50,63.63
1270.0,58.44,53.88,62.99
1280.0,57.13,51.12,63.14
1290.0,58.04,52.90,63.18
1300.0,56.19,48.66,63.71
1310.0,55.17,50.75,59.58
1320.0,55.05,49.36,60.74
1330.0,56.39,51.38,61.40
1340.0,57.01,53.54,60.48
1350.0,56.06,50.85,61.28
1360.0,55.06,50.46,59.67
1370.0,55.50,50.86,60.15
1380.0,53.75,46.12,61.38
1390.0,58.03,51.54,64.52
1400.0,56.61,52.71,60.51
1410.0,55.62,50.51,60.72
1420.0,55.55,50.51,60.60
1430.0,55.65,49.94,61.35
1440.0,58.25,51.90,64.60
1450.0,57.62,49.53,65.71
1460.0,56.17,53.57,58.77
1470.0,57.37,53.64,61.10
1480.0,58.92,52.46,65.38
1490.0,57.27,51.76,62.78
1500.0,52.95,49.28,56.62
1510.0,55.01,51.73,58.29
1520.0,56.03,51.13,60.93
1530.0,57.40,53.38,61.42
1540.0,58.73,53.61,63.84
1550.0,54.60,47.26,61.94
1560.0,53.72,49.64,57.80
1570.0,53.00,49.67,56.33
1580.0,55.66,49.59,61.74
1590.0,56.94,51.41,62.47
1600.0,54.45,48.45,60.46
1610.0,58.10,51.02,65.17
1620.0,55.20,48.33,62.07
1630.0,54.48,49.06,59.91
1640.0,55.40,47.77,63.02
1650.0,54.75,50.41,59.08
1660.0,53.39,48.01,58.77
1670.0,54.86,47.49,62.22
1680.0,55.57,50.58,60.56
1690.0,57.31,52.02,62.60
1700.0,53.91,50.29,57.53
1710.0,54.25,47.90,60.59
1720.0,55.82,49.34,62.30
1730.0,53.69,48.20,59.18
1740.0,55.31,48.93,61.68
1750.0,56.57,47.59,65.54
1760.0,55.24,47.70,62.77
1770.0,57.47,52.76,62.18
1780.0,55.05,49.41,60.68
1790.0,56.59,51.45,61.72
1800.0,56.12,52.46,59.78
1810.0,56.63,48.51,64.76
1820.0,56.01,51.93,60.10
1830.0,57.71,53.84,61.58
1840.0,54.00,46.62,61.37
1850.0,55.82,49.69,61.95
1860.0,53.86,48.77,58.95
1870.0,55.56,49.20,61.93
1880.0,56.24,49.85,62.62
1890.0,54.75,50.18,59.31
1900.0,54.47,51.57,57.37
1910.0,54.87,49.31,60.42
1920.0,55.76,50.84,60.68
1930.0,51.51,46.94,56.07
1940.0,58.04,51.19,64.89
1950.0,56.82,48.74,64.89
1960.0,54.56,49.72,59.41
1970.0,52.26,47.57,56.95
1980.0,53.89,47.05,60.73
1990.0,56.54,51.50,61.58
2000.0,55.56,49.90,61.22
2010.0,51.85,45.44,58.26
2020.0,53.12,48.13,58.11
2030.0,52.21,47.29,57.12
2040.0,57.80,52.15,63.45
2050.0,57.92,53.19,62.65
2060.0,56.27,52.75,59.79
2070.0,54.33,49.10,59.56
2080.0,54.90,48.02,61.77
2090.0,54.78,49.31,60.25
2100.0,51.31,47.63,55.00
2110.0,51.75,45.64,57.86
2120.0,52.83,47.69,57.96
2130.0,56.65,53.36,59.94
2140.0,57.03,51.29,62.77
2150.0,53.72,48.81,58.63
2160.0,56.48,52.39,60.56
2170.0,53.20,46.93,59.47
2180.0,53.10,47.47,58.74
2190.0,53.77,49.82,57.72
2200.0,54.13,48.19,60.08
2210.0,52.93,44.44,61.42
2220.0,56.63,49.19,64.07
2230.0,51.96,48.05,55.86
2240.0,52.93,48.93,56.94
2250.0,53.68,48.17,59.19
2260.0,52.15,47.91,56.38
2270.0,54.23,49.24,59.21
2280.0,54.73,48.35,61.12
2290.0,55.32,49.41,61.23
2300.0,52.49,47.76,57.22
2310.0,55.49,48.35,62.64
2320.0,54.51,47.53,61.49
2330.0,54.10,48.14,60.06
2340.0,55.48,48.73,62.23
2350.0,57.79,50.75,64.83
2360.0,55.84,49.42,62.25
2370.0,53.40,47.55,59.25
2380.0,55.07,49.27,60.87
2390.0,54.37,48.97,59.78
2400.0,51.72,45.22,58.23
2410.0,56.01,51.08,60.95
2420.0,54.85,48.57,61.13
2430.0,54.73,47.62,61.83
2440.0,52.86,47.65,58.06
2450.0,54.85,50.24,59.45
2460.0,53.38,46.61,60.16
2470.0,54.15,47.92,60.37
2480.0,52.80,47.23,58.36
2490.0,53.55,48.61,58.50
2500.0,53.44,49.14,57.75
2510.0,53.27,48.31,58.23
2520.0,53.62,48.49,58.76
2530.0,54.14,49.39,58.88
2540.0,54.01,48.57,59.45
2550.0,53.77,48.67,58.86
2560.0,52.05,49.08,55.03
2570.0,53.30,48.00,58.60
2580.0,53.23,48.41,58.05
2590.0,53.94,49.67,58.20
2600.0,53.75,45.86,61.64
2610.0,53.27,45.01,61.53
2620.0,51.85,47.49,56.20
2630.0,53.37,48.03,58.72
2640.0,51.04,44.56,57.52
2650.0,54.43,49.41,59.45
2660.0,55.57,50.73,60.41
2670.0,54.52,49.48,59.55
2680.0,54.76,48.00,61.53
2690.0,52.72,46.40,59.03
2700.0,54.29,49.24,59.35
2710.0,54.29,49.01,59.57
2720.0,53.11,48.02,58.21
2730.0,53.66,47.96,59.36
2740.0,52.74,46.14,59.33
2750.0,54.75,49.71,59.79
2760.0,53.27,46.84,59.70
2770.0,55.45,49.03,61.87
2780.0,55.24,50.26,60.21
2790.0,52.46,47.39,57.52
2800.0,50.85,47.06,54.63
2810.0,52.05,45.28,58.83
2820.0,53.13,47.94,58.32
2830.0,52.28,47.53,57.03
2840.0,53.29,48.23,58.36
2850.0,52.02,45.31,58.72
2860.0,53.23,48.64,57.81
2870.0,52.78,46.08,59.49
2880.0,53.19,49.19,57.20
2890.0,54.64,48.80,60.47
2900.0,53.36,47.28,59.45
2910.0,53.65,48.22,59.08
2920.0,51.70,46.31,57.09
2930.0,54.53,47.66,61.41
2940.0,51.89,47.18,56.60
2950.0,52.58,47.05,58.12
2960.0,53.66,47.63,59.69
2970.0,53.08,47.34,58.81
2980.0,51.18,43.84,58.52
2990.0,52.18,44.38,59.97
3000.0,53.64,48.38,58.90
3010.0,52.67,47.19,58.15
3020.0,55.29,49.21,61.38
3030.0,53.59,48.87,58.32
3040.0,54.07,47.26,60.88
3050.0,54.65,46.48,62.82
3060.0,54.69,49.21,60.17
3070.0,51.80,48.20,55.40
3080.0,53.33,49.14,57.51
3090.0,53.28,48.29,58.26
3100.0,52.04,46.47,57.62
3110.0,53.74,49.06,58.41
3120.0,50.96,46.80,55.12
3130.0,52.81,48.58,57.04
3140.0,51.02,46.99,55.05
3150.0,53.44,47.90,58.98
3160.0,55.82,48.31,63.33
3170.0,52.75,49.42,56.08
3180.0,52.53,48.26,56.80
3190.0,54.82,50.16,59.49
3200.0,50.77,48.00,53.54
3210.0,52.89,50.78,55.00
3220.0,51.64,45.75,57.53
3230.0,54.81,50.50,59.13
3240.0,52.99,46.04,59.93
3250.0,53.71,49.32,58.10
3260.0,53.34,47.52,59.16
3270.0,52.54,44.84,60.24
3280.0,52.02,46.25,57.78
3290.0,54.35,50.19,58.50
3300.0,52.93,46.59,59.27
3310.0,53.35,47.48,59.22
3320.0,51.99,46.53,57.45
3330.0,51.21,45.77,56.64
3340.0,52.25,47.21,57.29
3350.0,54.18,46.64,61.72
3360.0,51.41,48.11,54.72
3370.0,53.38,48.87,57.89
3380.0,53.29,46.76,59.83
3390.0,52.62,46.32,58.92
3400.0,51.63,46.26,57.01
3410.0,52.88,46.87,58.89
3420.0,50.49,43.94,57.04
3430.0,53.96,49.61,58.30
3440.0,53.77,48.47,59.07
3450.0,52.30,48.01,56.60
3460.0,54.40,48.64,60.16
3470.0,51.84,48.51,55.18
3480.0,50.56,44.31,56.80
3490.0,51.39,45.80,56.98
3500.0,52.60,49.25,55.94
3510.0,51.70,46.31,57.10
3520.0,53.37,49.24,57.50
3530.0,51.56,48.64,54.48
3540.0,51.55,47.24,55.86
3550.0,51.17,45.72,56.61
3560.0,53.23,49.75,56.70
3570.0,52.01,47.35,56.66
3580.0,53.04,49.33,56.76
3590.0,53.30,48.38,58.21
3600.0,51.67,44.92,58.41
3610.0,51.58,47.52,55.65
3620.0,52.38,46.16,58.60
3630.0,53.21,46.66,59.75
3640.0,51.76,45.51,58.02
3650.0,55.07,48.61,61.53
3660.0,54.81,51.01,58.60
3670.0,52.95,47.31,58.58
3680.0,50.17,44.14,56.19
3690.0,51.41,46.04,56.77
3700.0,52.31,47.60,57.02
3710.0,50.67,45.02,56.33
3720.0,52.72,47.47,57.97
3730.0,53.54,48.48,58.60
3740.0,53.37,49.14,57.60
3750.0,51.57,47.38,55.76
3760.0,53.00,45.99,60.02
3770.0,52.71,47.66,57.75
3780.0,50.66,45.34,55.98
3790.0,54.38,48.34,60.42
3800.0,50.75,45.56,55.94
3810.0,53.20,48.18,58.21
3820.0,52.12,46.46,57.78
3830.0,50.05,47.16,52.94
3840.0,53.32,48.71,57.93
3850.0,51.81,47.88,55.74
3860.0,51.78,49.31,54.26
3870.0,51.65,45.34,57.96
3880.0,52.43,48.15,56.72
3890.0,50.45,44.23,56.67
3900.0,49.22,46.03,52.40
3910.0,50.92,45.58,56.27
3920.0,52.16,44.39,59.92
3930.0,51.69,46.51,56.87
3940.0,54.40,48.18,60.63
3950.0,48.85,43.09,54.62
3960.0,54.18,49.27,59.09
3970.0,50.49,43.51,57.47
3980.0,53.61,49.53,57.68
3990.0,53.80,46.71,60.90
4000.0,50.60,46.93,54.27
4010.0,52.38,46.23,58.53
4020.0,51.48,47.57,55.40
4030.0,53.08,48.72,57.43
4040.0,51.19,46.44,55.94
4050.0,53.21,48.50,57.92
4060.0,52.50,47.17,57.83
4070.0,50.70,45.81,55.59
4080.0,51.26,45.86,56.66
4090.0,51.84,46.74,56.95
4100.0,50.71,44.37,57.05
4110.0,50.35,44.20,56.50
4120.0,52.93,44.31,61.56
4130.0,51.79,45.09,58.49
4140.0,52.01,49.03,55.00
4150.0,51.83,46.42,57.25
4160.0,51.98,48.91,55.05
4170.0,52.34,48.36,56.32
4180.0,53.83,49.52,58.13
4190.0,49.19,45.20,53.19
4200.0,51.97,47.86,56.09
4210.0,50.23,42.97,57.49
4220.0,51.95,46.30,57.60
4230.0,49.70,44.24,55.17
4240.0,49.47,45.65,53.28
4250.0,51.30,46.25,56.35
4260.0,51.04,46.62,55.46
4270.0,51.86,46.47,57.25
4280.0,52.69,46.59,58.79
4290.0,50.61,45.57,55.66
4300.0,49.42,44.25,54.58
4310.0,50.35,47.67,53.03
4320.0,54.55,48.49,60.62
4330.0,51.28,43.78,58.79
4340.0,52.78,48.74,56.82
4350.0,51.25,44.66,57.83
4360.0,51.71,48.20,55.22
4370.0,52.61,45.20,60.02
4380.0,49.12,45.19,53.05
4390.0,51.62,47.09,56.15
4400.0,52.10,47.35,56.84
4410.0,50.35,45.20,55.49
4420.0,50.14,45.42,54.86
4430.0,52.13,46.26,58.00
4440.0,51.11,47.90,54.32
4450.0,50.40,43.85,56.94
4460.0,51.08,45.72,56.44
4470.0,51.30,47.79,54.81
4480.0,50.99,46.86,55.11
4490.0,51.23,46.09,56.36
4500.0,50.14,43.39,56.89
