trial,mean,ci_down,ci_up
0.0,0.09,0.05,0.14
10.0,0.08,0.05,0.12
20.0,0.08,0.05,0.10
30.0,0.10,0.07,0.12
40.0,0.10,0.05,0.14
50.0,0.08,0.05,0.12
60.0,0.08,0.05,0.12
70.0,0.12,0.06,0.18
80.0,0.09,0.06,0.12
90.0,0.09,0.04,0.14
100.0,0.09,0.05,0.13
110.0,0.08,0.05,0.10
120.0,0.13,0.09,0.17
130.0,0.10,0.04,0.17
140.0,0.09,0.05,0.14
150.0,0.09,0.04,0.14
160.0,0.08,0.05,0.12
170.0,0.08,0.05,0.12
180.0,0.07,0.04,0.10
190.0,0.12,0.06,0.18
200.0,0.10,0.06,0.15
210.0,0.11,0.07,0.16
220.0,0.11,0.06,0.15
230.0,0.09,0.06,0.13
240.0,0.11,0.06,0.16
250.0,0.10,0.05,0.15
260.0,0.11,0.05,0.17
270.0,0.11,0.05,0.17
280.0,0.13,0.07,0.19
290.0,0.09,0.04,0.13
300.0,0.10,0.05,0.15
310.0,0.11,0.05,0.17
320.0,0.10,0.04,0.16
330.0,0.10,0.07,0.14
340.0,0.11,0.07,0.15
350.0,0.09,0.04,0.14
360.0,0.09,0.05,0.12
370.0,0.10,0.05,0.15
380.0,0.12,0.06,0.17
390.0,0.09,0.05,0.13
400.0,0.11,0.08,0.14
410.0,0.10,0.05,0.14
420.0,0.10,0.06,0.14
430.0,0.09,0.04,0.13
440.0,0.10,0.06,0.13
450.0,0.09,0.04,0.14
460.0,0.11,0.07,0.15
470.0,0.09,0.05,0.13
480.0,0.09,0.06,0.11
490.0,0.13,0.08,0.19
500.0,0.07,0.04,0.11
510.0,0.09,0.04,0.14
520.0,0.10,0.06,0.14
530.0,0.08,0.05,0.11
540.0,0.10,0.06,0.15
550.0,0.09,0.05,0.13
560.0,0.09,0.05,0.14
570.0,0.10,0.05,0.15
580.0,0.09,0.06,0.13
590.0,0.07,0.05,0.10
600.0,0.09,0.06,0.13
610.0,0.08,0.05,0.12
620.0,0.12,0.06,0.17
630.0,0.10,0.05,0.14
640.0,0.11,0.07,0.16
650.0,0.12,0.08,0.16
660.0,0.09,0.05,0.13
670.0,0.12,0.07,0.18
680.0,0.11,0.07,0.15
690.0,0.10,0.06,0.13
700.0,0.10,0.06,0.14
710.0,0.09,0.06,0.12
720.0,0.09,0.05,0.13
730.0,0.12,0.07,0.16
740.0,0.11,0.06,0.17
750.0,0.11,0.07,0.15
760.0,0.11,0.07,0.15
770.0,0.10,0.05,0.15
780.0,0.08,0.05,0.12
790.0,0.10,0.05,0.15
800.0,0.09,0.05,0.12
810.0,0.09,0.05,0.14
820.0,0.12,0.08,0.17
830.0,0.08,0.05,0.11
840.0,0.13,0.07,0.18
850.0,0.11,0.04,0.17
860.0,0.09,0.05,0.13
870.0,0.09,0.05,0.13
880.0,0.11,0.06,0.15
890.0,0.10,0.06,0.14
900.0,0.12,0.06,0.18
910.0,0.11,0.06,0.15
920.0,0.11,0.05,0.16
930.0,0.10,0.06,0.13
940.0,0.10,0.06,0.13
950.0,0.10,0.05,0.14
960.0,0.11,0.07,0.16
970.0,0.11,0.07,0.15
980.0,0.11,0.06,0.17
990.0,0.10,0.06,0.14
1000.0,0.12,0.07,0.16
1010.0,0.12,0.06,0.18
1020.0,0.08,0.03,0.13
1030.0,0.11,0.07,0.15
1040.0,0.08,0.04,0.11
1050.0,0.08,0.04,0.13
1060.0,0.11,0.05,0.17
1070.0,0.10,0.05,0.16
1080.0,0.10,0.06,0.14
1090.0,0.10,0.06,0.13
1100.0,0.08,0.04,0.12
1110.0,0.12,0.06,0.18
1120.0,0.12,0.08,0.16
1130.0,0.11,0.04,0.17
1140.0,0.11,0.05,0.17
1150.0,0.09,0.04,0.14
1160.0,0.08,0.05,0.11
1170.0,0.10,0.05,0.14
1180.0,0.11,0.07,0.15
1190.0,0.09,0.05,0.13
1200.0,0.09,0.05,0.12
1210.0,0.09,0.06,0.12
1220.0,0.09,0.06,0.13
1230.0,0.10,0.06,0.14
1240.0,0.10,0.06,0.13
1250.0,0.10,0.05,0.15
1260.0,0.09,0.06,0.13
1270.0,0.11,0.07,0.14
1280.0,0.08,0.05,0.11
1290.0,0.09,0.05,0.12
1300.0,0.10,0.04,0.17
1310.0,0.12,0.08,0.16
1320.0,0.11,0.07,0.14
1330.0,0.11,0.06,0.15
1340.0,0.09,0.05,0.14
1350.0,0.08,0.05,0.12
1360.0,0.08,0.05,0.11
1370.0,0.12,0.05,0.19
1380.0,0.11,0.06,0.16
1390.0,0.08,0.04,0.12
1400.0,0.08,0.05,0.12
1410.0,0.08,0.05,0.12
1420.0,0.09,0.05,0.12
1430.0,0.08,0.04,0.11
1440.0,0.12,0.08,0.16
1450.0,0.14,0.08,0.20
1460.0,0.10,0.06,0.15
1470.0,0.09,0.05,0.13
1480.0,0.12,0.07,0.17
1490.0,0.12,0.07,0.17
1500.0,0.14,0.08,0.19
1510.0,0.09,0.05,0.14
1520.0,0.09,0.05,0.13
1530.0,0.09,0.04,0.14
1540.0,0.09,0.05,0.14
1550.0,0.14,0.09,0.20
1560.0,0.09,0.05,0.14
1570.0,0.08,0.04,0.13
1580.0,0.11,0.06,0.16
1590.0,0.10,0.06,0.14
1600.0,0.11,0.06,0.15
1610.0,0.09,0.06,0.13
1620.0,0.11,0.07,0.15
1630.0,0.12,0.07,0.17
1640.0,0.10,0.06,0.13
1650.0,0.13,0.07,0.18
1660.0,0.12,0.07,0.17
1670.0,0.10,0.06,0.15
1680.0,0.10,0.06,0.13
1690.0,0.08,0.05,0.12
1700.0,0.12,0.09,0.16
1710.0,0.12,0.06,0.18
1720.0,0.13,0.07,0.19
1730.0,0.12,0.08,0.16
1740.0,0.09,0.06,0.12
1750.0,0.11,0.07,0.15
1760.0,0.09,0.05,0.13
1770.0,0.12,0.08,0.17
1780.0,0.08,0.05,0.10
1790.0,0.06,0.04,0.09
1800.0,0.10,0.05,0.16
1810.0,0.11,0.07,0.15
1820.0,0.11,0.07,0.15
1830.0,0.12,0.06,0.17
1840.0,0.11,0.05,0.16
1850.0,0.11,0.06,0.16
1860.0,0.08,0.05,0.12
1870.0,0.13,0.07,0.20
1880.0,0.13,0.07,0.19
1890.0,0.09,0.05,0.13
1900.0,0.13,0.08,0.17
1910.0,0.12,0.08,0.15
1920.0,0.10,0.06,0.14
1930.0,0.11,0.06,0.16
1940.0,0.11,0.05,0.17
1950.0,0.11,0.06,0.15
1960.0,0.09,0.06,0.13
1970.0,0.10,0.06,0.15
1980.0,0.12,0.06,0.18
1990.0,0.09,0.05,0.13
2000.0,0.13,0.06,0.20
2010.0,0.11,0.07,0.14
2020.0,0.10,0.07,0.14
2030.0,0.10,0.06,0.15
2040.0,0.11,0.06,0.16
2050.0,0.10,0.07,0.14
2060.0,0.10,0.05,0.15
2070.0,0.10,0.06,0.14
2080.0,0.08,0.06,0.11
2090.0,0.11,0.07,0.15
2100.0,0.11,0.07,0.16
2110.0,0.11,0.07,0.16
2120.0,0.09,0.04,0.13
2130.0,0.09,0.05,0.12
2140.0,0.10,0.07,0.14
2150.0,0.13,0.05,0.21
2160.0,0.10,0.06,0.13
2170.0,0.08,0.05,0.11
2180.0,0.12,0.06,0.19
2190.0,0.11,0.07,0.15
2200.0,0.10,0.06,0.14
2210.0,0.10,0.06,0.14
2220.0,0.09,0.05,0.13
2230.0,0.10,0.06,0.13
2240.0,0.09,0.05,0.14
2250.0,0.10,0.05,0.14
2260.0,0.07,0.04,0.11
2270.0,0.11,0.05,0.18
2280.0,0.13,0.09,0.17
2290.0,0.09,0.05,0.12
2300.0,0.10,0.06,0.14
2310.0,0.09,0.05,0.14
2320.0,0.15,0.08,0.21
2330.0,0.09,0.06,0.13
2340.0,0.11,0.07,0.15
2350.0,0.10,0.04,0.15
2360.0,0.10,0.06,0.14
2370.0,0.07,0.04,0.11
2380.0,0.11,0.07,0.15
2390.0,0.09,0.05,0.13
2400.0,0.09,0.06,0.12
2410.0,0.10,0.06,0.13
2420.0,0.13,0.08,0.18
2430.0,0.09,0.05,0.12
2440.0,0.10,0.05,0.15
2450.0,0.12,0.06,0.18
2460.0,0.10,0.05,0.16
2470.0,0.09,0.05,0.13
2480.0,0.12,0.07,0.17
2490.0,0.10,0.05,0.16
2500.0,0.09,0.05,0.13
2510.0,0.11,0.07,0.16
2520.0,0.10,0.06,0.14
2530.0,0.11,0.05,0.17
2540.0,0.14,0.07,0.20
2550.0,0.08,0.05,0.12
2560.0,0.11,0.07,0.16
2570.0,0.11,0.06,0.17
2580.0,0.10,0.07,0.14
2590.0,0.11,0.06,0.17
2600.0,0.10,0.05,0.14
2610.0,0.10,0.04,0.16
2620.0,0.09,0.05,0.12
2630.0,0.12,0.06,0.18
2640.0,0.11,0.06,0.15
2650.0,0.10,0.04,0.16
2660.0,0.09,0.05,0.14
2670.0,0.10,0.05,0.16
2680.0,0.10,0.06,0.15
2690.0,0.09,0.05,0.13
2700.0,0.09,0.06,0.12
2710.0,0.08,0.05,0.11
2720.0,0.12,0.07,0.17
2730.0,0.12,0.05,0.18
2740.0,0.08,0.05,0.11
2750.0,0.12,0.06,0.18
2760.0,0.11,0.06,0.17
2770.0,0.10,0.06,0.13
2780.0,0.10,0.06,0.14
2790.0,0.10,0.06,0.14
2800.0,0.10,0.06,0.14
2810.0,0.11,0.06,0.17
2820.0,0.12,0.06,0.18
2830.0,0.12,0.07,0.18
2840.0,0.11,0.06,0.16
2850.0,0.11,0.06,0.16
2860.0,0.13,0.08,0.18
2870.0,0.11,0.05,0.16
2880.0,0.11,0.06,0.17
2890.0,0.12,0.07,0.16
2900.0,0.10,0.04,0.15
2910.0,0.08,0.04,0.11
2920.0,0.11,0.06,0.15
2930.0,0.11,0.05,0.17
2940.0,0.09,0.06,0.13
2950.0,0.14,0.08,0.19
2960.0,0.08,0.04,0.11
2970.0,0.12,0.07,0.17
2980.0,0.12,0.07,0.17
2990.0,0.12,0.07,0.17
3000.0,0.08,0.04,0.12
3010.0,0.10,0.06,0.15
3020.0,0.10,0.06,0.13
3030.0,0.11,0.06,0.15
3040.0,0.10,0.06,0.15
3050.0,0.09,0.06,0.12
3060.0,0.11,0.07,0.16
3070.0,0.11,0.05,0.16
3080.0,0.10,0.06,0.14
3090.0,0.11,0.06,0.15
3100.0,0.09,0.06,0.13
3110.0,0.12,0.08,0.16
3120.0,0.15,0.09,0.21
3130.0,0.10,0.05,0.14
3140.0,0.09,0.06,0.12
3150.0,0.12,0.06,0.18
3160.0,0.11,0.06,0.16
3170.0,0.08,0.04,0.11
3180.0,0.12,0.08,0.17
3190.0,0.10,0.06,0.13
3200.0,0.09,0.05,0.13
3210.0,0.12,0.07,0.17
3220.0,0.07,0.05,0.10
3230.0,0.12,0.07,0.17
3240.0,0.10,0.06,0.14
3250.0,0.13,0.05,0.21
3260.0,0.09,0.06,0.12
3270.0,0.10,0.06,0.14
3280.0,0.10,0.05,0.15
3290.0,0.07,0.04,0.10
3300.0,0.09,0.06,0.12
3310.0,0.09,0.04,0.14
3320.0,0.11,0.07,0.15
3330.0,0.12,0.07,0.18
3340.0,0.11,0.08,0.14
3350.0,0.09,0.05,0.13
3360.0,0.12,0.07,0.17
3370.0,0.10,0.04,0.16
3380.0,0.09,0.04,0.14
3390.0,0.11,0.05,0.16
3400.0,0.10,0.06,0.15
3410.0,0.07,0.05,0.10
3420.0,0.10,0.06,0.14
3430.0,0.12,0.06,0.18
3440.0,0.12,0.07,0.16
3450.0,0.13,0.08,0.17
3460.0,0.10,0.06,0.14
3470.0,0.11,0.07,0.14
3480.0,0.11,0.06,0.16
3490.0,0.10,0.07,0.14
3500.0,0.09,0.04,0.14
3510.0,0.10,0.06,0.14
3520.0,0.07,0.03,0.11
3530.0,0.13,0.08,0.18
3540.0,0.11,0.08,0.14
3550.0,0.10,0.05,0.14
3560.0,0.11,0.05,0.16
3570.0,0.10,0.06,0.13
3580.0,0.12,0.08,0.17
3590.0,0.15,0.08,0.21
3600.0,0.11,0.07,0.15
3610.0,0.08,0.04,0.13
3620.0,0.11,0.05,0.16
3630.0,0.11,0.05,0.17
3640.0,0.10,0.06,0.13
3650.0,0.09,0.06,0.12
3660.0,0.12,0.06,0.19
3670.0,0.12,0.07,0.16
3680.0,0.11,0.07,0.15
3690.0,0.08,0.04,0.12
3700.0,0.10,0.06,0.14
3710.0,0.09,0.05,0.12
3720.0,0.08,0.05,0.11
3730.0,0.10,0.06,0.15
3740.0,0.10,0.05,0.15
3750.0,0.12,0.06,0.17
3760.0,0.10,0.05,0.14
3770.0,0.10,0.06,0.14
3780.0,0.10,0.06,0.15
3790.0,0.09,0.04,0.15
3800.0,0.12,0.07,0.17
3810.0,0.09,0.05,0.14
3820.0,0.08,0.05,0.11
3830.0,0.09,0.04,0.13
3840.0,0.12,0.08,0.17
3850.0,0.10,0.07,0.14
3860.0,0.13,0.07,0.19
3870.0,0.10,0.05,0.14
3880.0,0.10,0.05,0.15
3890.0,0.10,0.05,0.15
3900.0,0.12,0.06,0.19
3910.0,0.10,0.06,0.13
3920.0,0.10,0.06,0.14
3930.0,0.14,0.09,0.19
3940.0,0.10,0.05,0.16
3950.0,0.07,0.04,0.10
3960.0,0.10,0.05,0.16
3970.0,0.12,0.07,0.18
3980.0,0.11,0.08,0.15
3990.0,0.11,0.07,0.16
4000.0,0.11,0.07,0.15
4010.0,0.07,0.04,0.10
4020.0,0.10,0.04,0.16
4030.0,0.11,0.05,0.16
4040.0,0.11,0.07,0.14
4050.0,0.08,0.04,0.12
4060.0,0.13,0.07,0.19
4070.0,0.12,0.08,0.16
4080.0,0.11,0.07,0.14
4090.0,0.10,0.06,0.14
4100.0,0.09,0.06,0.13
4110.0,0.13,0.07,0.18
4120.0,0.11,0.05,0.18
4130.0,0.10,0.05,0.16
4140.0,0.08,0.04,0.12
4150.0,0.10,0.06,0.14
4160.0,0.09,0.04,0.13
4170.0,0.09,0.05,0.14
4180.0,0.09,0.06,0.12
4190.0,0.08,0.05,0.11
4200.0,0.11,0.06,0.15
4210.0,0.13,0.06,0.19
4220.0,0.09,0.05,0.13
4230.0,0.11,0.04,0.19
4240.0,0.12,0.07,0.16
4250.0,0.11,0.07,0.15
4260.0,0.09,0.06,0.13
4270.0,0.10,0.05,0.14
4280.0,0.08,0.05,0.11
4290.0,0.10,0.07,0.13
4300.0,0.10,0.06,0.14
4310.0,0.11,0.08,0.15
4320.0,0.11,0.07,0.15
4330.0,0.10,0.07,0.14
4340.0,0.10,0.05,0.14
4350.0,0.11,0.07,0.15
4360.0,0.13,0.07,0.20
4370.0,0.11,0.07,0.15
4380.0,0.08,0.05,0.12
4390.0,0.09,0.05,0.13
4400.0,0.09,0.05,0.14
4410.0,0.12,0.08,0.16
4420.0,0.09,0.04,0.14
4430.0,0.09,0.06,0.13
4440.0,0.11,0.06,0.17
4450.0,0.11,0.05,0.16
4460.0,0.10,0.06,0.14
4470.0,0.11,0.07,0.15
4480.0,0.10,0.06,0.15
4490.0,0.13,0.09,0.18
4500.0,0.09,0.05,0.13
