trial,mean,ci_down,ci_up
0.0,45.48,41.72,49.25
10.0,43.93,40.43,47.43
20.0,43.63,40.13,47.14
30.0,44.05,40.28,47.83
40.0,44.43,40.74,48.12
50.0,44.21,40.57,47.85
60.0,43.87,40.47,47.26
70.0,43.85,40.39,47.30
80.0,42.37,39.38,45.36
90.0,43.94,40.81,47.07
100.0,43.51,40.39,46.64
110.0,42.54,39.29,45.79
120.0,42.78,39.68,45.88
130.0,42.90,39.84,45.96
140.0,41.79,38.59,44.99
150.0,42.16,38.90,45.43
160.0,41.41,38.35,44.46
170.0,41.61,38.58,44.65
180.0,42.21,39.09,45.32
190.0,41.90,38.44,45.36
200.0,42.65,39.18,46.11
210.0,40.94,38.20,43.68
220.0,40.75,37.90,43.59
230.0,41.20,38.05,44.34
240.0,40.97,38.18,43.75
250.0,39.57,36.88,42.26
260.0,39.76,37.03,42.48
270.0,40.06,37.48,42.64
280.0,40.39,37.36,43.41
290.0,39.80,36.93,42.67
300.0,39.86,37.08,42.64
310.0,39.41,37.00,41.82
320.0,38.66,36.19,41.12
330.0,38.84,36.38,41.30
340.0,39.35,36.51,42.18
350.0,39.29,36.59,41.99
360.0,38.98,36.11,41.86
370.0,38.23,35.54,40.91
380.0,39.05,36.27,41.83
390.0,37.83,35.26,40.40
400.0,38.52,36.06,40.99
410.0,37.92,35.47,40.37
420.0,38.72,36.11,41.34
430.0,38.81,36.45,41.17
440.0,38.04,35.74,40.35
450.0,36.95,35.06,38.85
460.0,37.76,35.41,40.11
470.0,37.83,35.42,40.25
480.0,37.63,35.21,40.05
490.0,37.08,34.55,39.61
500.0,38.47,36.01,40.93
510.0,37.70,35.58,39.81
520.0,37.32,34.92,39.72
530.0,36.05,33.88,38.22
540.0,37.08,34.25,39.91
550.0,37.46,35.28,39.64
560.0,36.76,34.60,38.92
570.0,36.60,34.49,38.70
580.0,36.77,34.69,38.86
590.0,36.53,34.46,38.59
600.0,36.81,34.62,39.00
610.0,37.39,35.10,39.67
620.0,36.93,34.69,39.18
630.0,36.80,34.49,39.10
640.0,36.96,34.90,39.03
650.0,37.03,34.87,39.19
660.0,37.16,34.93,39.39
670.0,35.91,33.80,38.02
680.0,35.49,33.35,37.64
690.0,36.13,34.26,38.00
700.0,36.39,34.13,38.65
710.0,36.98,34.56,39.40
720.0,36.42,34.24,38.59
730.0,36.63,34.34,38.91
740.0,36.66,34.61,38.71
750.0,35.93,33.76,38.10
760.0,36.70,34.19,39.22
770.0,35.85,33.62,38.09
780.0,35.81,33.61,38.02
790.0,36.58,34.57,38.59
800.0,36.14,33.92,38.36
810.0,35.75,33.62,37.87
820.0,36.55,34.46,38.63
830.0,35.53,33.38,37.68
840.0,35.74,33.38,38.11
850.0,35.52,33.53,37.51
860.0,35.36,33.63,37.08
870.0,34.66,32.78,36.54
880.0,35.90,33.53,38.28
890.0,35.26,33.05,37.47
900.0,35.30,33.37,37.23
910.0,35.91,33.95,37.87
920.0,36.12,34.10,38.15
930.0,35.59,33.73,37.46
940.0,35.17,33.17,37.16
950.0,35.49,33.56,37.42
960.0,35.11,33.21,37.01
970.0,35.63,33.40,37.86
980.0,35.45,33.45,37.45
990.0,35.44,33.37,37.51
1000.0,35.60,33.31,37.90
1010.0,34.95,33.20,36.70
1020.0,35.35,33.57,37.13
1030.0,34.85,33.18,36.52
1040.0,35.63,33.30,37.96
1050.0,35.06,33.12,37.00
1060.0,35.08,33.11,37.05
1070.0,34.38,32.50,36.26
1080.0,35.06,33.05,37.07
1090.0,34.79,32.92,36.67
1100.0,35.08,33.24,36.92
1110.0,34.15,32.36,35.94
1120.0,35.09,33.13,37.05
1130.0,35.09,33.06,37.12
1140.0,34.66,32.87,36.46
1150.0,34.73,32.88,36.59
1160.0,35.58,33.61,37.56
1170.0,34.37,32.35,36.38
1180.0,34.43,32.57,36.29
1190.0,34.63,32.85,36.40
1200.0,34.44,32.59,36.28
1210.0,34.63,32.42,36.84
1220.0,34.26,32.34,36.17
1230.0,35.53,33.69,37.36
1240.0,34.91,32.96,36.85
1250.0,34.84,32.66,37.02
1260.0,34.88,33.19,36.58
1270.0,35.26,33.54,36.99
1280.0,34.85,33.05,36.65
1290.0,35.39,33.39,37.39
1300.0,34.62,32.50,36.73
1310.0,34.30,32.48,36.13
1320.0,34.98,32.93,37.03
1330.0,34.87,32.86,36.89
1340.0,33.84,31.91,35.78
1350.0,33.74,32.07,35.40
1360.0,34.13,32.28,35.98
1370.0,33.94,32.18,35.70
1380.0,34.09,32.43,35.75
1390.0,33.92,32.15,35.69
1400.0,34.30,32.24,36.36
1410.0,33.74,31.75,35.73
1420.0,34.67,32.98,36.35
1430.0,35.01,33.28,36.74
1440.0,34.11,32.35,35.87
1450.0,33.84,31.94,35.75
1460.0,34.91,33.01,36.81
1470.0,33.93,32.01,35.86
1480.0,34.70,32.64,36.76
1490.0,34.19,32.17,36.20
1500.0,33.97,32.21,35.73
1510.0,33.59,31.89,35.29
1520.0,33.79,31.87,35.70
1530.0,34.70,32.91,36.50
1540.0,33.89,32.22,35.56
1550.0,33.87,32.14,35.60
1560.0,34.08,32.32,35.84
1570.0,33.83,32.11,35.55
1580.0,34.56,32.77,36.35
1590.0,33.92,32.14,35.70
1600.0,34.63,32.68,36.58
1610.0,34.02,32.08,35.96
1620.0,33.99,32.13,35.85
1630.0,34.24,32.21,36.26
1640.0,33.97,31.93,36.01
1650.0,34.80,32.69,36.91
1660.0,33.57,31.85,35.29
1670.0,33.99,32.10,35.87
1680.0,34.49,32.60,36.37
1690.0,34.13,32.19,36.07
1700.0,33.78,31.87,35.68
1710.0,34.22,32.55,35.90
1720.0,33.60,31.98,35.22
1730.0,33.97,32.21,35.73
1740.0,34.38,32.62,36.14
1750.0,34.39,32.64,36.14
1760.0,34.70,32.94,36.46
1770.0,34.47,32.59,36.35
1780.0,34.27,32.16,36.39
1790.0,35.43,33.19,37.68
1800.0,33.99,31.94,36.04
1810.0,34.04,32.15,35.93
1820.0,34.33,32.50,36.15
1830.0,34.04,32.28,35.80
1840.0,33.52,31.66,35.38
1850.0,33.90,32.17,35.62
1860.0,34.34,32.62,36.06
1870.0,33.34,31.86,34.82
1880.0,34.26,32.50,36.02
1890.0,33.69,31.87,35.51
1900.0,33.24,31.39,35.10
1910.0,34.10,32.20,36.01
1920.0,33.91,32.43,35.39
1930.0,34.25,32.28,36.22
1940.0,33.97,32.30,35.64
1950.0,33.63,31.89,35.36
1960.0,34.32,32.44,36.20
1970.0,34.60,32.85,36.36
1980.0,32.94,31.18,34.70
1990.0,34.50,32.31,36.69
2000.0,34.18,32.47,35.90
2010.0,34.37,32.61,36.13
2020.0,33.81,32.01,35.62
2030.0,34.42,32.47,36.37
2040.0,34.71,32.85,36.56
2050.0,33.75,31.84,35.65
2060.0,33.97,32.23,35.72
2070.0,33.50,31.71,35.29
2080.0,33.98,32.03,35.93
2090.0,33.99,32.55,35.44
2100.0,34.29,32.28,36.30
2110.0,33.89,32.26,35.51
2120.0,33.63,31.94,35.32
2130.0,34.10,32.25,35.96
2140.0,34.09,32.48,35.70
2150.0,33.65,31.80,35.50
2160.0,33.87,31.97,35.78
2170.0,33.73,31.78,35.69
2180.0,33.74,32.05,35.43
2190.0,33.59,31.88,35.30
2200.0,33.52,31.68,35.36
2210.0,33.38,31.45,35.31
2220.0,34.08,32.29,35.87
2230.0,33.62,31.99,35.25
2240.0,34.53,32.80,36.26
2250.0,33.41,31.68,35.13
2260.0,33.59,31.67,35.51
2270.0,34.06,32.44,35.68
2280.0,33.32,31.54,35.11
2290.0,33.71,31.92,35.51
2300.0,33.37,31.57,35.16
2310.0,33.54,31.89,35.19
2320.0,33.40,31.59,35.20
2330.0,33.76,31.96,35.56
2340.0,34.03,32.17,35.88
2350.0,33.87,32.05,35.69
2360.0,33.57,31.81,35.34
2370.0,33.52,31.77,35.27
2380.0,33.63,31.92,35.34
2390.0,33.95,32.28,35.62
2400.0,33.42,31.66,35.18
2410.0,34.46,32.69,36.24
2420.0,33.92,32.26,35.58
2430.0,33.75,32.12,35.38
2440.0,33.57,31.70,35.44
2450.0,33.10,31.47,34.73
2460.0,33.49,31.68,35.31
2470.0,33.69,32.04,35.35
2480.0,33.85,31.97,35.73
2490.0,33.68,32.05,35.30
2500.0,34.21,32.32,36.10
2510.0,33.10,31.45,34.75
2520.0,33.06,31.34,34.79
2530.0,33.64,31.85,35.43
2540.0,34.40,32.52,36.28
2550.0,34.23,32.59,35.86
2560.0,33.12,31.60,34.64
2570.0,33.76,31.82,35.70
2580.0,33.99,32.24,35.74
2590.0,33.15,31.54,34.77
2600.0,34.17,32.30,36.04
2610.0,33.47,31.82,35.12
2620.0,33.79,32.32,35.27
2630.0,33.95,32.17,35.73
2640.0,33.55,31.88,35.22
2650.0,33.27,31.46,35.09
2660.0,33.35,31.44,35.26
2670.0,33.24,31.38,35.09
2680.0,32.94,31.30,34.57
2690.0,33.82,32.19,35.46
2700.0,33.88,32.11,35.65
2710.0,33.81,32.02,35.59
2720.0,34.02,31.87,36.18
2730.0,32.99,31.32,34.66
2740.0,33.02,31.30,34.74
2750.0,33.45,31.68,35.23
2760.0,33.48,31.87,35.09
2770.0,33.78,31.87,35.69
2780.0,34.13,32.35,35.90
2790.0,33.40,31.67,35.14
2800.0,33.70,32.15,35.25
2810.0,34.12,32.00,36.25
2820.0,33.65,31.96,35.33
2830.0,32.36,30.64,34.07
2840.0,33.28,31.68,34.87
2850.0,33.51,31.57,35.45
2860.0,33.24,31.63,34.85
2870.0,33.34,31.73,34.96
2880.0,33.79,32.15,35.44
2890.0,34.30,32.36,36.24
2900.0,33.87,31.90,35.83
2910.0,33.67,31.92,35.42
2920.0,33.46,31.83,35.09
2930.0,33.20,31.46,34.93
2940.0,33.96,32.24,35.69
2950.0,33.16,31.42,34.90
2960.0,34.11,32.33,35.90
2970.0,33.54,31.99,35.10
2980.0,33.62,31.74,35.49
2990.0,33.96,31.86,36.06
3000.0,33.84,31.97,35.70
3010.0,33.88,31.97,35.80
3020.0,33.68,32.15,35.22
3030.0,33.37,31.73,35.01
3040.0,33.45,31.80,35.10
3050.0,33.24,31.36,35.12
3060.0,33.62,32.15,35.09
3070.0,33.69,32.01,35.37
3080.0,33.56,31.89,35.23
3090.0,33.19,31.22,35.16
3100.0,33.75,32.20,35.30
3110.0,34.02,32.23,35.81
3120.0,33.60,32.03,35.18
3130.0,32.96,31.43,34.49
3140.0,34.02,32.31,35.73
3150.0,33.74,31.83,35.66
3160.0,32.92,31.43,34.41
3170.0,33.73,31.79,35.68
3180.0,33.74,32.21,35.27
3190.0,33.78,32.32,35.25
3200.0,33.33,31.49,35.18
3210.0,33.15,31.48,34.82
3220.0,33.72,31.92,35.52
3230.0,34.03,32.17,35.89
3240.0,33.34,31.93,34.76
3250.0,32.96,31.19,34.73
3260.0,33.68,31.73,35.62
3270.0,33.58,31.86,35.30
3280.0,33.61,32.03,35.20
3290.0,33.18,31.60,34.75
3300.0,33.13,31.48,34.78
3310.0,32.73,31.04,34.43
3320.0,32.32,30.95,33.70
3330.0,33.26,31.43,35.09
3340.0,32.90,31.22,34.58
3350.0,32.95,31.28,34.62
3360.0,32.92,31.11,34.74
3370.0,33.54,31.55,35.53
3380.0,33.70,31.77,35.62
3390.0,33.19,31.51,34.87
3400.0,33.59,31.68,35.50
3410.0,33.51,31.60,35.42
3420.0,32.97,31.49,34.44
3430.0,33.47,31.82,35.12
3440.0,32.71,31.25,34.17
3450.0,33.56,31.99,35.13
3460.0,33.76,32.06,35.46
3470.0,32.88,31.37,34.40
3480.0,33.05,31.63,34.46
3490.0,33.44,31.78,35.11
3500.0,33.24,31.25,35.22
3510.0,33.39,31.60,35.17
3520.0,33.28,31.54,35.02
3530.0,32.91,31.30,34.51
3540.0,33.73,31.91,35.54
3550.0,33.99,31.83,36.15
3560.0,33.55,31.89,35.22
3570.0,33.84,31.92,35.76
3580.0,33.42,31.81,35.04
3590.0,33.83,32.11,35.55
3600.0,33.21,31.58,34.84
3610.0,33.51,31.72,35.31
3620.0,32.68,31.07,34.28
3630.0,32.86,31.14,34.57
3640.0,33.35,31.56,35.14
3650.0,32.63,30.90,34.36
3660.0,33.55,31.99,35.11
3670.0,33.97,32.12,35.82
3680.0,33.72,31.65,35.78
3690.0,32.92,31.11,34.73
3700.0,33.11,31.57,34.64
3710.0,33.54,31.61,35.47
3720.0,33.29,31.55,35.04
3730.0,33.44,31.68,35.20
3740.0,33.25,31.56,34.94
3750.0,33.08,31.21,34.96
3760.0,32.79,31.29,34.30
3770.0,33.62,32.00,35.24
3780.0,33.50,31.73,35.27
3790.0,33.53,31.83,35.24
3800.0,33.36,31.64,35.07
3810.0,33.47,31.91,35.03
3820.0,33.40,31.81,35.00
3830.0,32.56,30.78,34.34
3840.0,33.61,31.83,35.40
3850.0,34.24,32.61,35.87
3860.0,33.24,31.72,34.75
3870.0,33.16,31.52,34.80
3880.0,33.05,31.35,34.75
3890.0,33.46,31.62,35.30
3900.0,33.15,31.55,34.75
3910.0,33.25,31.62,34.87
3920.0,33.61,31.93,35.30
3930.0,32.93,31.33,34.54
3940.0,33.09,31.55,34.62
3950.0,33.33,31.62,35.03
3960.0,32.98,31.56,34.40
3970.0,33.50,31.83,35.18
3980.0,32.53,30.88,34.18
3990.0,33.23,31.56,34.91
4000.0,33.46,31.56,35.36
4010.0,33.81,32.04,35.57
4020.0,33.50,31.66,35.34
4030.0,33.52,31.97,35.06
4040.0,32.95,31.22,34.67
4050.0,33.79,32.07,35.51
4060.0,32.92,31.15,34.69
4070.0,33.45,31.59,35.32
4080.0,33.81,32.19,35.43
4090.0,33.14,31.59,34.70
4100.0,33.17,31.65,34.69
4110.0,33.53,31.90,35.16
4120.0,33.30,31.52,35.08
4130.0,33.18,31.49,34.86
4140.0,33.51,31.81,35.20
4150.0,32.91,31.10,34.73
4160.0,33.53,31.83,35.22
4170.0,33.85,32.09,35.62
4180.0,33.36,31.46,35.26
4190.0,33.13,31.57,34.68
4200.0,33.57,32.26,34.88
4210.0,32.78,31.04,34.51
4220.0,33.81,32.09,35.54
4230.0,33.51,31.83,35.19
4240.0,33.02,31.53,34.50
4250.0,33.22,31.47,34.96
4260.0,33.16,31.43,34.88
4270.0,32.96,31.31,34.61
4280.0,33.56,31.91,35.21
4290.0,32.73,31.15,34.30
4300.0,33.17,31.48,34.87
4310.0,33.09,31.54,34.64
4320.0,33.28,31.34,35.22
4330.0,34.00,32.06,35.94
4340.0,33.02,31.51,34.52
4350.0,33.20,31.56,34.84
4360.0,33.14,31.61,34.67
4370.0,32.91,31.28,34.54
4380.0,33.63,31.84,35.43
4390.0,33.36,31.48,35.25
4400.0,33.15,31.43,34.86
4410.0,33.69,31.95,35.43
4420.0,33.79,32.22,35.35
4430.0,33.05,31.58,34.52
4440.0,32.71,31.09,34.33
4450.0,33.11,31.23,34.99
4460.0,33.78,32.01,35.54
4470.0,33.59,31.85,35.33
4480.0,33.83,31.96,35.70
4490.0,33.12,31.30,34.94
4500.0,33.50,31.82,35.17
