trial,mean,ci_down,ci_up
0.0,86.50,84.24,88.76
10.0,88.99,86.86,91.12
20.0,87.70,85.37,90.03
30.0,87.84,85.57,90.11
40.0,87.31,84.69,89.93
50.0,87.42,85.12,89.71
60.0,87.18,85.09,89.28
70.0,87.35,85.14,89.57
80.0,89.15,86.97,91.34
90.0,86.67,84.70,88.64
100.0,88.64,86.56,90.72
110.0,87.43,85.08,89.78
120.0,87.68,85.26,90.10
130.0,89.13,86.55,91.71
140.0,88.58,86.29,90.87
150.0,88.25,85.97,90.52
160.0,86.77,84.52,89.03
170.0,86.77,84.72,88.81
180.0,86.73,84.34,89.11
190.0,88.28,86.30,90.26
200.0,86.98,84.70,89.27
210.0,86.02,83.88,88.16
220.0,87.55,85.56,89.55
230.0,86.74,84.49,89.00
240.0,86.02,83.84,88.20
250.0,86.84,84.66,89.03
260.0,88.24,85.55,90.93
270.0,87.75,85.61,89.88
280.0,86.66,84.39,88.93
290.0,86.22,84.19,88.25
300.0,87.85,85.30,90.39
310.0,87.55,85.32,89.78
320.0,86.10,83.70,88.49
330.0,87.79,85.38,90.19
340.0,87.04,84.85,89.24
350.0,86.84,84.55,89.14
360.0,86.02,83.84,88.21
370.0,87.69,85.54,89.83
380.0,87.86,85.51,90.22
390.0,86.29,84.23,88.34
400.0,88.67,86.57,90.77
410.0,87.52,85.08,89.96
420.0,86.37,83.95,88.80
430.0,86.50,84.33,88.66
440.0,87.26,85.07,89.44
450.0,87.97,85.76,90.17
460.0,87.31,84.82,89.79
470.0,88.56,86.16,90.97
480.0,86.68,84.70,88.66
490.0,87.18,85.20,89.15
500.0,85.66,83.31,88.02
510.0,88.21,86.11,90.32
520.0,87.15,85.10,89.19
530.0,87.34,84.99,89.69
540.0,86.79,84.47,89.11
550.0,85.79,83.46,88.12
560.0,87.76,85.59,89.94
570.0,88.33,85.79,90.87
580.0,88.18,85.70,90.66
590.0,87.19,84.92,89.46
600.0,86.08,83.71,88.44
610.0,87.35,84.82,89.88
620.0,85.98,83.51,88.44
630.0,88.78,86.50,91.05
640.0,86.15,83.64,88.65
650.0,86.59,84.45,88.73
660.0,87.07,84.81,89.33
670.0,86.64,84.36,88.92
680.0,88.17,85.86,90.49
690.0,87.16,85.17,89.14
700.0,88.09,85.74,90.44
710.0,87.91,85.57,90.25
720.0,85.66,83.76,87.57
730.0,87.60,85.04,90.16
740.0,87.58,85.41,89.75
750.0,87.75,85.41,90.10
760.0,86.92,84.63,89.21
770.0,86.75,84.44,89.06
780.0,87.19,84.65,89.73
790.0,88.09,85.76,90.43
800.0,88.36,86.03,90.68
810.0,85.51,83.41,87.61
820.0,87.84,85.79,89.88
830.0,86.70,84.34,89.06
840.0,87.47,85.22,89.73
850.0,85.73,83.51,87.95
860.0,87.82,85.55,90.09
870.0,88.83,86.60,91.06
880.0,87.13,84.61,89.66
890.0,88.43,85.90,90.95
900.0,88.04,85.66,90.41
910.0,88.00,85.50,90.51
920.0,85.72,83.47,87.98
930.0,89.54,87.20,91.88
940.0,87.12,84.75,89.49
950.0,88.00,85.82,90.17
960.0,87.14,84.92,89.35
970.0,86.94,84.59,89.30
980.0,88.31,86.03,90.58
990.0,86.92,84.81,89.03
1000.0,85.65,83.41,87.90
1010.0,88.38,86.28,90.48
1020.0,87.08,84.73,89.42
1030.0,87.82,85.63,90.01
1040.0,85.57,83.07,88.06
1050.0,86.95,84.72,89.18
1060.0,86.65,84.07,89.24
1070.0,88.06,85.73,90.39
1080.0,88.06,85.77,90.34
1090.0,87.96,85.77,90.15
1100.0,88.18,85.95,90.41
1110.0,87.60,85.20,90.00
1120.0,86.27,83.93,88.60
1130.0,87.73,85.51,89.95
1140.0,87.37,85.23,89.52
1150.0,86.29,83.88,88.69
1160.0,88.06,85.73,90.39
1170.0,87.40,85.06,89.75
1180.0,87.15,84.81,89.48
1190.0,87.67,85.35,89.99
1200.0,87.30,84.89,89.71
1210.0,88.31,85.95,90.67
1220.0,87.34,85.18,89.50
1230.0,85.84,83.60,88.08
1240.0,87.89,85.46,90.33
1250.0,87.70,85.40,90.00
1260.0,86.95,84.73,89.17
1270.0,87.46,85.15,89.77
1280.0,88.55,86.25,90.85
1290.0,88.10,86.03,90.18
1300.0,87.64,85.34,89.93
1310.0,89.02,86.70,91.34
1320.0,88.38,86.07,90.68
1330.0,88.21,85.83,90.59
1340.0,88.81,86.59,91.04
1350.0,87.17,85.06,89.28
1360.0,88.45,86.31,90.59
1370.0,87.11,84.93,89.30
1380.0,86.69,84.29,89.09
1390.0,88.24,86.09,90.38
1400.0,86.47,84.27,88.67
1410.0,88.09,86.16,90.01
1420.0,87.69,85.40,89.97
1430.0,88.12,85.83,90.40
1440.0,87.53,85.45,89.61
1450.0,88.62,86.25,90.99
1460.0,88.43,86.29,90.57
1470.0,86.61,84.38,88.85
1480.0,86.63,84.26,89.00
1490.0,87.44,84.90,89.99
1500.0,87.53,85.37,89.69
1510.0,89.49,87.06,91.92
1520.0,87.74,85.39,90.09
1530.0,86.04,83.79,88.29
1540.0,88.26,85.99,90.53
1550.0,86.53,84.55,88.51
1560.0,87.68,85.37,89.99
1570.0,87.30,85.17,89.43
1580.0,87.29,84.84,89.73
1590.0,86.79,84.75,88.82
1600.0,87.22,85.22,89.21
1610.0,87.49,85.38,89.59
1620.0,87.07,84.66,89.47
1630.0,87.20,84.79,89.60
1640.0,88.05,85.75,90.35
1650.0,87.20,85.06,89.35
1660.0,86.62,84.63,88.62
1670.0,87.31,85.05,89.57
1680.0,87.79,85.33,90.24
1690.0,86.99,84.92,89.06
1700.0,87.46,85.18,89.73
1710.0,88.21,85.85,90.57
1720.0,88.36,86.07,90.66
1730.0,86.78,84.21,89.36
1740.0,85.22,82.82,87.62
1750.0,87.26,84.87,89.64
1760.0,88.16,85.82,90.51
1770.0,86.68,84.62,88.73
1780.0,88.15,85.84,90.47
1790.0,86.18,83.92,88.43
1800.0,86.63,84.13,89.14
1810.0,87.32,84.95,89.68
1820.0,87.93,85.44,90.43
1830.0,88.27,86.15,90.39
1840.0,88.60,86.44,90.76
1850.0,88.15,85.95,90.34
1860.0,87.83,85.46,90.21
1870.0,87.51,85.24,89.78
1880.0,86.41,84.08,88.75
1890.0,86.59,84.16,89.03
1900.0,87.96,85.83,90.08
1910.0,87.51,85.27,89.74
1920.0,87.84,85.80,89.88
1930.0,87.10,84.75,89.45
1940.0,87.66,85.09,90.23
1950.0,88.20,86.07,90.33
1960.0,88.77,86.49,91.04
1970.0,87.83,85.70,89.96
1980.0,86.63,84.31,88.95
1990.0,87.98,85.56,90.40
2000.0,87.11,84.82,89.40
2010.0,88.26,86.04,90.48
2020.0,86.46,83.96,88.96
2030.0,86.89,84.39,89.40
2040.0,88.97,86.74,91.21
2050.0,88.62,86.39,90.85
2060.0,86.07,83.96,88.17
2070.0,86.36,83.99,88.73
2080.0,88.76,86.70,90.83
2090.0,86.59,84.48,88.70
2100.0,87.71,85.29,90.12
2110.0,87.10,84.88,89.32
2120.0,87.38,85.08,89.68
2130.0,88.48,86.18,90.77
2140.0,86.53,84.16,88.90
2150.0,87.32,85.03,89.61
2160.0,85.84,83.78,87.90
2170.0,86.37,84.37,88.38
2180.0,86.26,83.92,88.60
2190.0,87.62,85.63,89.60
2200.0,88.26,85.85,90.68
2210.0,88.37,86.09,90.65
2220.0,88.25,85.88,90.62
2230.0,87.02,84.74,89.30
2240.0,88.43,86.07,90.78
2250.0,87.76,85.44,90.09
2260.0,86.14,83.73,88.55
2270.0,86.72,84.45,88.99
2280.0,87.65,85.08,90.22
2290.0,87.06,84.62,89.50
2300.0,87.22,84.60,89.84
2310.0,87.11,84.93,89.30
2320.0,87.62,85.17,90.07
2330.0,89.22,86.95,91.48
2340.0,86.59,84.67,88.52
2350.0,86.98,84.79,89.17
2360.0,86.61,84.48,88.74
2370.0,88.51,86.37,90.64
2380.0,85.73,83.45,88.01
2390.0,87.08,84.76,89.40
2400.0,88.06,85.68,90.44
2410.0,86.21,83.70,88.72
2420.0,87.33,84.88,89.78
2430.0,88.25,85.76,90.74
2440.0,87.02,84.90,89.14
2450.0,88.58,86.47,90.70
2460.0,87.13,84.80,89.46
2470.0,88.60,86.30,90.89
2480.0,86.07,83.71,88.43
2490.0,87.68,85.27,90.09
2500.0,86.89,84.54,89.24
