trial,mean,ci_down,ci_up
0.0,19.06,15.37,22.76
10.0,17.13,13.20,21.05
20.0,19.35,15.72,22.98
30.0,16.58,12.94,20.23
40.0,18.85,15.05,22.64
50.0,18.28,14.56,22.00
60.0,21.55,18.02,25.08
70.0,18.56,14.70,22.43
80.0,21.58,18.09,25.06
90.0,18.29,14.40,22.18
100.0,19.50,15.74,23.26
110.0,16.04,12.20,19.89
120.0,16.59,12.89,20.29
130.0,16.26,12.53,19.99
140.0,18.96,15.35,22.56
150.0,18.50,14.83,22.18
160.0,22.07,18.57,25.57
170.0,18.15,14.52,21.78
180.0,19.94,16.27,23.60
190.0,19.11,15.57,22.66
200.0,19.58,15.93,23.24
210.0,19.11,15.41,22.81
220.0,17.51,13.90,21.11
230.0,19.68,16.10,23.26
240.0,17.69,13.90,21.47
250.0,18.47,14.71,22.23
260.0,18.66,14.95,22.36
270.0,20.09,16.39,23.79
280.0,20.12,16.59,23.65
290.0,18.69,14.97,22.40
300.0,17.67,13.94,21.40
310.0,18.41,14.70,22.12
320.0,17.48,13.70,21.26
330.0,20.37,16.91,23.82
340.0,19.00,15.28,22.72
350.0,18.59,14.79,22.40
360.0,17.74,14.09,21.40
370.0,19.02,15.28,22.76
380.0,18.65,14.93,22.36
390.0,20.32,16.74,23.90
400.0,17.71,13.80,21.61
410.0,18.85,15.00,22.70
420.0,19.51,15.77,23.25
430.0,19.66,16.08,23.24
440.0,18.09,14.39,21.78
450.0,19.94,16.12,23.77
460.0,16.30,12.46,20.15
470.0,18.56,14.70,22.43
480.0,19.66,16.05,23.28
490.0,19.99,16.20,23.78
500.0,17.95,14.31,21.59
510.0,20.22,16.55,23.89
520.0,18.49,14.76,22.22
530.0,18.14,14.40,21.87
540.0,18.95,15.09,22.80
550.0,20.53,16.74,24.32
560.0,20.64,17.08,24.19
570.0,20.57,16.93,24.20
580.0,15.02,11.21,18.82
590.0,20.91,17.26,24.57
600.0,15.65,11.77,19.53
610.0,17.94,14.36,21.53
620.0,16.89,13.17,20.62
630.0,17.46,13.66,21.26
640.0,18.07,14.58,21.57
650.0,18.18,14.30,22.06
660.0,16.70,13.02,20.38
670.0,19.15,15.27,23.03
680.0,18.20,14.48,21.92
690.0,17.68,13.99,21.37
700.0,18.79,15.10,22.47
710.0,17.46,13.78,21.14
720.0,19.66,16.16,23.16
730.0,19.76,16.15,23.37
740.0,20.48,16.75,24.20
750.0,18.06,14.31,21.81
760.0,17.02,13.39,20.64
770.0,20.62,17.07,24.17
780.0,17.62,13.92,21.32
790.0,16.99,13.22,20.77
800.0,16.82,13.14,20.49
810.0,20.24,16.48,24.01
820.0,16.30,12.72,19.89
830.0,21.57,18.00,25.14
840.0,19.55,15.84,23.25
850.0,20.10,16.43,23.77
860.0,20.38,16.67,24.10
870.0,16.95,13.23,20.67
880.0,20.61,17.17,24.04
890.0,20.08,16.36,23.79
900.0,22.08,18.67,25.50
910.0,20.08,16.36,23.80
920.0,20.14,16.55,23.72
930.0,20.57,16.95,24.18
940.0,19.01,15.18,22.85
950.0,20.13,16.48,23.79
960.0,19.44,15.79,23.09
970.0,18.58,14.70,22.46
980.0,17.93,14.18,21.67
990.0,20.26,16.63,23.89
1000.0,21.30,17.78,24.81
1010.0,18.11,14.37,21.85
1020.0,20.75,17.11,24.38
1030.0,18.74,15.06,22.42
1040.0,20.72,17.15,24.28
1050.0,19.57,15.90,23.25
1060.0,18.39,14.62,22.17
1070.0,17.02,13.20,20.84
1080.0,18.66,14.81,22.52
1090.0,19.78,15.96,23.60
1100.0,18.41,14.82,22.00
1110.0,19.58,15.90,23.25
1120.0,22.07,18.70,25.45
1130.0,19.85,16.10,23.59
1140.0,18.16,14.34,21.99
1150.0,19.26,15.64,22.88
1160.0,21.79,18.31,25.28
1170.0,20.70,17.14,24.27
1180.0,16.63,12.71,20.54
1190.0,18.12,14.35,21.88
1200.0,21.54,17.96,25.13
1210.0,18.36,14.49,22.24
1220.0,18.84,15.07,22.62
1230.0,21.90,18.38,25.41
1240.0,17.04,13.32,20.76
1250.0,17.75,14.04,21.46
1260.0,19.62,15.95,23.28
1270.0,16.16,12.40,19.92
1280.0,19.83,16.17,23.49
1290.0,19.22,15.53,22.92
1300.0,19.94,16.33,23.54
1310.0,18.62,14.89,22.35
1320.0,19.37,15.63,23.11
1330.0,20.10,16.38,23.83
1340.0,18.90,15.34,22.46
1350.0,18.40,14.75,22.04
1360.0,19.98,16.30,23.66
1370.0,19.69,15.97,23.40
1380.0,18.48,14.81,22.16
1390.0,20.43,16.79,24.06
1400.0,18.90,15.28,22.51
1410.0,20.42,16.70,24.13
1420.0,18.87,15.21,22.53
1430.0,18.94,15.40,22.47
1440.0,19.27,15.65,22.89
1450.0,19.48,15.80,23.16
1460.0,20.36,16.79,23.93
1470.0,18.10,14.47,21.72
1480.0,18.99,15.37,22.61
1490.0,21.51,18.06,24.97
1500.0,17.30,13.60,21.01
1510.0,21.33,17.84,24.82
1520.0,17.29,13.45,21.12
1530.0,18.33,14.63,22.03
1540.0,19.95,16.28,23.62
1550.0,18.08,14.25,21.90
1560.0,20.92,17.27,24.57
1570.0,17.07,13.28,20.85
1580.0,18.69,15.11,22.27
1590.0,16.01,12.29,19.72
1600.0,19.02,15.31,22.73
1610.0,19.09,15.30,22.89
1620.0,17.88,14.10,21.65
1630.0,19.26,15.48,23.03
1640.0,20.78,17.19,24.37
1650.0,17.94,14.30,21.58
1660.0,21.04,17.40,24.68
1670.0,18.43,14.88,21.98
1680.0,17.53,13.76,21.30
1690.0,18.43,14.69,22.17
1700.0,20.51,17.00,24.01
1710.0,19.90,16.20,23.60
1720.0,20.18,16.60,23.76
1730.0,20.78,17.05,24.50
1740.0,20.61,16.92,24.30
1750.0,17.12,13.52,20.72
1760.0,19.33,15.61,23.05
1770.0,17.74,14.02,21.46
1780.0,19.62,15.90,23.34
1790.0,20.17,16.71,23.64
1800.0,16.08,12.25,19.91
1810.0,19.17,15.64,22.70
1820.0,19.32,15.59,23.05
1830.0,17.29,13.45,21.13
1840.0,21.34,17.75,24.94
1850.0,20.76,17.04,24.49
1860.0,16.65,12.77,20.52
1870.0,16.14,12.27,20.02
1880.0,19.40,15.74,23.07
1890.0,19.55,15.97,23.14
1900.0,19.27,15.57,22.98
1910.0,18.78,14.86,22.69
1920.0,22.10,18.59,25.61
1930.0,19.28,15.66,22.90
1940.0,17.06,13.60,20.53
1950.0,17.72,13.98,21.47
1960.0,19.73,16.02,23.44
1970.0,19.21,15.42,23.00
1980.0,18.78,14.95,22.61
1990.0,18.36,14.54,22.19
2000.0,19.06,15.34,22.78
2010.0,19.27,15.59,22.96
2020.0,18.16,14.44,21.89
2030.0,20.54,16.87,24.21
2040.0,18.52,14.99,22.06
2050.0,18.90,15.27,22.52
2060.0,19.41,15.86,22.97
2070.0,17.08,13.42,20.75
2080.0,18.78,14.95,22.61
2090.0,18.26,14.46,22.05
2100.0,20.06,16.42,23.70
2110.0,18.05,14.41,21.69
2120.0,18.65,14.99,22.32
2130.0,18.65,14.79,22.51
2140.0,17.44,13.61,21.26
2150.0,19.87,16.07,23.67
2160.0,20.45,16.71,24.20
2170.0,21.32,17.82,24.83
2180.0,19.85,16.09,23.62
2190.0,21.02,17.43,24.61
2200.0,18.75,15.21,22.29
2210.0,22.76,19.29,26.22
2220.0,18.28,14.60,21.95
2230.0,18.26,14.74,21.79
2240.0,17.48,13.61,21.34
2250.0,19.50,15.77,23.23
2260.0,19.73,16.32,23.15
2270.0,18.10,14.48,21.73
2280.0,18.43,14.62,22.23
2290.0,19.22,15.42,23.01
2300.0,17.46,13.81,21.11
2310.0,17.64,13.78,21.50
2320.0,16.71,12.83,20.59
2330.0,18.55,14.84,22.26
2340.0,17.75,14.09,21.41
2350.0,19.20,15.48,22.91
2360.0,19.91,16.15,23.67
2370.0,15.61,11.92,19.31
2380.0,19.58,16.06,23.10
2390.0,19.92,16.13,23.72
2400.0,19.20,15.55,22.84
2410.0,17.51,13.86,21.16
2420.0,16.77,13.05,20.50
2430.0,19.59,15.97,23.20
2440.0,18.43,14.67,22.19
2450.0,19.27,15.55,22.98
2460.0,20.16,16.35,23.98
2470.0,18.62,14.78,22.45
2480.0,17.74,13.92,21.56
2490.0,18.76,14.96,22.55
2500.0,18.82,15.00,22.64
