trial,mean,ci_down,ci_up
0.0,75.96,74.53,77.38
10.0,77.24,75.74,78.74
20.0,77.40,75.79,79.00
30.0,76.24,74.65,77.83
40.0,76.34,74.65,78.02
50.0,76.91,75.35,78.48
60.0,77.38,75.81,78.95
70.0,76.81,75.12,78.49
80.0,76.62,75.18,78.05
90.0,77.37,75.96,78.78
100.0,76.17,74.59,77.76
110.0,77.00,75.62,78.39
120.0,76.47,74.94,78.00
130.0,76.92,75.20,78.65
140.0,77.33,75.69,78.96
150.0,77.58,76.05,79.11
160.0,76.98,75.38,78.59
170.0,78.43,76.90,79.96
180.0,76.46,74.99,77.94
190.0,77.38,75.64,79.12
200.0,76.77,75.27,78.27
210.0,77.39,75.80,78.97
220.0,78.02,76.30,79.74
230.0,77.16,75.62,78.70
240.0,77.68,76.09,79.26
250.0,76.78,75.27,78.29
260.0,76.86,75.35,78.37
270.0,76.71,75.26,78.16
280.0,77.45,75.69,79.21
290.0,75.82,74.16,77.47
300.0,76.18,74.70,77.66
310.0,78.60,77.02,80.18
320.0,76.75,75.13,78.37
330.0,76.24,74.62,77.87
340.0,77.13,75.40,78.86
350.0,77.34,75.70,78.97
360.0,76.84,75.34,78.34
370.0,76.22,74.85,77.58
380.0,76.51,75.01,78.01
390.0,77.82,76.26,79.37
400.0,77.09,75.38,78.80
410.0,76.18,74.62,77.73
420.0,76.15,74.39,77.90
430.0,77.49,76.09,78.90
440.0,77.24,75.75,78.72
450.0,76.63,75.20,78.07
460.0,76.02,74.68,77.35
470.0,77.96,76.36,79.55
480.0,77.21,75.73,78.68
490.0,78.20,76.51,79.89
500.0,76.65,74.99,78.31
510.0,78.21,76.71,79.71
520.0,75.77,74.40,77.15
530.0,76.82,75.40,78.24
540.0,78.53,76.78,80.28
550.0,76.55,75.13,77.96
560.0,77.04,75.58,78.51
570.0,75.62,74.16,77.09
580.0,77.40,75.96,78.84
590.0,77.98,76.36,79.59
600.0,77.20,75.88,78.52
610.0,77.83,76.07,79.59
620.0,77.46,75.81,79.12
630.0,77.19,75.85,78.53
640.0,77.54,75.76,79.32
650.0,76.19,74.52,77.87
660.0,77.24,75.67,78.82
670.0,77.50,75.79,79.20
680.0,76.78,75.33,78.22
690.0,77.59,76.03,79.15
700.0,76.92,75.42,78.42
710.0,77.23,75.56,78.91
720.0,76.82,75.26,78.38
730.0,77.37,75.84,78.91
740.0,77.55,76.12,78.98
750.0,76.47,74.99,77.96
760.0,76.17,74.51,77.84
770.0,76.31,74.77,77.85
780.0,75.73,74.28,77.18
790.0,76.59,75.07,78.12
800.0,76.35,74.71,77.98
810.0,77.45,75.81,79.09
820.0,76.96,75.25,78.67
830.0,76.64,75.19,78.10
840.0,76.41,74.84,77.99
850.0,76.50,75.01,77.99
860.0,77.31,75.67,78.95
870.0,77.79,76.19,79.39
880.0,77.76,75.99,79.53
890.0,76.83,75.39,78.27
900.0,77.19,75.54,78.84
910.0,77.05,75.45,78.64
920.0,77.79,76.31,79.27
930.0,77.03,75.35,78.71
940.0,76.81,75.05,78.56
950.0,78.15,76.53,79.78
960.0,76.56,75.02,78.09
970.0,77.74,76.06,79.43
980.0,77.21,75.48,78.93
990.0,78.52,76.93,80.10
1000.0,77.66,76.06,79.26
1010.0,76.88,75.57,78.18
1020.0,77.33,75.76,78.90
1030.0,76.96,75.41,78.50
1040.0,77.63,75.92,79.35
1050.0,77.57,75.99,79.15
1060.0,76.99,75.52,78.46
1070.0,76.35,74.72,77.98
1080.0,78.93,77.09,80.77
1090.0,77.55,76.04,79.06
1100.0,76.92,75.27,78.56
1110.0,76.96,75.34,78.57
1120.0,76.88,75.43,78.33
1130.0,75.99,74.46,77.52
1140.0,76.76,75.27,78.25
1150.0,76.95,75.55,78.35
1160.0,77.64,76.01,79.27
1170.0,76.80,75.31,78.29
1180.0,76.00,74.21,77.78
1190.0,76.65,75.26,78.04
1200.0,77.52,76.00,79.04
1210.0,76.68,75.06,78.30
1220.0,77.34,75.80,78.89
1230.0,77.75,76.14,79.37
1240.0,77.27,76.03,78.50
1250.0,77.34,75.88,78.80
1260.0,76.84,75.46,78.23
1270.0,76.98,75.40,78.56
1280.0,77.27,75.64,78.89
1290.0,77.50,75.96,79.04
1300.0,76.73,75.28,78.19
1310.0,77.17,75.55,78.79
1320.0,77.24,75.72,78.76
1330.0,76.98,75.47,78.49
1340.0,76.93,75.56,78.31
1350.0,76.50,75.05,77.95
1360.0,77.16,75.66,78.66
1370.0,76.47,74.99,77.96
1380.0,77.08,75.42,78.75
1390.0,77.63,75.94,79.31
1400.0,77.29,75.70,78.88
1410.0,76.49,74.99,77.99
1420.0,77.56,75.88,79.24
1430.0,77.44,75.86,79.01
1440.0,76.72,75.00,78.43
1450.0,76.79,75.33,78.24
1460.0,77.14,75.59,78.70
1470.0,78.16,76.43,79.90
1480.0,76.02,74.45,77.59
1490.0,75.94,74.37,77.50
1500.0,76.34,74.64,78.03
1510.0,77.07,75.45,78.69
1520.0,78.13,76.42,79.84
1530.0,76.77,75.20,78.33
1540.0,77.65,76.00,79.29
1550.0,77.12,75.63,78.60
1560.0,77.34,75.74,78.95
1570.0,77.51,76.17,78.85
1580.0,76.47,74.93,78.02
1590.0,75.63,74.01,77.25
1600.0,76.45,75.11,77.78
1610.0,76.66,75.04,78.28
1620.0,77.74,76.25,79.23
1630.0,77.20,75.73,78.66
1640.0,77.22,75.77,78.68
1650.0,77.31,75.80,78.81
1660.0,77.53,75.74,79.32
1670.0,75.85,74.11,77.59
1680.0,77.10,75.67,78.54
1690.0,76.56,75.20,77.91
1700.0,76.39,75.03,77.74
1710.0,76.08,74.57,77.60
1720.0,77.04,75.64,78.43
1730.0,77.52,75.97,79.06
1740.0,76.29,74.66,77.92
1750.0,77.29,75.68,78.89
1760.0,76.56,75.02,78.10
1770.0,77.24,75.77,78.70
1780.0,76.76,75.27,78.26
1790.0,76.89,75.17,78.62
1800.0,77.05,75.52,78.57
1810.0,77.28,75.73,78.82
1820.0,77.04,75.35,78.74
1830.0,77.34,75.82,78.87
1840.0,77.18,75.51,78.84
1850.0,76.67,74.90,78.44
1860.0,77.22,75.64,78.81
1870.0,77.21,75.65,78.78
1880.0,75.50,73.96,77.05
1890.0,77.37,75.95,78.78
1900.0,76.96,75.43,78.48
1910.0,76.68,75.00,78.36
1920.0,76.28,74.84,77.72
1930.0,77.16,75.58,78.74
1940.0,77.98,76.46,79.51
1950.0,77.16,75.66,78.65
1960.0,76.92,75.27,78.57
1970.0,76.56,75.05,78.08
1980.0,76.56,75.10,78.02
1990.0,75.94,74.19,77.70
2000.0,77.83,76.15,79.51
2010.0,76.57,75.10,78.05
2020.0,77.29,75.75,78.83
2030.0,76.97,75.39,78.56
2040.0,76.26,74.79,77.73
2050.0,77.90,76.37,79.44
2060.0,76.03,74.42,77.64
2070.0,77.59,76.07,79.12
2080.0,77.85,76.13,79.57
2090.0,77.22,75.81,78.64
2100.0,76.27,74.83,77.72
2110.0,77.79,76.01,79.57
2120.0,76.68,75.28,78.09
2130.0,76.55,75.02,78.08
2140.0,78.41,76.70,80.13
2150.0,77.12,75.57,78.67
2160.0,77.21,75.58,78.84
2170.0,77.10,75.54,78.66
2180.0,76.79,75.45,78.12
2190.0,76.59,75.00,78.17
2200.0,76.68,75.22,78.14
2210.0,76.57,75.07,78.06
2220.0,78.45,76.75,80.15
2230.0,77.98,76.47,79.48
2240.0,77.98,76.45,79.51
2250.0,76.57,74.98,78.15
2260.0,77.45,75.60,79.30
2270.0,76.87,75.36,78.38
2280.0,77.11,75.40,78.83
2290.0,77.43,75.76,79.10
2300.0,77.08,75.54,78.63
2310.0,77.16,75.64,78.68
2320.0,77.06,75.50,78.61
2330.0,77.51,75.92,79.09
2340.0,76.41,74.95,77.88
2350.0,75.93,74.31,77.54
2360.0,77.11,75.67,78.54
2370.0,77.03,75.50,78.57
2380.0,77.19,75.55,78.84
2390.0,77.73,76.17,79.29
2400.0,77.38,76.10,78.66
2410.0,76.99,75.61,78.38
2420.0,76.05,74.53,77.57
2430.0,77.29,75.95,78.62
2440.0,77.92,76.43,79.42
2450.0,77.67,76.18,79.16
2460.0,76.72,75.29,78.15
2470.0,77.52,76.13,78.90
2480.0,76.82,75.45,78.19
2490.0,76.96,75.34,78.57
2500.0,76.39,74.85,77.93
2510.0,76.53,74.97,78.10
2520.0,76.94,75.34,78.54
2530.0,76.10,74.60,77.60
2540.0,76.39,74.98,77.81
2550.0,76.40,74.83,77.96
2560.0,77.07,75.56,78.58
2570.0,75.74,74.00,77.47
2580.0,76.27,74.72,77.82
2590.0,78.23,76.58,79.88
2600.0,78.02,76.48,79.57
2610.0,76.79,75.34,78.25
2620.0,76.44,74.92,77.96
2630.0,76.25,74.80,77.69
2640.0,76.20,74.59,77.81
2650.0,77.96,76.27,79.64
2660.0,77.23,75.59,78.88
2670.0,77.26,75.63,78.89
2680.0,76.62,75.13,78.11
2690.0,77.23,75.61,78.84
2700.0,77.67,75.98,79.37
2710.0,77.41,76.00,78.82
2720.0,76.78,75.32,78.25
2730.0,77.14,75.53,78.74
2740.0,77.32,75.77,78.88
2750.0,76.33,74.79,77.87
2760.0,76.54,75.09,77.99
2770.0,77.53,75.96,79.09
2780.0,77.28,75.74,78.82
2790.0,77.46,76.08,78.84
2800.0,76.69,75.33,78.05
2810.0,77.68,76.12,79.25
2820.0,77.64,76.10,79.19
2830.0,76.94,75.36,78.53
2840.0,76.49,74.93,78.06
2850.0,76.19,74.59,77.79
2860.0,77.42,76.04,78.80
2870.0,77.26,75.64,78.88
2880.0,76.11,74.68,77.54
2890.0,76.87,75.30,78.43
2900.0,77.37,75.81,78.94
2910.0,76.53,74.86,78.20
2920.0,76.82,75.34,78.30
2930.0,77.02,75.45,78.60
2940.0,76.72,75.27,78.17
2950.0,76.94,75.44,78.45
2960.0,77.04,75.42,78.67
2970.0,77.02,75.42,78.63
2980.0,77.45,75.74,79.15
2990.0,77.20,75.71,78.69
3000.0,76.64,75.14,78.14
3010.0,76.93,75.40,78.46
3020.0,76.61,75.04,78.18
3030.0,77.24,75.59,78.89
3040.0,77.13,75.60,78.67
3050.0,76.08,74.47,77.69
3060.0,76.61,75.02,78.21
3070.0,76.54,75.09,77.99
3080.0,77.34,75.74,78.95
3090.0,77.07,75.55,78.59
3100.0,76.40,75.09,77.70
3110.0,76.52,75.20,77.83
3120.0,77.15,75.35,78.95
3130.0,76.56,75.12,77.99
3140.0,77.57,76.15,78.98
3150.0,78.16,76.56,79.76
3160.0,77.31,75.76,78.86
3170.0,75.82,74.16,77.49
3180.0,76.02,74.53,77.50
3190.0,77.41,75.67,79.15
3200.0,77.05,75.50,78.59
3210.0,76.34,74.70,77.98
3220.0,77.02,75.32,78.72
3230.0,77.08,75.53,78.63
3240.0,77.21,75.67,78.74
3250.0,77.18,75.53,78.84
3260.0,76.90,75.54,78.25
3270.0,77.81,76.18,79.43
3280.0,77.40,75.85,78.95
3290.0,76.69,75.05,78.32
3300.0,77.13,75.36,78.90
3310.0,76.74,74.92,78.56
3320.0,77.43,75.84,79.02
3330.0,77.39,75.86,78.92
3340.0,76.95,75.34,78.55
3350.0,76.05,74.65,77.44
3360.0,77.58,75.65,79.52
3370.0,77.24,75.58,78.90
3380.0,76.59,74.90,78.28
3390.0,77.14,75.61,78.67
3400.0,77.00,75.46,78.55
3410.0,76.93,75.28,78.59
3420.0,77.37,75.89,78.85
3430.0,77.12,75.45,78.80
3440.0,77.09,75.25,78.93
3450.0,77.62,76.13,79.12
3460.0,76.47,74.82,78.12
3470.0,77.22,75.66,78.79
3480.0,77.21,75.53,78.89
3490.0,75.24,73.44,77.04
3500.0,78.25,76.76,79.73
3510.0,76.48,75.11,77.86
3520.0,76.43,74.85,78.01
3530.0,77.51,75.75,79.26
3540.0,75.90,74.38,77.41
3550.0,76.02,74.48,77.55
3560.0,76.67,75.21,78.12
3570.0,76.48,75.11,77.85
3580.0,77.97,76.46,79.47
3590.0,77.09,75.33,78.84
3600.0,77.39,75.81,78.97
3610.0,77.09,75.53,78.65
3620.0,76.59,75.17,78.01
3630.0,76.62,75.11,78.12
3640.0,77.50,76.20,78.81
3650.0,76.86,75.19,78.54
3660.0,76.45,74.83,78.07
3670.0,78.04,76.32,79.75
3680.0,76.82,75.23,78.41
3690.0,76.29,74.84,77.75
3700.0,78.36,76.58,80.15
3710.0,77.73,76.27,79.19
3720.0,77.03,75.69,78.37
3730.0,77.13,75.63,78.63
3740.0,76.75,75.32,78.18
3750.0,78.01,76.54,79.49
3760.0,76.52,74.89,78.15
3770.0,77.90,76.43,79.36
3780.0,77.69,76.17,79.22
3790.0,78.29,76.49,80.09
3800.0,77.82,76.28,79.37
3810.0,76.52,75.04,78.01
3820.0,76.17,74.62,77.71
3830.0,76.80,75.41,78.19
3840.0,75.90,74.56,77.25
3850.0,76.86,75.47,78.25
3860.0,77.49,76.01,78.98
3870.0,76.23,74.65,77.80
3880.0,77.17,75.83,78.51
3890.0,76.20,74.84,77.57
3900.0,78.28,76.59,79.96
3910.0,75.31,73.53,77.09
3920.0,77.25,75.75,78.74
3930.0,76.85,75.32,78.39
3940.0,77.22,75.50,78.95
3950.0,77.29,75.71,78.87
3960.0,76.54,75.10,77.98
3970.0,76.57,75.05,78.10
3980.0,76.00,74.31,77.68
3990.0,76.60,75.21,77.99
4000.0,76.86,75.09,78.64
4010.0,77.41,75.84,78.97
4020.0,77.46,75.69,79.23
4030.0,77.02,75.38,78.67
4040.0,76.35,74.58,78.13
4050.0,76.51,75.12,77.90
4060.0,76.22,74.81,77.63
4070.0,77.12,75.63,78.61
4080.0,77.67,76.31,79.03
4090.0,77.56,76.06,79.05
4100.0,77.42,75.85,78.99
4110.0,77.05,75.48,78.62
4120.0,77.03,75.35,78.72
4130.0,77.65,75.85,79.46
4140.0,77.96,76.48,79.44
4150.0,77.18,75.69,78.67
4160.0,77.44,75.82,79.07
4170.0,77.37,75.88,78.86
4180.0,76.69,75.00,78.38
4190.0,76.99,75.35,78.64
4200.0,76.39,74.83,77.96
4210.0,77.45,75.65,79.25
4220.0,76.57,74.82,78.31
4230.0,77.55,75.71,79.38
4240.0,77.19,75.62,78.76
4250.0,77.40,76.07,78.73
4260.0,76.46,74.89,78.02
4270.0,77.47,75.93,79.01
4280.0,76.09,74.36,77.82
4290.0,77.50,76.00,79.01
4300.0,77.47,75.84,79.11
4310.0,76.92,75.37,78.46
4320.0,77.22,75.73,78.71
4330.0,78.08,76.46,79.70
4340.0,76.08,74.72,77.44
4350.0,77.37,75.83,78.90
4360.0,77.61,76.14,79.08
4370.0,76.24,74.45,78.04
4380.0,76.98,75.45,78.50
4390.0,77.45,75.95,78.95
4400.0,76.51,75.10,77.93
4410.0,77.37,75.87,78.86
4420.0,76.93,75.59,78.27
4430.0,77.25,75.61,78.89
4440.0,76.52,74.99,78.05
4450.0,76.09,74.57,77.60
4460.0,77.91,76.36,79.46
4470.0,77.94,76.27,79.60
4480.0,77.62,75.92,79.31
4490.0,77.54,75.92,79.16
4500.0,76.52,74.78,78.26
