trial,mean,ci_down,ci_up
0.0,0.04,0.02,0.05
10.0,0.04,0.02,0.06
20.0,0.05,0.03,0.07
30.0,0.04,0.02,0.06
40.0,0.04,0.02,0.05
50.0,0.04,0.02,0.05
60.0,0.04,0.02,0.05
70.0,0.03,0.02,0.05
80.0,0.04,0.02,0.06
90.0,0.03,0.01,0.04
100.0,0.04,0.03,0.06
110.0,0.04,0.02,0.05
120.0,0.03,0.02,0.05
130.0,0.03,0.02,0.04
140.0,0.05,0.03,0.07
150.0,0.03,0.02,0.05
160.0,0.03,0.02,0.04
170.0,0.04,0.02,0.06
180.0,0.04,0.03,0.06
190.0,0.04,0.02,0.05
200.0,0.03,0.02,0.04
210.0,0.03,0.02,0.05
220.0,0.04,0.02,0.05
230.0,0.04,0.02,0.06
240.0,0.03,0.02,0.05
250.0,0.04,0.02,0.05
260.0,0.03,0.02,0.05
270.0,0.04,0.02,0.05
280.0,0.04,0.02,0.06
290.0,0.05,0.03,0.06
300.0,0.04,0.02,0.05
310.0,0.04,0.03,0.06
320.0,0.04,0.02,0.05
330.0,0.04,0.02,0.05
340.0,0.04,0.03,0.06
350.0,0.03,0.02,0.05
360.0,0.04,0.03,0.06
370.0,0.03,0.02,0.05
380.0,0.03,0.02,0.05
390.0,0.04,0.02,0.05
400.0,0.04,0.03,0.06
410.0,0.04,0.03,0.06
420.0,0.05,0.03,0.07
430.0,0.03,0.02,0.04
440.0,0.04,0.02,0.06
450.0,0.04,0.02,0.06
460.0,0.04,0.02,0.06
470.0,0.04,0.02,0.06
480.0,0.03,0.02,0.05
490.0,0.03,0.02,0.05
500.0,0.03,0.02,0.05
510.0,0.03,0.02,0.05
520.0,0.04,0.03,0.05
530.0,0.04,0.02,0.05
540.0,0.03,0.02,0.05
550.0,0.04,0.02,0.05
560.0,0.03,0.01,0.04
570.0,0.03,0.02,0.05
580.0,0.04,0.02,0.06
590.0,0.04,0.02,0.06
600.0,0.03,0.02,0.04
610.0,0.05,0.03,0.06
620.0,0.04,0.02,0.06
630.0,0.04,0.02,0.06
640.0,0.04,0.03,0.06
650.0,0.04,0.02,0.05
660.0,0.04,0.02,0.05
670.0,0.05,0.03,0.07
680.0,0.05,0.03,0.06
690.0,0.04,0.03,0.06
700.0,0.04,0.02,0.05
710.0,0.03,0.02,0.05
720.0,0.04,0.02,0.06
730.0,0.04,0.02,0.06
740.0,0.05,0.03,0.06
750.0,0.03,0.02,0.04
760.0,0.04,0.03,0.06
770.0,0.03,0.02,0.04
780.0,0.03,0.02,0.04
790.0,0.03,0.02,0.05
800.0,0.03,0.02,0.05
810.0,0.04,0.02,0.06
820.0,0.04,0.02,0.05
830.0,0.03,0.02,0.04
840.0,0.03,0.01,0.05
850.0,0.03,0.02,0.05
860.0,0.04,0.02,0.05
870.0,0.05,0.03,0.07
880.0,0.03,0.02,0.04
890.0,0.04,0.02,0.06
900.0,0.03,0.02,0.05
910.0,0.03,0.02,0.05
920.0,0.03,0.02,0.05
930.0,0.04,0.02,0.06
940.0,0.03,0.02,0.05
950.0,0.06,0.03,0.08
960.0,0.04,0.02,0.05
970.0,0.04,0.03,0.06
980.0,0.04,0.03,0.06
990.0,0.03,0.01,0.04
1000.0,0.03,0.02,0.04
1010.0,0.05,0.03,0.07
1020.0,0.03,0.02,0.05
1030.0,0.03,0.01,0.04
1040.0,0.04,0.02,0.05
1050.0,0.04,0.03,0.05
1060.0,0.04,0.02,0.05
1070.0,0.04,0.02,0.05
1080.0,0.04,0.02,0.05
1090.0,0.04,0.02,0.05
1100.0,0.04,0.03,0.06
1110.0,0.04,0.02,0.06
1120.0,0.03,0.02,0.04
1130.0,0.04,0.02,0.05
1140.0,0.05,0.03,0.07
1150.0,0.04,0.02,0.05
1160.0,0.04,0.02,0.05
1170.0,0.04,0.02,0.05
1180.0,0.04,0.02,0.06
1190.0,0.04,0.02,0.05
1200.0,0.04,0.02,0.06
1210.0,0.03,0.02,0.05
1220.0,0.04,0.02,0.05
1230.0,0.02,0.01,0.03
1240.0,0.03,0.02,0.05
1250.0,0.04,0.02,0.05
1260.0,0.04,0.02,0.06
1270.0,0.04,0.02,0.05
1280.0,0.04,0.02,0.05
1290.0,0.04,0.02,0.05
1300.0,0.04,0.02,0.05
1310.0,0.04,0.02,0.06
1320.0,0.03,0.02,0.05
1330.0,0.03,0.02,0.04
1340.0,0.04,0.02,0.06
1350.0,0.03,0.01,0.04
1360.0,0.04,0.02,0.05
1370.0,0.05,0.03,0.06
1380.0,0.04,0.02,0.05
1390.0,0.04,0.02,0.05
1400.0,0.04,0.03,0.06
1410.0,0.04,0.02,0.05
1420.0,0.04,0.02,0.05
1430.0,0.04,0.03,0.06
1440.0,0.04,0.02,0.06
1450.0,0.03,0.02,0.05
1460.0,0.03,0.02,0.05
1470.0,0.03,0.02,0.05
1480.0,0.03,0.02,0.05
1490.0,0.04,0.02,0.05
1500.0,0.04,0.02,0.05
1510.0,0.04,0.02,0.06
1520.0,0.03,0.02,0.05
1530.0,0.04,0.02,0.05
1540.0,0.04,0.02,0.05
1550.0,0.03,0.02,0.05
1560.0,0.04,0.02,0.05
1570.0,0.03,0.02,0.04
1580.0,0.04,0.02,0.06
1590.0,0.03,0.02,0.05
1600.0,0.04,0.02,0.06
1610.0,0.03,0.02,0.04
1620.0,0.05,0.03,0.07
1630.0,0.03,0.02,0.05
1640.0,0.04,0.02,0.06
1650.0,0.03,0.02,0.05
1660.0,0.03,0.01,0.04
1670.0,0.04,0.02,0.05
1680.0,0.03,0.01,0.04
1690.0,0.04,0.02,0.05
1700.0,0.04,0.02,0.06
1710.0,0.05,0.03,0.06
1720.0,0.05,0.03,0.06
1730.0,0.04,0.02,0.06
1740.0,0.05,0.03,0.06
1750.0,0.04,0.02,0.05
1760.0,0.03,0.02,0.05
1770.0,0.04,0.02,0.06
1780.0,0.04,0.03,0.06
1790.0,0.04,0.02,0.05
1800.0,0.03,0.02,0.05
1810.0,0.04,0.02,0.06
1820.0,0.04,0.02,0.06
1830.0,0.04,0.02,0.06
1840.0,0.04,0.02,0.06
1850.0,0.03,0.02,0.04
1860.0,0.04,0.02,0.05
1870.0,0.03,0.01,0.04
1880.0,0.03,0.02,0.05
1890.0,0.03,0.02,0.04
1900.0,0.04,0.02,0.05
1910.0,0.04,0.03,0.05
1920.0,0.04,0.02,0.05
1930.0,0.05,0.03,0.07
1940.0,0.04,0.02,0.05
1950.0,0.05,0.03,0.07
1960.0,0.04,0.03,0.06
1970.0,0.05,0.03,0.07
1980.0,0.04,0.02,0.05
1990.0,0.04,0.02,0.06
2000.0,0.04,0.02,0.05
2010.0,0.03,0.02,0.04
2020.0,0.04,0.02,0.06
2030.0,0.04,0.02,0.05
2040.0,0.05,0.03,0.06
2050.0,0.04,0.02,0.05
2060.0,0.04,0.02,0.05
2070.0,0.04,0.02,0.05
2080.0,0.03,0.02,0.05
2090.0,0.04,0.02,0.06
2100.0,0.04,0.02,0.06
2110.0,0.04,0.02,0.06
2120.0,0.04,0.03,0.06
2130.0,0.04,0.03,0.06
2140.0,0.04,0.02,0.05
2150.0,0.04,0.02,0.06
2160.0,0.04,0.02,0.06
2170.0,0.03,0.02,0.05
2180.0,0.03,0.02,0.04
2190.0,0.05,0.03,0.07
2200.0,0.03,0.02,0.05
2210.0,0.04,0.03,0.06
2220.0,0.04,0.02,0.06
2230.0,0.03,0.01,0.04
2240.0,0.03,0.01,0.04
2250.0,0.04,0.02,0.06
2260.0,0.04,0.02,0.06
2270.0,0.05,0.03,0.06
2280.0,0.03,0.02,0.05
2290.0,0.03,0.02,0.04
2300.0,0.04,0.02,0.06
2310.0,0.03,0.02,0.05
2320.0,0.03,0.02,0.05
2330.0,0.04,0.02,0.06
2340.0,0.04,0.02,0.05
2350.0,0.03,0.01,0.04
2360.0,0.04,0.03,0.05
2370.0,0.04,0.02,0.05
2380.0,0.03,0.02,0.05
2390.0,0.03,0.02,0.05
2400.0,0.03,0.02,0.05
2410.0,0.03,0.02,0.04
2420.0,0.04,0.02,0.05
2430.0,0.04,0.02,0.05
2440.0,0.03,0.02,0.04
2450.0,0.04,0.02,0.05
2460.0,0.03,0.02,0.05
2470.0,0.03,0.02,0.04
2480.0,0.04,0.02,0.05
2490.0,0.04,0.02,0.05
2500.0,0.05,0.03,0.06
2510.0,0.04,0.02,0.05
2520.0,0.04,0.02,0.06
2530.0,0.03,0.02,0.05
2540.0,0.03,0.02,0.04
2550.0,0.04,0.02,0.05
2560.0,0.04,0.03,0.06
2570.0,0.03,0.02,0.05
2580.0,0.03,0.02,0.05
2590.0,0.04,0.02,0.05
2600.0,0.04,0.03,0.06
2610.0,0.04,0.02,0.05
2620.0,0.04,0.02,0.05
2630.0,0.04,0.02,0.06
2640.0,0.04,0.02,0.06
2650.0,0.03,0.02,0.05
2660.0,0.04,0.03,0.06
2670.0,0.04,0.02,0.05
2680.0,0.04,0.02,0.06
2690.0,0.04,0.02,0.05
2700.0,0.04,0.02,0.05
2710.0,0.03,0.02,0.05
2720.0,0.03,0.01,0.04
2730.0,0.04,0.02,0.05
2740.0,0.04,0.03,0.06
2750.0,0.04,0.02,0.05
2760.0,0.04,0.02,0.05
2770.0,0.03,0.02,0.05
2780.0,0.03,0.02,0.05
2790.0,0.04,0.02,0.05
2800.0,0.03,0.02,0.05
2810.0,0.04,0.02,0.06
2820.0,0.04,0.02,0.05
2830.0,0.03,0.02,0.04
2840.0,0.04,0.02,0.05
2850.0,0.03,0.02,0.05
2860.0,0.04,0.02,0.06
2870.0,0.03,0.02,0.05
2880.0,0.04,0.02,0.05
2890.0,0.04,0.03,0.06
2900.0,0.04,0.03,0.06
2910.0,0.04,0.02,0.06
2920.0,0.03,0.01,0.05
2930.0,0.05,0.03,0.06
2940.0,0.04,0.03,0.06
2950.0,0.03,0.02,0.05
2960.0,0.03,0.02,0.05
2970.0,0.03,0.02,0.05
2980.0,0.04,0.03,0.06
2990.0,0.03,0.02,0.05
3000.0,0.04,0.02,0.06
3010.0,0.03,0.01,0.04
3020.0,0.04,0.03,0.06
3030.0,0.03,0.02,0.05
3040.0,0.03,0.02,0.05
3050.0,0.04,0.03,0.06
3060.0,0.04,0.02,0.05
3070.0,0.05,0.03,0.07
3080.0,0.04,0.02,0.06
3090.0,0.04,0.02,0.06
3100.0,0.03,0.02,0.04
3110.0,0.04,0.02,0.05
3120.0,0.03,0.02,0.05
3130.0,0.04,0.03,0.06
3140.0,0.04,0.03,0.06
3150.0,0.03,0.02,0.05
3160.0,0.05,0.03,0.07
3170.0,0.04,0.03,0.06
3180.0,0.03,0.02,0.05
3190.0,0.04,0.02,0.05
3200.0,0.05,0.03,0.07
3210.0,0.06,0.04,0.08
3220.0,0.04,0.02,0.06
3230.0,0.05,0.03,0.06
3240.0,0.05,0.03,0.06
3250.0,0.03,0.02,0.05
3260.0,0.04,0.02,0.06
3270.0,0.03,0.02,0.05
3280.0,0.03,0.02,0.04
3290.0,0.04,0.02,0.06
3300.0,0.05,0.03,0.07
3310.0,0.04,0.03,0.05
3320.0,0.04,0.02,0.05
3330.0,0.05,0.03,0.06
3340.0,0.04,0.02,0.05
3350.0,0.04,0.02,0.05
3360.0,0.03,0.02,0.04
3370.0,0.04,0.02,0.06
3380.0,0.05,0.03,0.07
3390.0,0.03,0.02,0.05
3400.0,0.03,0.02,0.05
3410.0,0.03,0.02,0.05
3420.0,0.03,0.02,0.04
3430.0,0.03,0.02,0.05
3440.0,0.04,0.02,0.05
3450.0,0.04,0.02,0.06
3460.0,0.03,0.02,0.04
3470.0,0.04,0.02,0.05
3480.0,0.03,0.02,0.05
3490.0,0.04,0.02,0.05
3500.0,0.03,0.02,0.05
3510.0,0.05,0.03,0.06
3520.0,0.04,0.03,0.06
3530.0,0.03,0.01,0.04
3540.0,0.04,0.02,0.06
3550.0,0.04,0.02,0.05
3560.0,0.04,0.03,0.06
3570.0,0.05,0.03,0.07
3580.0,0.04,0.02,0.06
3590.0,0.04,0.03,0.06
3600.0,0.04,0.03,0.06
3610.0,0.04,0.02,0.06
3620.0,0.03,0.02,0.04
3630.0,0.04,0.02,0.05
3640.0,0.04,0.02,0.06
3650.0,0.05,0.03,0.07
3660.0,0.04,0.02,0.05
3670.0,0.04,0.02,0.06
3680.0,0.03,0.02,0.04
3690.0,0.03,0.01,0.04
3700.0,0.04,0.03,0.06
3710.0,0.03,0.02,0.05
3720.0,0.03,0.02,0.05
3730.0,0.04,0.03,0.06
3740.0,0.04,0.02,0.06
3750.0,0.04,0.03,0.06
3760.0,0.04,0.02,0.05
3770.0,0.04,0.03,0.06
3780.0,0.05,0.03,0.07
3790.0,0.04,0.02,0.05
3800.0,0.04,0.02,0.05
3810.0,0.03,0.02,0.04
3820.0,0.04,0.02,0.05
3830.0,0.03,0.02,0.05
3840.0,0.04,0.02,0.05
3850.0,0.04,0.02,0.06
3860.0,0.04,0.02,0.05
3870.0,0.05,0.03,0.06
3880.0,0.04,0.02,0.05
3890.0,0.04,0.02,0.06
3900.0,0.04,0.03,0.06
3910.0,0.04,0.02,0.05
3920.0,0.04,0.02,0.05
3930.0,0.04,0.02,0.06
3940.0,0.05,0.03,0.06
3950.0,0.03,0.02,0.04
3960.0,0.04,0.03,0.06
3970.0,0.03,0.02,0.05
3980.0,0.04,0.03,0.06
3990.0,0.04,0.03,0.05
4000.0,0.03,0.01,0.04
4010.0,0.04,0.02,0.06
4020.0,0.04,0.03,0.06
4030.0,0.05,0.03,0.07
4040.0,0.04,0.02,0.06
4050.0,0.05,0.03,0.07
4060.0,0.04,0.03,0.06
4070.0,0.03,0.02,0.04
4080.0,0.03,0.02,0.04
4090.0,0.03,0.02,0.05
4100.0,0.04,0.02,0.05
4110.0,0.04,0.02,0.06
4120.0,0.04,0.02,0.05
4130.0,0.04,0.02,0.05
4140.0,0.05,0.03,0.07
4150.0,0.04,0.03,0.06
4160.0,0.04,0.03,0.06
4170.0,0.04,0.02,0.05
4180.0,0.03,0.02,0.05
4190.0,0.04,0.02,0.06
4200.0,0.04,0.02,0.06
4210.0,0.02,0.01,0.03
4220.0,0.04,0.03,0.06
4230.0,0.05,0.03,0.07
4240.0,0.04,0.02,0.05
4250.0,0.04,0.03,0.06
4260.0,0.03,0.02,0.05
4270.0,0.05,0.03,0.06
4280.0,0.04,0.03,0.06
4290.0,0.02,0.01,0.04
4300.0,0.03,0.02,0.04
4310.0,0.04,0.02,0.05
4320.0,0.04,0.02,0.06
4330.0,0.04,0.03,0.06
4340.0,0.04,0.02,0.05
4350.0,0.03,0.02,0.04
4360.0,0.03,0.02,0.05
4370.0,0.04,0.02,0.05
4380.0,0.03,0.02,0.04
4390.0,0.04,0.02,0.05
4400.0,0.05,0.03,0.06
4410.0,0.03,0.02,0.05
4420.0,0.03,0.02,0.05
4430.0,0.03,0.02,0.05
4440.0,0.03,0.01,0.04
4450.0,0.05,0.03,0.07
4460.0,0.04,0.02,0.05
4470.0,0.04,0.02,0.06
4480.0,0.03,0.02,0.05
4490.0,0.04,0.02,0.06
4500.0,0.03,0.02,0.05
