trial,mean,ci_down,ci_up
0.0,0.46,-24.68,25.61
10.0,0.03,-0.61,0.67
20.0,0.30,-2.25,2.85
30.0,0.21,-8.39,8.80
40.0,0.41,-10.09,10.92
50.0,0.18,-11.28,11.64
60.0,0.33,-13.67,14.33
70.0,0.06,-3.76,3.88
80.0,0.20,-12.22,12.61
90.0,0.56,-4.53,5.65
100.0,0.19,-6.81,7.19
110.0,0.12,-7.52,7.76
120.0,0.06,-2.17,2.28
130.0,0.37,-23.18,23.92
140.0,0.30,-18.47,19.08
150.0,0.07,-3.75,3.89
160.0,0.16,-0.48,0.80
170.0,0.41,-11.05,11.87
180.0,0.04,-0.28,0.35
190.0,0.08,-1.19,1.35
200.0,0.16,-5.57,5.89
210.0,0.11,-2.12,2.33
220.0,0.04,-2.51,2.59
230.0,0.29,-3.53,4.11
240.0,0.18,-3.95,4.32
250.0,0.09,-3.09,3.27
260.0,0.17,0.17,0.17
270.0,0.24,-10.26,10.75
280.0,0.03,-1.88,1.94
290.0,0.27,-15.64,16.18
300.0,0.16,-0.48,0.80
310.0,0.15,-9.08,9.39
320.0,0.05,-3.13,3.23
330.0,0.17,-5.24,5.59
340.0,0.44,-23.75,24.63
350.0,0.24,-15.04,15.52
360.0,0.17,-9.07,9.40
370.0,0.11,-6.26,6.48
380.0,0.30,-14.34,14.94
390.0,0.51,-12.22,13.24
400.0,0.17,-9.07,9.40
410.0,0.03,-0.29,0.34
420.0,0.20,-12.84,13.25
430.0,0.33,-17.49,18.15
440.0,0.60,-4.81,6.02
450.0,0.16,-10.03,10.35
460.0,0.39,-16.80,17.58
470.0,0.07,-1.53,1.66
480.0,0.85,-3.92,5.63
490.0,0.17,-2.69,3.04
500.0,0.12,-4.34,4.58
510.0,0.54,-10.92,12.00
520.0,0.13,-4.96,5.22
530.0,0.10,-5.95,6.14
540.0,0.23,-13.77,14.23
550.0,0.08,-0.56,0.72
560.0,0.32,-0.32,0.96
570.0,0.35,-19.38,20.08
580.0,0.51,-9.36,10.37
590.0,0.17,-10.65,10.99
600.0,0.08,-3.74,3.90
610.0,0.01,-0.94,0.97
620.0,0.44,-23.11,23.99
630.0,0.20,-2.98,3.38
640.0,0.07,-1.20,1.34
650.0,0.38,-22.86,23.61
660.0,0.28,-16.91,17.47
670.0,0.64,-18.46,19.74
680.0,0.47,-23.72,24.66
690.0,0.14,-1.13,1.41
700.0,0.06,-3.45,3.56
710.0,0.30,-15.30,15.89
720.0,0.09,-0.55,0.73
730.0,0.21,-9.34,9.76
740.0,0.26,-15.65,16.17
750.0,0.49,-2.06,3.04
760.0,0.07,-4.70,4.85
770.0,0.14,-8.77,9.05
780.0,0.70,-6.62,8.03
790.0,0.08,0.08,0.08
800.0,0.29,-15.31,15.88
810.0,0.24,-15.04,15.52
820.0,0.38,-5.04,5.79
830.0,0.30,-18.47,19.08
840.0,0.08,-3.74,3.90
850.0,0.48,-16.07,17.03
860.0,0.38,-16.17,16.93
870.0,0.01,-0.94,0.97
880.0,0.62,-8.29,9.53
890.0,0.47,-9.72,10.66
900.0,0.29,-3.84,4.43
910.0,0.14,-7.82,8.09
920.0,0.08,-5.01,5.17
930.0,0.68,0.36,0.99
940.0,0.43,-24.71,25.58
950.0,0.22,-7.73,8.18
960.0,0.46,-12.59,13.50
970.0,0.02,-1.25,1.29
980.0,0.42,-15.18,16.01
990.0,0.22,-7.42,7.86
1000.0,0.20,-4.89,5.29
1010.0,0.18,-4.91,5.27
1020.0,0.43,-14.85,15.71
1030.0,0.35,-21.93,22.63
1040.0,0.41,-3.72,4.55
1050.0,0.15,-2.07,2.38
1060.0,0.42,-11.99,12.84
1070.0,0.33,-17.17,17.84
1080.0,0.30,-1.30,1.89
1090.0,0.32,-15.91,16.56
1100.0,0.07,-4.07,4.20
1110.0,0.23,-1.36,1.83
1120.0,0.10,-3.08,3.28
1130.0,0.23,-13.46,13.91
1140.0,0.02,-0.62,0.66
1150.0,0.22,-12.51,12.95
1160.0,0.27,-16.60,17.13
1170.0,0.26,-11.52,12.03
1180.0,0.34,-12.39,13.07
1190.0,0.07,-3.44,3.57
1200.0,0.21,-11.57,11.98
1210.0,0.17,-5.56,5.90
1220.0,0.24,-9.31,9.79
1230.0,0.03,-1.57,1.62
1240.0,0.12,-3.06,3.30
1250.0,0.36,-22.87,23.60
1260.0,0.17,-10.96,11.31
1270.0,0.02,-0.62,0.66
1280.0,0.14,-4.95,5.23
1290.0,0.32,-0.95,1.59
1300.0,0.55,-17.27,18.37
1310.0,0.40,-5.33,6.13
1320.0,0.28,-1.63,2.19
1330.0,0.06,-2.49,2.61
1340.0,0.29,-11.80,12.38
1350.0,0.26,-10.56,11.08
1360.0,0.24,-6.44,6.93
1370.0,0.40,-3.42,4.22
1380.0,0.10,-5.63,5.83
1390.0,0.10,-3.72,3.92
1400.0,0.65,-14.31,15.60
1410.0,0.33,-0.94,1.60
1420.0,0.05,-1.22,1.32
1430.0,0.46,-12.59,13.50
1440.0,0.01,-0.31,0.32
1450.0,0.68,-3.14,4.50
1460.0,0.42,-4.04,4.88
1470.0,0.04,-2.51,2.59
1480.0,0.41,-19.96,20.78
1490.0,0.11,-6.89,7.11
1500.0,0.18,-10.64,11.00
1510.0,0.01,-0.63,0.65
1520.0,0.19,-11.27,11.65
1530.0,0.28,-15.96,16.51
1540.0,0.18,-10.64,11.00
1550.0,0.29,-2.26,2.84
1560.0,0.10,-2.45,2.65
1570.0,0.29,-11.80,12.38
1580.0,0.36,-7.92,8.64
1590.0,0.33,-17.49,18.15
1600.0,0.04,0.04,0.04
1610.0,0.61,-20.40,21.62
1620.0,0.08,0.08,0.08
1630.0,0.42,-10.40,11.24
1640.0,0.12,-1.47,1.72
1650.0,0.28,-6.41,6.96
1660.0,0.06,-0.26,0.37
1670.0,0.36,-22.87,23.60
1680.0,0.41,-6.28,7.09
1690.0,0.34,-12.08,12.75
1700.0,0.04,-0.91,1.00
1710.0,0.12,-2.10,2.35
1720.0,0.01,-0.63,0.65
1730.0,0.24,-0.07,0.56
1740.0,0.28,0.28,0.28
1750.0,0.05,-3.13,3.23
1760.0,0.18,-11.28,11.64
1770.0,0.07,-2.80,2.93
1780.0,0.12,0.12,0.12
1790.0,0.30,-10.83,11.44
1800.0,0.17,-10.96,11.31
1810.0,0.19,-2.36,2.74
1820.0,0.08,-0.56,0.72
1830.0,0.14,-4.00,4.27
1840.0,0.15,-3.98,4.29
1850.0,0.48,0.48,0.48
1860.0,0.42,-1.49,2.33
1870.0,0.33,-20.68,21.34
1880.0,0.04,-1.87,1.95
1890.0,0.24,-11.85,12.33
1900.0,0.39,-21.89,22.67
1910.0,0.03,-1.24,1.30
1920.0,0.26,-8.02,8.54
1930.0,0.26,-8.34,8.85
1940.0,0.01,0.01,0.01
1950.0,0.04,-0.60,0.68
1960.0,0.41,-23.78,24.60
1970.0,0.14,-9.09,9.38
1980.0,0.17,-8.74,9.08
1990.0,0.10,-3.41,3.60
2000.0,0.38,-19.04,19.79
2010.0,0.14,-8.77,9.05
2020.0,0.21,-9.02,9.45
2030.0,0.24,-15.04,15.52
2040.0,0.32,-17.50,18.14
2050.0,0.60,-10.53,11.74
2060.0,0.26,-15.02,15.54
2070.0,0.06,-1.85,1.97
2080.0,0.01,-0.31,0.32
2090.0,0.48,-2.70,3.66
2100.0,0.46,-28.82,29.74
2110.0,0.15,-4.62,4.93
2120.0,0.40,-2.78,3.58
2130.0,0.40,-20.28,21.09
2140.0,0.42,-20.90,21.75
2150.0,0.14,-7.19,7.46
2160.0,0.28,-1.63,2.19
2170.0,0.34,-15.25,15.94
2180.0,0.36,-19.06,19.77
2190.0,0.24,-15.04,15.52
2200.0,0.10,-5.95,6.14
2210.0,0.41,-4.37,5.18
2220.0,0.04,-1.87,1.95
2230.0,0.25,-3.57,4.07
2240.0,0.53,-5.84,6.90
2250.0,0.62,-13.38,14.62
2260.0,0.41,-12.00,12.83
2270.0,0.49,-20.20,21.17
2280.0,0.35,-7.60,8.31
2290.0,0.20,-2.03,2.42
2300.0,0.39,-10.74,11.53
2310.0,0.01,-0.31,0.32
2320.0,0.27,-2.91,3.45
2330.0,0.07,-2.48,2.62
2340.0,0.15,-9.40,9.70
2350.0,0.32,-20.05,20.69
2360.0,0.01,-0.31,0.32
2370.0,0.62,-2.56,3.80
2380.0,0.11,-4.02,4.25
2390.0,0.42,-19.31,20.15
2400.0,0.25,-13.75,14.25
2410.0,0.02,-0.62,0.66
2420.0,0.28,-15.32,15.87
2430.0,0.36,-18.41,19.14
2440.0,0.08,-4.38,4.54
2450.0,0.31,-2.24,2.86
2460.0,0.35,-2.20,2.90
2470.0,0.70,-14.25,15.66
2480.0,0.42,-16.45,17.28
2490.0,0.26,-12.16,12.67
2500.0,0.01,-0.63,0.65
2510.0,0.21,-10.92,11.35
2520.0,0.16,-6.84,7.16
2530.0,0.39,-12.34,13.12
2540.0,0.41,-19.96,20.78
2550.0,0.10,-4.68,4.87
2560.0,0.20,-12.22,12.61
2570.0,0.73,-11.69,13.14
2580.0,0.23,-13.46,13.91
2590.0,0.29,-16.58,17.15
2600.0,0.07,-3.44,3.57
2610.0,0.52,-9.03,10.07
2620.0,0.41,-3.72,4.55
2630.0,0.51,-2.67,3.69
2640.0,0.17,-0.14,0.49
2650.0,0.19,-9.67,10.06
2660.0,0.29,-18.48,19.07
2670.0,0.49,-14.79,15.77
2680.0,0.02,-0.62,0.66
2690.0,0.29,-8.95,9.52
2700.0,0.42,-8.81,9.66
2710.0,0.15,-8.45,8.74
2720.0,0.74,-7.54,9.02
2730.0,0.20,-7.44,7.84
2740.0,0.14,-6.55,6.82
2750.0,0.36,-6.96,7.69
2760.0,0.01,-0.94,0.97
2770.0,0.22,-1.69,2.13
2780.0,0.10,-4.68,4.87
2790.0,0.36,-18.74,19.46
2800.0,0.16,-7.80,8.11
2810.0,0.32,-16.87,17.51
2820.0,0.04,-1.23,1.31
2830.0,0.42,-24.41,25.25
2840.0,0.66,-3.80,5.12
2850.0,0.10,-5.31,5.52
2860.0,0.10,-6.58,6.79
2870.0,0.01,-0.94,0.97
2880.0,0.32,-2.55,3.18
2890.0,0.51,-4.58,5.60
2900.0,0.29,-18.48,19.07
2910.0,0.06,-1.85,1.97
2920.0,0.07,-3.44,3.57
2930.0,0.15,-8.45,8.74
2940.0,0.32,-10.19,10.82
2950.0,0.04,-2.19,2.26
2960.0,0.15,-7.18,7.47
2970.0,0.23,-12.82,13.27
2980.0,0.47,-6.85,7.80
2990.0,0.55,-10.58,11.69
3000.0,0.02,-1.25,1.29
3010.0,0.18,-4.59,4.96
3020.0,0.17,-0.47,0.81
3030.0,0.05,-1.55,1.64
3040.0,0.06,-3.76,3.88
3050.0,0.08,-4.05,4.22
3060.0,0.16,-6.21,6.53
3070.0,0.10,-2.77,2.96
3080.0,0.69,-15.22,16.60
3090.0,0.54,-1.05,2.14
3100.0,0.26,-9.93,10.45
3110.0,0.04,-2.82,2.91
3120.0,0.18,-3.64,4.00
3130.0,0.34,-20.99,21.66
3140.0,0.11,-4.35,4.57
3150.0,0.52,-5.53,6.56
3160.0,0.58,-28.70,29.86
3170.0,0.11,-3.07,3.29
3180.0,0.12,-7.83,8.08
3190.0,0.21,-8.39,8.80
3200.0,0.41,-22.19,23.00
3210.0,0.20,-11.89,12.29
3220.0,0.39,-23.16,23.94
3230.0,0.31,-16.24,16.86
3240.0,0.17,-3.33,3.68
3250.0,0.03,-1.24,1.30
3260.0,0.16,-10.03,10.35
3270.0,0.27,-8.01,8.55
3280.0,0.30,-16.56,17.17
3290.0,0.53,-14.43,15.48
3300.0,0.61,-3.21,4.43
3310.0,0.52,-20.49,21.53
3320.0,0.04,-2.19,2.26
3330.0,0.21,-5.83,6.26
3340.0,0.49,-2.06,3.04
3350.0,0.12,-2.74,2.99
3360.0,0.24,-1.35,1.84
3370.0,0.21,0.21,0.21
3380.0,0.14,-5.59,5.87
3390.0,0.04,-0.60,0.68
3400.0,0.19,-6.81,7.19
3410.0,0.16,-8.12,8.44
3420.0,0.33,-18.13,18.79
3430.0,0.41,-19.96,20.78
3440.0,0.66,0.34,0.97
3450.0,0.24,-7.08,7.57
3460.0,0.49,-14.79,15.77
3470.0,0.37,-23.18,23.92
3480.0,0.33,-9.86,10.52
3490.0,0.07,-2.79,2.94
3500.0,0.87,-15.04,16.78
3510.0,0.07,-2.16,2.29
3520.0,0.20,-12.84,13.25
3530.0,0.43,-19.30,20.16
3540.0,0.18,-3.00,3.36
3550.0,0.19,-6.18,6.56
3560.0,0.06,-3.45,3.56
3570.0,0.02,-0.62,0.66
3580.0,0.23,-3.27,3.74
3590.0,0.12,-7.83,8.08
3600.0,0.24,-15.04,15.52
3610.0,0.09,-5.33,5.50
3620.0,0.20,-5.84,6.25
3630.0,0.14,-8.77,9.05
3640.0,0.45,-3.06,3.95
3650.0,0.33,-20.68,21.34
3660.0,0.10,-5.31,5.52
3670.0,0.35,-14.60,15.31
3680.0,0.16,-10.03,10.35
3690.0,0.12,-5.61,5.85
3700.0,0.07,-1.84,1.98
3710.0,0.04,-2.19,2.26
3720.0,0.01,0.01,0.01
3730.0,0.14,-0.82,1.09
3740.0,0.42,-24.72,25.57
3750.0,0.43,-13.89,14.76
3760.0,0.22,-13.15,13.59
3770.0,0.14,-8.14,8.42
3780.0,0.15,-9.71,10.02
3790.0,0.83,-4.90,6.56
3800.0,0.50,-30.06,31.06
3810.0,0.14,-1.77,2.05
3820.0,0.36,-22.87,23.60
3830.0,0.26,-15.65,16.17
3840.0,0.33,-7.00,7.65
3850.0,0.57,-20.75,21.90
3860.0,0.23,-12.81,13.28
3870.0,0.18,-7.77,8.14
3880.0,0.23,-1.04,1.50
3890.0,0.20,-12.22,12.61
3900.0,0.06,-3.76,3.88
3910.0,0.01,-0.31,0.32
3920.0,0.55,-15.69,16.78
3930.0,0.41,-5.32,6.14
3940.0,0.07,-2.16,2.29
3950.0,0.01,-0.31,0.32
3960.0,0.12,-5.61,5.85
3970.0,0.27,-16.28,16.82
3980.0,0.12,-6.56,6.81
3990.0,0.39,-20.62,21.40
4000.0,0.09,0.09,0.09
4010.0,0.14,-3.99,4.28
4020.0,0.09,-0.55,0.73
4030.0,0.21,-4.25,4.67
4040.0,0.42,-15.18,16.01
4050.0,0.24,-1.03,1.51
4060.0,0.27,-14.06,14.59
4070.0,0.08,-4.06,4.21
4080.0,0.12,-2.75,2.98
4090.0,0.19,-4.27,4.65
4100.0,0.29,-3.84,4.43
4110.0,0.15,-5.27,5.56
4120.0,0.01,-0.63,0.65
4130.0,0.32,-16.87,17.51
4140.0,0.44,-2.74,3.62
4150.0,0.37,-11.09,11.83
4160.0,0.14,-5.90,6.19
4170.0,0.29,-15.31,15.88
4180.0,0.10,-0.85,1.06
4190.0,0.01,-0.31,0.32
4200.0,0.12,-7.52,7.76
4210.0,0.20,-11.26,11.66
4220.0,0.04,-2.51,2.59
4230.0,0.08,-4.05,4.22
4240.0,0.30,-6.39,6.98
4250.0,0.36,-8.87,9.60
4260.0,0.17,0.17,0.17
4270.0,0.20,-7.44,7.84
4280.0,0.26,-14.38,14.90
4290.0,0.41,-26.00,26.83
4300.0,0.66,-0.30,1.61
4310.0,0.00,0.00,0.00
4320.0,0.05,-3.13,3.23
4330.0,0.21,-13.47,13.90
4340.0,0.34,-16.21,16.89
4350.0,0.01,-0.31,0.32
4360.0,0.04,-1.87,1.95
4370.0,0.51,-17.31,18.33
4380.0,0.14,-7.19,7.46
4390.0,0.16,-8.12,8.44
4400.0,0.33,-7.00,7.65
4410.0,0.35,-18.75,19.45
4420.0,0.34,-19.72,20.39
4430.0,0.23,0.23,0.23
4440.0,0.24,-0.71,1.20
4450.0,0.26,-0.38,0.90
4460.0,0.11,-4.98,5.20
4470.0,0.13,-6.24,6.50
4480.0,0.27,-11.51,12.04
4490.0,0.24,-2.94,3.42
4500.0,0.05,-3.13,3.23
