trial,mean,ci_down,ci_up
0.0,62.43,59.55,65.31
10.0,60.88,58.25,63.51
20.0,59.96,57.50,62.42
30.0,59.93,57.41,62.46
40.0,60.06,57.80,62.32
50.0,59.72,57.60,61.83
60.0,58.98,57.17,60.80
70.0,59.79,57.46,62.11
80.0,58.81,56.39,61.22
90.0,58.82,56.47,61.17
100.0,58.29,55.86,60.71
110.0,59.16,56.57,61.75
120.0,58.60,56.30,60.90
130.0,59.01,56.69,61.33
140.0,58.38,56.12,60.63
150.0,57.99,55.92,60.06
160.0,57.79,55.49,60.08
170.0,58.84,56.65,61.03
180.0,58.65,56.54,60.75
190.0,57.47,55.61,59.34
200.0,57.62,55.29,59.95
210.0,57.70,54.85,60.55
220.0,57.17,55.21,59.14
230.0,56.07,53.65,58.48
240.0,57.42,55.70,59.15
250.0,57.24,54.89,59.58
260.0,58.20,55.61,60.80
270.0,57.64,55.24,60.04
280.0,57.70,55.14,60.26
290.0,56.12,54.16,58.08
300.0,56.95,54.45,59.45
310.0,57.00,55.00,59.00
320.0,56.45,54.04,58.86
330.0,56.08,53.51,58.65
340.0,55.65,53.54,57.76
350.0,57.14,54.74,59.55
360.0,56.62,54.69,58.55
370.0,56.00,53.87,58.12
380.0,56.40,54.33,58.48
390.0,56.68,54.25,59.10
400.0,55.43,53.02,57.84
410.0,55.64,53.40,57.88
420.0,55.87,53.38,58.36
430.0,55.99,53.44,58.55
440.0,56.56,54.40,58.73
450.0,56.92,54.83,59.00
460.0,57.32,55.18,59.46
470.0,56.17,54.05,58.30
480.0,55.97,53.66,58.28
490.0,55.31,53.01,57.61
500.0,56.36,54.37,58.36
510.0,55.06,53.09,57.02
520.0,55.38,52.99,57.77
530.0,55.55,52.98,58.12
540.0,55.15,53.15,57.15
550.0,56.62,54.91,58.32
560.0,55.26,53.08,57.44
570.0,54.73,52.61,56.85
580.0,55.80,53.23,58.37
590.0,55.11,52.95,57.28
600.0,55.83,53.41,58.25
610.0,54.95,52.89,57.00
620.0,55.51,53.48,57.54
630.0,56.04,53.69,58.39
640.0,55.17,53.31,57.03
650.0,55.31,53.35,57.26
660.0,55.42,53.21,57.62
670.0,55.21,52.80,57.62
680.0,53.98,51.56,56.39
690.0,54.75,52.54,56.97
700.0,54.81,52.70,56.93
710.0,55.47,53.68,57.27
720.0,56.00,53.97,58.04
730.0,55.19,52.78,57.60
740.0,55.03,52.63,57.43
750.0,53.51,51.32,55.70
760.0,55.01,52.95,57.06
770.0,54.78,52.42,57.15
780.0,55.72,53.71,57.73
790.0,54.75,52.90,56.60
800.0,54.26,51.96,56.56
810.0,55.99,53.99,58.00
820.0,54.88,53.19,56.56
830.0,54.48,52.67,56.30
840.0,54.60,52.55,56.65
850.0,54.92,53.16,56.67
860.0,54.78,52.60,56.96
870.0,54.59,52.36,56.82
880.0,54.80,52.76,56.83
890.0,53.76,51.73,55.79
900.0,54.32,51.94,56.70
910.0,53.81,51.77,55.85
920.0,55.62,53.68,57.56
930.0,54.10,52.23,55.96
940.0,54.42,52.45,56.38
950.0,55.04,52.80,57.29
960.0,55.11,53.17,57.06
970.0,55.34,53.28,57.40
980.0,54.88,52.60,57.17
990.0,54.04,51.57,56.51
1000.0,54.52,52.71,56.33
1010.0,54.93,53.32,56.54
1020.0,53.29,51.35,55.23
1030.0,53.46,51.40,55.51
1040.0,54.76,52.61,56.92
1050.0,55.45,53.35,57.56
1060.0,55.00,52.73,57.27
1070.0,54.32,52.34,56.31
1080.0,52.98,51.07,54.89
1090.0,54.58,52.40,56.77
1100.0,53.66,51.89,55.43
1110.0,53.97,51.74,56.20
1120.0,55.22,52.99,57.45
1130.0,53.93,51.58,56.27
1140.0,53.53,51.52,55.53
1150.0,54.41,52.37,56.46
1160.0,53.66,51.57,55.75
1170.0,54.01,52.30,55.71
1180.0,54.55,52.67,56.43
1190.0,55.58,53.42,57.74
1200.0,54.63,52.17,57.09
1210.0,52.59,50.74,54.44
1220.0,53.35,51.17,55.53
1230.0,53.30,51.37,55.24
1240.0,53.64,51.86,55.41
1250.0,55.26,52.89,57.62
1260.0,55.05,52.82,57.28
1270.0,52.62,50.42,54.82
1280.0,56.28,54.02,58.54
1290.0,54.35,52.26,56.44
1300.0,53.59,51.58,55.61
1310.0,54.63,52.42,56.84
1320.0,53.66,51.28,56.03
1330.0,53.90,51.71,56.10
1340.0,53.52,51.39,55.64
1350.0,54.69,52.60,56.79
1360.0,54.20,52.08,56.31
1370.0,53.54,51.53,55.55
1380.0,54.09,52.05,56.14
1390.0,53.16,50.84,55.48
1400.0,53.19,50.89,55.49
1410.0,54.36,52.41,56.30
1420.0,54.51,52.25,56.77
1430.0,55.44,53.29,57.59
1440.0,53.94,51.96,55.93
1450.0,55.03,52.93,57.13
1460.0,54.16,52.05,56.26
1470.0,52.88,51.06,54.71
1480.0,54.75,52.52,56.98
1490.0,53.51,51.67,55.35
1500.0,53.58,51.53,55.64
1510.0,53.83,51.65,56.01
1520.0,52.77,50.48,55.05
1530.0,53.91,51.72,56.11
1540.0,53.67,51.67,55.67
1550.0,53.84,51.60,56.08
1560.0,53.82,51.61,56.03
1570.0,53.93,51.93,55.93
1580.0,53.32,51.14,55.50
1590.0,53.58,51.74,55.43
1600.0,53.37,51.23,55.50
1610.0,54.88,52.64,57.12
1620.0,53.70,51.44,55.95
1630.0,52.69,50.76,54.62
1640.0,53.76,51.86,55.66
1650.0,53.16,50.99,55.32
1660.0,53.46,51.42,55.49
1670.0,53.90,51.74,56.07
1680.0,53.75,51.35,56.15
1690.0,53.35,51.43,55.26
1700.0,53.96,51.68,56.24
1710.0,52.71,50.62,54.80
1720.0,53.50,51.53,55.46
1730.0,53.43,51.29,55.58
1740.0,53.87,51.71,56.03
1750.0,53.84,51.80,55.88
1760.0,55.04,52.99,57.10
1770.0,53.78,51.56,56.01
1780.0,54.53,52.40,56.65
1790.0,53.11,50.89,55.34
1800.0,54.07,52.03,56.11
1810.0,53.47,51.61,55.34
1820.0,53.63,51.80,55.46
1830.0,53.54,51.42,55.66
1840.0,53.72,51.62,55.81
1850.0,53.54,51.67,55.40
1860.0,53.79,51.61,55.96
1870.0,53.62,51.57,55.67
1880.0,53.15,51.06,55.25
1890.0,53.77,51.73,55.81
1900.0,54.26,52.31,56.21
1910.0,53.25,51.34,55.16
1920.0,53.52,51.56,55.48
1930.0,53.72,51.88,55.56
1940.0,52.41,50.58,54.23
1950.0,53.31,51.15,55.48
1960.0,53.26,51.15,55.37
1970.0,53.12,51.30,54.95
1980.0,54.16,52.40,55.92
1990.0,52.52,50.75,54.29
2000.0,53.38,51.11,55.65
2010.0,54.03,51.74,56.32
2020.0,53.83,51.71,55.94
2030.0,52.92,50.91,54.93
2040.0,53.17,51.17,55.17
2050.0,52.72,50.83,54.60
2060.0,53.69,51.44,55.94
2070.0,53.27,51.19,55.35
2080.0,54.00,51.56,56.44
2090.0,53.46,51.32,55.59
2100.0,53.83,51.87,55.79
2110.0,54.16,52.34,55.97
2120.0,52.09,50.07,54.12
2130.0,54.06,51.90,56.23
2140.0,54.03,51.95,56.11
2150.0,53.99,51.94,56.04
2160.0,53.44,51.36,55.51
2170.0,52.92,50.99,54.86
2180.0,53.05,50.84,55.26
2190.0,52.71,50.85,54.58
2200.0,52.92,50.66,55.17
2210.0,53.46,51.48,55.44
2220.0,54.08,51.98,56.17
2230.0,52.75,51.00,54.50
2240.0,53.11,50.62,55.60
2250.0,53.68,51.52,55.83
2260.0,52.80,50.74,54.87
2270.0,53.00,50.94,55.07
2280.0,53.56,51.52,55.61
2290.0,53.00,50.89,55.10
2300.0,52.78,50.69,54.86
2310.0,54.30,52.27,56.33
2320.0,52.88,50.81,54.95
2330.0,53.07,51.26,54.87
2340.0,52.65,50.73,54.57
2350.0,52.36,50.31,54.40
2360.0,52.89,50.87,54.92
2370.0,53.49,51.36,55.61
2380.0,52.40,50.39,54.41
2390.0,53.28,51.18,55.39
2400.0,52.85,50.97,54.74
2410.0,52.57,50.53,54.60
2420.0,53.50,51.64,55.35
2430.0,52.78,51.29,54.28
2440.0,52.69,50.75,54.64
2450.0,53.44,51.64,55.24
2460.0,53.73,51.59,55.87
2470.0,53.72,51.13,56.30
2480.0,53.56,51.54,55.58
2490.0,53.38,51.05,55.71
2500.0,53.11,51.38,54.84
2510.0,52.88,50.61,55.16
2520.0,53.21,51.27,55.15
2530.0,53.53,51.53,55.53
2540.0,53.80,51.73,55.86
2550.0,52.64,50.49,54.78
2560.0,52.52,50.48,54.56
2570.0,52.90,50.81,54.99
2580.0,52.86,50.98,54.74
2590.0,53.37,51.03,55.71
2600.0,52.94,50.92,54.95
2610.0,53.78,51.85,55.71
2620.0,52.68,50.55,54.81
2630.0,52.93,50.67,55.19
2640.0,52.73,50.61,54.85
2650.0,52.79,50.79,54.79
2660.0,53.80,51.91,55.69
2670.0,53.64,51.34,55.95
2680.0,52.81,50.61,55.02
2690.0,53.06,50.98,55.14
2700.0,54.66,52.35,56.96
2710.0,53.47,51.17,55.77
2720.0,54.10,51.90,56.29
2730.0,52.37,49.80,54.94
2740.0,53.16,50.79,55.53
2750.0,53.56,51.46,55.66
2760.0,52.26,50.61,53.92
2770.0,53.72,51.50,55.93
2780.0,53.99,51.78,56.20
2790.0,53.33,51.19,55.47
2800.0,53.24,51.10,55.39
2810.0,52.64,50.53,54.75
2820.0,52.54,50.60,54.47
2830.0,53.56,51.14,55.98
2840.0,52.65,50.86,54.43
2850.0,52.59,50.73,54.45
2860.0,53.49,51.35,55.63
2870.0,52.45,50.18,54.71
2880.0,53.34,51.57,55.11
2890.0,53.14,50.80,55.48
2900.0,53.04,50.98,55.10
2910.0,53.10,51.03,55.17
2920.0,52.70,50.35,55.04
2930.0,52.62,50.52,54.72
2940.0,52.91,50.88,54.94
2950.0,53.56,51.06,56.05
2960.0,53.20,51.23,55.18
2970.0,53.37,51.04,55.70
2980.0,52.23,49.95,54.51
2990.0,51.48,49.22,53.75
3000.0,52.77,50.43,55.10
3010.0,53.37,51.36,55.39
3020.0,52.89,50.57,55.21
3030.0,52.71,50.85,54.58
3040.0,53.75,51.38,56.12
3050.0,53.05,50.96,55.13
3060.0,53.23,50.99,55.47
3070.0,53.52,51.53,55.51
3080.0,52.96,50.72,55.19
3090.0,52.64,50.53,54.75
3100.0,53.11,51.13,55.10
3110.0,53.33,51.48,55.18
3120.0,53.04,50.79,55.29
3130.0,53.47,51.34,55.60
3140.0,53.55,51.48,55.63
3150.0,52.94,51.10,54.78
3160.0,53.34,51.36,55.32
3170.0,53.02,50.83,55.20
3180.0,52.54,50.80,54.28
3190.0,53.20,50.72,55.67
3200.0,52.84,50.70,54.98
3210.0,53.17,51.35,54.99
3220.0,53.54,51.37,55.70
3230.0,52.11,50.19,54.02
3240.0,53.14,51.25,55.03
3250.0,53.23,51.16,55.30
3260.0,53.11,50.69,55.53
3270.0,52.87,50.83,54.90
3280.0,54.34,52.13,56.54
3290.0,53.05,50.86,55.24
3300.0,53.23,50.82,55.63
3310.0,52.06,49.85,54.26
3320.0,52.01,50.06,53.96
3330.0,52.31,50.35,54.28
3340.0,52.54,50.26,54.82
3350.0,52.41,50.30,54.52
3360.0,54.54,52.18,56.90
3370.0,52.56,50.33,54.79
3380.0,52.45,50.28,54.62
3390.0,53.70,51.17,56.23
3400.0,53.54,51.41,55.67
3410.0,52.31,49.97,54.64
3420.0,53.02,51.16,54.87
3430.0,52.36,50.44,54.28
3440.0,53.00,51.09,54.92
3450.0,53.21,51.08,55.33
3460.0,52.39,50.47,54.32
3470.0,52.67,50.34,55.00
3480.0,52.66,50.69,54.63
3490.0,52.42,50.57,54.27
3500.0,52.70,50.48,54.92
3510.0,53.09,50.76,55.42
3520.0,53.39,51.36,55.42
3530.0,52.56,50.01,55.10
3540.0,52.53,50.22,54.84
3550.0,52.61,50.37,54.84
3560.0,52.41,50.23,54.58
3570.0,52.24,50.11,54.37
3580.0,51.51,49.47,53.56
3590.0,53.26,50.70,55.82
3600.0,52.96,50.69,55.24
3610.0,53.17,50.89,55.45
3620.0,52.99,50.90,55.07
3630.0,52.61,50.52,54.71
3640.0,52.50,50.54,54.45
3650.0,53.18,50.88,55.48
3660.0,52.14,50.15,54.13
3670.0,53.23,50.73,55.72
3680.0,52.20,49.83,54.58
3690.0,53.36,51.08,55.64
3700.0,52.16,50.57,53.76
3710.0,52.64,50.18,55.11
3720.0,52.15,50.22,54.08
3730.0,53.31,51.64,54.98
3740.0,52.34,50.64,54.04
3750.0,52.55,50.45,54.64
3760.0,51.55,49.30,53.81
3770.0,53.47,51.43,55.52
3780.0,53.18,50.71,55.66
3790.0,52.44,50.39,54.50
3800.0,52.60,50.36,54.84
3810.0,53.30,51.22,55.38
3820.0,53.12,50.81,55.42
3830.0,52.75,50.84,54.67
3840.0,52.86,51.02,54.71
3850.0,52.94,50.97,54.92
3860.0,52.60,50.04,55.17
3870.0,52.34,50.09,54.60
3880.0,52.57,50.45,54.70
3890.0,52.12,50.09,54.14
3900.0,52.55,50.50,54.60
3910.0,53.15,51.17,55.14
3920.0,52.84,50.97,54.71
3930.0,52.30,50.45,54.15
3940.0,52.76,50.73,54.79
3950.0,52.96,50.81,55.11
3960.0,52.89,50.86,54.91
3970.0,52.27,50.25,54.29
3980.0,53.41,51.00,55.81
3990.0,54.11,52.30,55.91
4000.0,52.36,50.29,54.44
4010.0,53.13,50.88,55.38
4020.0,52.78,50.49,55.08
4030.0,52.53,50.59,54.48
4040.0,53.11,50.85,55.38
4050.0,52.69,50.54,54.83
4060.0,53.59,51.97,55.22
4070.0,52.17,50.27,54.07
4080.0,51.93,49.86,54.01
4090.0,53.33,50.85,55.81
4100.0,53.69,51.61,55.77
4110.0,52.43,50.57,54.30
4120.0,52.82,50.71,54.93
4130.0,52.38,50.46,54.30
4140.0,52.13,50.21,54.05
4150.0,52.69,50.35,55.04
4160.0,52.61,50.38,54.83
4170.0,52.98,50.97,54.98
4180.0,52.89,51.08,54.69
4190.0,53.24,51.00,55.47
4200.0,52.08,49.72,54.44
4210.0,52.57,50.64,54.50
4220.0,52.41,50.48,54.33
4230.0,51.92,49.45,54.38
4240.0,53.27,51.40,55.13
4250.0,52.59,50.49,54.70
4260.0,52.49,50.20,54.77
4270.0,52.71,50.71,54.71
4280.0,53.16,51.24,55.09
4290.0,52.27,49.99,54.55
4300.0,52.40,50.40,54.41
4310.0,52.80,50.99,54.61
4320.0,51.77,49.61,53.93
4330.0,53.24,50.87,55.62
4340.0,51.81,49.66,53.96
4350.0,51.45,49.45,53.44
4360.0,53.32,51.42,55.22
4370.0,52.06,49.91,54.20
4380.0,53.05,51.27,54.84
4390.0,54.08,51.64,56.51
4400.0,52.84,50.62,55.06
4410.0,53.60,51.26,55.95
4420.0,52.49,50.66,54.31
4430.0,54.27,51.86,56.69
4440.0,51.86,49.48,54.24
4450.0,52.07,50.28,53.86
4460.0,51.68,49.71,53.65
4470.0,51.78,50.01,53.55
4480.0,52.85,50.77,54.94
4490.0,52.45,50.38,54.52
4500.0,52.96,50.52,55.40
