trial,mean,ci_down,ci_up
0.0,0.30,-0.42,1.02
10.0,0.12,-0.16,0.40
20.0,0.21,-0.27,0.69
30.0,0.08,-0.16,0.32
40.0,0.09,-0.14,0.32
50.0,0.05,-0.11,0.22
60.0,0.17,-0.47,0.82
70.0,0.03,-0.07,0.14
80.0,0.03,-0.04,0.10
90.0,0.04,-0.10,0.18
100.0,0.03,-0.04,0.09
110.0,0.19,-0.59,0.96
120.0,0.00,-0.01,0.01
130.0,0.07,-0.13,0.26
140.0,0.02,-0.04,0.07
150.0,0.02,-0.05,0.08
160.0,0.01,-0.02,0.04
170.0,0.06,-0.13,0.25
180.0,0.04,-0.15,0.24
190.0,0.00,-0.01,0.02
200.0,0.02,-0.07,0.11
210.0,0.04,-0.15,0.24
220.0,0.07,-0.14,0.28
230.0,0.13,-0.39,0.66
240.0,0.26,-0.31,0.83
250.0,0.12,-0.18,0.43
260.0,0.11,-0.21,0.44
270.0,0.21,-0.29,0.71
280.0,0.25,-0.34,0.83
290.0,0.08,-0.14,0.31
300.0,0.02,-0.03,0.06
310.0,0.09,-0.25,0.44
320.0,0.05,-0.07,0.17
330.0,0.02,-0.04,0.07
340.0,0.18,-0.35,0.70
350.0,0.19,-0.25,0.63
360.0,0.09,-0.17,0.36
370.0,0.10,-0.16,0.36
380.0,0.16,-0.22,0.54
390.0,0.17,-0.42,0.75
400.0,0.12,-0.22,0.46
410.0,0.06,-0.13,0.26
420.0,0.18,-0.45,0.82
430.0,0.10,-0.24,0.44
440.0,0.13,-0.40,0.66
450.0,0.24,-0.46,0.93
460.0,0.13,-0.09,0.35
470.0,0.22,-0.19,0.62
480.0,0.05,-0.05,0.14
490.0,0.12,-0.26,0.50
500.0,0.09,-0.14,0.32
510.0,0.19,-0.26,0.64
520.0,0.00,0.00,0.00
530.0,0.01,-0.03,0.04
540.0,0.12,-0.25,0.49
550.0,0.11,-0.16,0.38
560.0,0.11,-0.25,0.47
570.0,0.24,-0.44,0.92
580.0,0.06,-0.17,0.29
590.0,0.23,-0.18,0.65
600.0,0.20,-0.14,0.53
610.0,0.02,-0.06,0.09
620.0,0.36,-0.21,0.92
630.0,0.32,-0.38,1.02
640.0,0.22,-0.40,0.85
650.0,0.03,-0.08,0.14
660.0,0.02,-0.04,0.08
670.0,0.17,-0.17,0.51
680.0,0.15,-0.15,0.45
690.0,0.16,-0.28,0.60
700.0,0.14,-0.30,0.58
710.0,0.05,-0.12,0.22
720.0,0.23,-0.43,0.88
730.0,0.02,-0.06,0.10
740.0,0.03,-0.07,0.14
750.0,0.05,-0.18,0.28
760.0,0.01,-0.03,0.06
770.0,0.13,-0.18,0.43
780.0,0.13,-0.17,0.43
790.0,0.10,-0.21,0.41
800.0,0.10,-0.15,0.36
810.0,0.13,-0.19,0.45
820.0,0.32,-0.48,1.12
830.0,0.12,-0.24,0.49
840.0,0.12,-0.30,0.54
850.0,0.29,-0.45,1.03
860.0,0.02,-0.04,0.08
870.0,0.23,-0.57,1.02
880.0,0.30,-0.51,1.11
890.0,0.09,-0.11,0.28
900.0,0.23,-0.28,0.75
910.0,0.16,-0.39,0.71
920.0,0.22,-0.42,0.87
930.0,0.08,-0.14,0.29
940.0,0.13,-0.20,0.45
950.0,0.35,-0.39,1.08
960.0,0.19,-0.45,0.83
970.0,0.18,-0.21,0.56
980.0,0.06,-0.14,0.26
990.0,0.02,-0.02,0.06
1000.0,0.12,-0.36,0.60
1010.0,0.17,-0.48,0.83
1020.0,0.09,-0.12,0.30
1030.0,0.16,-0.18,0.50
1040.0,0.09,-0.23,0.40
1050.0,0.07,-0.04,0.18
1060.0,0.21,-0.35,0.78
1070.0,0.16,-0.25,0.57
1080.0,0.08,-0.07,0.24
1090.0,0.08,-0.09,0.25
1100.0,0.15,-0.16,0.45
1110.0,0.17,-0.41,0.75
1120.0,0.13,-0.20,0.45
1130.0,0.02,-0.06,0.10
1140.0,0.14,-0.15,0.43
1150.0,0.24,-0.27,0.76
1160.0,0.19,-0.02,0.39
1170.0,0.06,-0.19,0.31
1180.0,0.05,-0.04,0.15
1190.0,0.11,-0.23,0.45
1200.0,0.08,-0.12,0.27
1210.0,0.05,-0.12,0.22
1220.0,0.14,-0.45,0.73
1230.0,0.03,-0.05,0.11
1240.0,0.01,-0.02,0.04
1250.0,0.08,-0.27,0.44
1260.0,0.35,-0.43,1.13
1270.0,0.07,-0.14,0.28
1280.0,0.01,-0.04,0.07
1290.0,0.03,-0.10,0.16
1300.0,0.06,-0.10,0.22
1310.0,0.09,-0.21,0.38
1320.0,0.17,-0.47,0.82
1330.0,0.04,-0.03,0.12
1340.0,0.09,-0.13,0.32
1350.0,0.21,-0.39,0.81
1360.0,0.17,-0.46,0.80
1370.0,0.03,-0.04,0.10
1380.0,0.13,-0.20,0.46
1390.0,0.12,-0.28,0.51
1400.0,0.14,-0.03,0.32
1410.0,0.13,-0.20,0.47
1420.0,0.01,-0.02,0.03
1430.0,0.17,-0.40,0.74
1440.0,0.18,-0.34,0.70
1450.0,0.09,-0.32,0.50
1460.0,0.25,-0.30,0.80
1470.0,0.18,-0.33,0.69
1480.0,0.10,-0.23,0.44
1490.0,0.19,-0.14,0.51
1500.0,0.08,-0.18,0.34
1510.0,0.08,-0.20,0.36
1520.0,0.08,-0.18,0.35
1530.0,0.03,-0.03,0.10
1540.0,0.03,-0.08,0.14
1550.0,0.13,-0.29,0.54
1560.0,0.19,-0.25,0.63
1570.0,0.13,-0.30,0.55
1580.0,0.02,-0.02,0.06
1590.0,0.23,-0.17,0.63
1600.0,0.06,-0.06,0.18
1610.0,0.05,-0.11,0.20
1620.0,0.36,-0.28,1.00
1630.0,0.26,-0.24,0.77
1640.0,0.04,-0.07,0.15
1650.0,0.16,-0.25,0.57
1660.0,0.13,-0.18,0.45
1670.0,0.06,-0.10,0.23
1680.0,0.04,-0.15,0.24
1690.0,0.11,-0.33,0.55
1700.0,0.23,-0.18,0.64
1710.0,0.32,-0.35,0.98
1720.0,0.14,-0.17,0.45
1730.0,0.12,-0.09,0.32
1740.0,0.20,-0.27,0.67
1750.0,0.04,-0.12,0.19
1760.0,0.05,-0.15,0.25
1770.0,0.15,-0.14,0.45
1780.0,0.25,-0.18,0.69
1790.0,0.22,-0.39,0.83
1800.0,0.04,-0.13,0.21
1810.0,0.13,-0.07,0.33
1820.0,0.22,-0.48,0.92
1830.0,0.09,-0.20,0.37
1840.0,0.08,-0.06,0.22
1850.0,0.07,-0.11,0.25
1860.0,0.16,-0.42,0.74
1870.0,0.06,-0.05,0.17
1880.0,0.17,-0.09,0.44
1890.0,0.11,-0.34,0.56
1900.0,0.30,-0.29,0.89
1910.0,0.08,-0.12,0.28
1920.0,0.12,-0.26,0.49
1930.0,0.18,-0.14,0.50
1940.0,0.31,-0.30,0.93
1950.0,0.23,-0.10,0.56
1960.0,0.07,-0.25,0.39
1970.0,0.11,-0.06,0.29
1980.0,0.04,-0.03,0.10
1990.0,0.12,-0.09,0.33
2000.0,0.00,-0.01,0.02
2010.0,0.08,-0.12,0.27
2020.0,0.34,-0.29,0.97
2030.0,0.21,-0.35,0.77
2040.0,0.03,-0.05,0.11
2050.0,0.35,-0.09,0.79
2060.0,0.20,-0.26,0.66
2070.0,0.02,-0.04,0.08
2080.0,0.15,-0.44,0.74
2090.0,0.20,-0.12,0.52
2100.0,0.12,-0.02,0.25
2110.0,0.07,-0.18,0.33
2120.0,0.26,-0.31,0.83
2130.0,0.12,-0.13,0.37
2140.0,0.06,-0.06,0.17
2150.0,0.15,-0.37,0.66
2160.0,0.15,-0.14,0.43
2170.0,0.11,-0.20,0.43
2180.0,0.19,-0.26,0.64
2190.0,0.16,-0.16,0.48
2200.0,0.08,-0.23,0.39
2210.0,0.10,-0.24,0.44
2220.0,0.29,-0.39,0.96
2230.0,0.08,-0.13,0.29
2240.0,0.22,-0.05,0.49
2250.0,0.03,-0.08,0.13
2260.0,0.18,-0.45,0.81
2270.0,0.16,-0.29,0.61
2280.0,0.15,-0.29,0.59
2290.0,0.16,-0.32,0.64
2300.0,0.15,-0.18,0.47
2310.0,0.04,-0.10,0.18
2320.0,0.09,-0.30,0.48
2330.0,0.22,-0.13,0.58
2340.0,0.18,-0.34,0.70
2350.0,0.06,-0.10,0.22
2360.0,0.05,-0.18,0.29
2370.0,0.15,-0.09,0.38
2380.0,0.17,-0.28,0.62
2390.0,0.08,-0.30,0.47
2400.0,0.05,-0.03,0.13
2410.0,0.15,-0.33,0.63
2420.0,0.40,-0.57,1.37
2430.0,0.15,-0.48,0.77
2440.0,0.19,-0.38,0.75
2450.0,0.13,-0.46,0.72
2460.0,0.14,-0.33,0.61
2470.0,0.26,-0.32,0.84
2480.0,0.07,-0.20,0.35
2490.0,0.11,-0.19,0.41
2500.0,0.06,-0.09,0.21
2510.0,0.05,-0.10,0.20
2520.0,0.06,-0.07,0.20
2530.0,0.06,-0.15,0.27
2540.0,0.06,-0.15,0.27
2550.0,0.12,-0.31,0.56
2560.0,0.10,-0.10,0.29
2570.0,0.22,-0.14,0.58
2580.0,0.03,-0.03,0.09
2590.0,0.23,-0.26,0.73
2600.0,0.16,-0.56,0.89
2610.0,0.33,-0.41,1.06
2620.0,0.20,-0.45,0.84
2630.0,0.16,-0.27,0.58
2640.0,0.10,-0.19,0.38
2650.0,0.21,-0.65,1.07
2660.0,0.22,-0.35,0.79
2670.0,0.07,-0.09,0.22
2680.0,0.22,-0.21,0.64
2690.0,0.14,-0.18,0.46
2700.0,0.06,-0.18,0.30
2710.0,0.25,-0.24,0.74
2720.0,0.19,-0.38,0.75
2730.0,0.21,-0.37,0.79
2740.0,0.01,-0.03,0.06
2750.0,0.34,-0.68,1.36
2760.0,0.28,-0.32,0.88
2770.0,0.14,-0.22,0.51
2780.0,0.22,-0.28,0.72
2790.0,0.23,-0.45,0.92
2800.0,0.15,-0.27,0.58
2810.0,0.07,-0.19,0.34
2820.0,0.21,-0.12,0.54
2830.0,0.04,-0.12,0.19
2840.0,0.07,-0.08,0.23
2850.0,0.26,0.01,0.52
2860.0,0.11,-0.38,0.59
2870.0,0.05,-0.11,0.21
2880.0,0.02,-0.04,0.08
2890.0,0.09,-0.12,0.31
2900.0,0.22,-0.28,0.72
2910.0,0.28,-0.46,1.01
2920.0,0.04,-0.15,0.24
2930.0,0.37,-0.20,0.95
2940.0,0.06,-0.12,0.25
2950.0,0.13,-0.25,0.50
2960.0,0.10,-0.15,0.35
2970.0,0.36,-0.35,1.07
2980.0,0.12,-0.15,0.38
2990.0,0.16,-0.26,0.57
3000.0,0.20,-0.20,0.60
3010.0,0.18,-0.57,0.92
3020.0,0.10,-0.33,0.54
3030.0,0.04,-0.07,0.15
3040.0,0.14,-0.37,0.65
3050.0,0.22,-0.46,0.90
3060.0,0.04,-0.08,0.16
3070.0,0.05,-0.11,0.21
3080.0,0.23,-0.19,0.65
3090.0,0.12,-0.21,0.45
3100.0,0.12,-0.20,0.45
3110.0,0.24,-0.32,0.81
3120.0,0.19,-0.32,0.71
3130.0,0.14,-0.26,0.54
3140.0,0.17,-0.48,0.81
3150.0,0.01,-0.04,0.06
3160.0,0.16,-0.49,0.82
3170.0,0.18,-0.23,0.59
3180.0,0.03,-0.07,0.14
3190.0,0.19,-0.35,0.72
3200.0,0.14,-0.16,0.43
3210.0,0.16,-0.20,0.51
3220.0,0.17,-0.35,0.69
3230.0,0.11,-0.18,0.41
3240.0,0.14,-0.40,0.67
3250.0,0.18,-0.51,0.88
3260.0,0.04,-0.09,0.17
3270.0,0.09,-0.20,0.38
3280.0,0.14,-0.13,0.42
3290.0,0.04,-0.06,0.14
3300.0,0.16,-0.14,0.46
3310.0,0.19,-0.40,0.77
3320.0,0.29,-0.31,0.88
3330.0,0.13,-0.36,0.61
3340.0,0.03,-0.06,0.12
3350.0,0.14,-0.46,0.73
3360.0,0.27,-0.30,0.83
3370.0,0.30,-0.35,0.95
3380.0,0.03,-0.06,0.12
3390.0,0.11,-0.10,0.31
3400.0,0.09,-0.32,0.49
3410.0,0.12,-0.17,0.42
3420.0,0.12,-0.23,0.46
3430.0,0.21,-0.16,0.59
3440.0,0.36,-0.16,0.89
3450.0,0.17,-0.50,0.83
3460.0,0.16,-0.23,0.56
3470.0,0.10,-0.28,0.48
3480.0,0.04,-0.06,0.13
3490.0,0.22,-0.18,0.62
3500.0,0.08,-0.18,0.34
3510.0,0.18,-0.39,0.75
3520.0,0.23,-0.38,0.84
3530.0,0.10,-0.11,0.31
3540.0,0.34,-0.55,1.23
3550.0,0.05,-0.13,0.22
3560.0,0.16,-0.27,0.58
3570.0,0.19,-0.31,0.69
3580.0,0.13,-0.24,0.50
3590.0,0.10,-0.10,0.30
3600.0,0.18,-0.18,0.53
3610.0,0.22,-0.33,0.78
3620.0,0.16,-0.02,0.35
3630.0,0.25,-0.33,0.83
3640.0,0.17,-0.56,0.91
3650.0,0.25,-0.30,0.79
3660.0,0.01,-0.01,0.03
3670.0,0.22,-0.19,0.63
3680.0,0.11,-0.28,0.49
3690.0,0.10,-0.02,0.21
3700.0,0.21,-0.34,0.76
3710.0,0.11,-0.17,0.40
3720.0,0.19,-0.33,0.70
3730.0,0.22,-0.13,0.57
3740.0,0.16,-0.28,0.60
3750.0,0.20,-0.41,0.81
3760.0,0.03,-0.09,0.16
3770.0,0.18,-0.32,0.69
3780.0,0.28,-0.36,0.91
3790.0,0.12,-0.29,0.54
3800.0,0.13,-0.09,0.36
3810.0,0.08,-0.03,0.19
3820.0,0.30,-0.18,0.78
3830.0,0.12,-0.15,0.38
3840.0,0.24,-0.22,0.69
3850.0,0.17,-0.34,0.68
3860.0,0.09,-0.12,0.31
3870.0,0.11,-0.37,0.59
3880.0,0.07,-0.23,0.37
3890.0,0.19,-0.34,0.72
3900.0,0.18,-0.28,0.64
3910.0,0.12,-0.18,0.41
3920.0,0.16,-0.36,0.67
3930.0,0.26,-0.40,0.92
3940.0,0.16,-0.20,0.52
3950.0,0.07,-0.11,0.24
3960.0,0.30,-0.24,0.84
3970.0,0.10,-0.11,0.31
3980.0,0.02,-0.03,0.06
3990.0,0.16,-0.52,0.83
4000.0,0.20,-0.09,0.49
4010.0,0.23,-0.23,0.69
4020.0,0.13,-0.34,0.60
4030.0,0.22,-0.22,0.66
4040.0,0.18,-0.27,0.63
4050.0,0.18,-0.31,0.68
4060.0,0.17,-0.25,0.59
4070.0,0.28,-0.09,0.66
4080.0,0.09,-0.13,0.30
4090.0,0.10,-0.28,0.47
4100.0,0.20,-0.04,0.44
4110.0,0.08,-0.13,0.29
4120.0,0.18,-0.32,0.68
4130.0,0.16,-0.13,0.45
4140.0,0.11,-0.31,0.54
4150.0,0.37,-0.46,1.20
4160.0,0.08,-0.24,0.39
4170.0,0.20,-0.32,0.73
4180.0,0.23,-0.11,0.57
4190.0,0.02,-0.05,0.10
4200.0,0.23,-0.27,0.73
4210.0,0.02,-0.04,0.08
4220.0,0.18,-0.32,0.68
4230.0,0.01,-0.03,0.04
4240.0,0.10,-0.09,0.30
4250.0,0.12,-0.21,0.45
4260.0,0.04,-0.13,0.21
4270.0,0.00,-0.01,0.02
4280.0,0.23,-0.19,0.65
4290.0,0.15,-0.26,0.56
4300.0,0.29,-0.67,1.26
4310.0,0.14,-0.34,0.62
4320.0,0.08,-0.27,0.44
4330.0,0.13,-0.08,0.33
4340.0,0.14,-0.31,0.59
4350.0,0.03,-0.10,0.16
4360.0,0.10,-0.07,0.27
4370.0,0.08,-0.08,0.24
4380.0,0.27,-0.30,0.84
4390.0,0.10,-0.14,0.34
4400.0,0.05,-0.07,0.17
4410.0,0.07,-0.20,0.35
4420.0,0.05,-0.15,0.26
4430.0,0.10,-0.12,0.31
4440.0,0.01,-0.02,0.04
4450.0,0.22,-0.20,0.63
4460.0,0.29,-0.23,0.80
4470.0,0.17,-0.51,0.85
4480.0,0.05,-0.12,0.22
4490.0,0.17,-0.53,0.87
4500.0,0.30,-0.22,0.82
