episodes,mean,ci_down,ci_up
0.0,-2101.86,-2493.41,-1710.30
2.0,-1456.86,-2317.12,-596.60
4.0,-1765.38,-2286.71,-1244.04
6.0,-1349.42,-1961.21,-737.64
8.0,-1128.84,-1774.67,-483.02
10.0,13.37,-33.18,59.92
12.0,152.81,-171.52,477.14
14.0,462.15,-8.97,933.27
16.0,804.05,291.23,1316.87
18.0,1455.29,1455.29,1455.29
20.0,1455.29,1455.29,1455.29
22.0,1455.29,1455.29,1455.29
24.0,1455.29,1455.29,1455.29
26.0,1455.29,1455.29,1455.29
28.0,1455.29,1455.29,1455.29
30.0,1455.29,1455.29,1455.29
32.0,1455.29,1455.29,1455.29
34.0,1455.29,1455.29,1455.29
36.0,1455.29,1455.29,1455.29
38.0,1455.29,1455.29,1455.29
40.0,1455.29,1455.29,1455.29
42.0,1455.29,1455.29,1455.29
44.0,1455.29,1455.29,1455.29
46.0,1455.29,1455.29,1455.29
48.0,1455.29,1455.29,1455.29
50.0,1455.29,1455.29,1455.29
52.0,1455.29,1455.29,1455.29
54.0,1455.29,1455.29,1455.29
56.0,1455.29,1455.29,1455.29
58.0,1455.29,1455.29,1455.29
60.0,1455.29,1455.29,1455.29
62.0,1455.29,1455.29,1455.29
64.0,1455.29,1455.29,1455.29
66.0,1455.29,1455.29,1455.29
68.0,1455.29,1455.29,1455.29
70.0,1455.29,1455.29,1455.29
72.0,1455.29,1455.29,1455.29
74.0,1455.29,1455.29,1455.29
76.0,1455.29,1455.29,1455.29
78.0,1455.29,1455.29,1455.29
80.0,1455.29,1455.29,1455.29
82.0,1455.29,1455.29,1455.29
84.0,1455.29,1455.29,1455.29
86.0,1455.29,1455.29,1455.29
88.0,1455.29,1455.29,1455.29
90.0,1455.29,1455.29,1455.29
92.0,1455.29,1455.29,1455.29
94.0,1455.29,1455.29,1455.29
96.0,1455.29,1455.29,1455.29
98.0,1455.29,1455.29,1455.29
100.0,1455.29,1455.29,1455.29
102.0,1455.29,1455.29,1455.29
104.0,1455.29,1455.29,1455.29
106.0,1455.29,1455.29,1455.29
108.0,1455.29,1455.29,1455.29
110.0,1455.29,1455.29,1455.29
112.0,1455.29,1455.29,1455.29
114.0,1455.29,1455.29,1455.29
116.0,1455.29,1455.29,1455.29
118.0,1455.29,1455.29,1455.29
120.0,1455.29,1455.29,1455.29
122.0,1455.29,1455.29,1455.29
124.0,1455.29,1455.29,1455.29
126.0,1455.29,1455.29,1455.29
128.0,1455.29,1455.29,1455.29
130.0,1455.29,1455.29,1455.29
132.0,1455.29,1455.29,1455.29
134.0,1455.29,1455.29,1455.29
136.0,1455.29,1455.29,1455.29
138.0,1455.29,1455.29,1455.29
140.0,1455.29,1455.29,1455.29
142.0,1455.29,1455.29,1455.29
144.0,1455.29,1455.29,1455.29
146.0,1455.29,1455.29,1455.29
148.0,1455.29,1455.29,1455.29
150.0,1455.29,1455.29,1455.29
