episodes,mean,ci_down,ci_up
0.0,3.11,0.87,5.35
2.0,4.89,2.35,7.43
4.0,6.33,0.77,11.90
6.0,9.00,4.28,13.72
8.0,70.89,5.56,136.21
10.0,181.11,139.50,222.72
12.0,180.00,136.17,223.83
14.0,136.11,70.48,201.74
16.0,92.00,22.70,161.30
18.0,4.00,4.00,4.00
20.0,4.00,4.00,4.00
22.0,4.00,4.00,4.00
24.0,4.00,4.00,4.00
26.0,4.00,4.00,4.00
28.0,4.00,4.00,4.00
30.0,4.00,4.00,4.00
32.0,4.00,4.00,4.00
34.0,4.00,4.00,4.00
36.0,4.00,4.00,4.00
38.0,4.00,4.00,4.00
40.0,4.00,4.00,4.00
42.0,4.00,4.00,4.00
44.0,4.00,4.00,4.00
46.0,4.00,4.00,4.00
48.0,4.00,4.00,4.00
50.0,4.00,4.00,4.00
52.0,4.00,4.00,4.00
54.0,4.00,4.00,4.00
56.0,4.00,4.00,4.00
58.0,4.00,4.00,4.00
60.0,4.00,4.00,4.00
62.0,4.00,4.00,4.00
64.0,4.00,4.00,4.00
66.0,4.00,4.00,4.00
68.0,4.00,4.00,4.00
70.0,4.00,4.00,4.00
72.0,4.00,4.00,4.00
74.0,4.00,4.00,4.00
76.0,4.00,4.00,4.00
78.0,4.00,4.00,4.00
80.0,4.00,4.00,4.00
82.0,4.00,4.00,4.00
84.0,4.00,4.00,4.00
86.0,4.00,4.00,4.00
88.0,4.00,4.00,4.00
90.0,4.00,4.00,4.00
92.0,4.00,4.00,4.00
94.0,4.00,4.00,4.00
96.0,4.00,4.00,4.00
98.0,4.00,4.00,4.00
100.0,4.00,4.00,4.00
102.0,4.00,4.00,4.00
104.0,4.00,4.00,4.00
106.0,4.00,4.00,4.00
108.0,4.00,4.00,4.00
110.0,4.00,4.00,4.00
112.0,4.00,4.00,4.00
114.0,4.00,4.00,4.00
116.0,4.00,4.00,4.00
118.0,4.00,4.00,4.00
120.0,4.00,4.00,4.00
122.0,4.00,4.00,4.00
124.0,4.00,4.00,4.00
126.0,4.00,4.00,4.00
128.0,4.00,4.00,4.00
130.0,4.00,4.00,4.00
132.0,4.00,4.00,4.00
134.0,4.00,4.00,4.00
136.0,4.00,4.00,4.00
138.0,4.00,4.00,4.00
140.0,4.00,4.00,4.00
142.0,4.00,4.00,4.00
144.0,4.00,4.00,4.00
146.0,4.00,4.00,4.00
148.0,4.00,4.00,4.00
150.0,4.00,4.00,4.00
