trial,mean,ci_down,ci_up
0.0,68.73,66.80,70.66
10.0,67.76,66.13,69.39
20.0,69.44,67.52,71.36
30.0,68.37,66.64,70.11
40.0,68.91,66.97,70.85
50.0,68.95,67.17,70.73
60.0,69.06,67.35,70.77
70.0,68.18,66.27,70.09
80.0,69.78,68.17,71.39
90.0,68.85,66.68,71.03
100.0,70.95,69.07,72.83
110.0,69.43,67.54,71.31
120.0,67.92,66.18,69.66
130.0,68.98,67.01,70.95
140.0,69.41,67.53,71.29
150.0,68.63,66.66,70.59
160.0,68.26,66.43,70.10
170.0,67.90,66.10,69.69
180.0,69.52,67.65,71.40
190.0,68.39,66.55,70.23
200.0,70.15,68.33,71.96
210.0,69.28,67.68,70.89
220.0,68.84,67.12,70.56
230.0,68.54,66.54,70.55
240.0,68.32,66.41,70.23
250.0,69.48,67.65,71.32
260.0,69.45,67.71,71.19
270.0,68.54,66.45,70.63
280.0,69.65,67.83,71.46
290.0,68.25,66.54,69.96
300.0,67.32,65.60,69.05
310.0,68.11,66.29,69.93
320.0,68.40,66.45,70.34
330.0,68.01,66.04,69.97
340.0,68.40,66.56,70.23
350.0,68.94,67.16,70.73
360.0,69.25,67.22,71.28
370.0,69.74,67.85,71.63
380.0,68.15,66.47,69.83
390.0,69.34,67.38,71.30
400.0,70.60,68.69,72.51
410.0,68.06,66.32,69.81
420.0,68.30,66.45,70.15
430.0,69.32,67.43,71.21
440.0,68.97,66.89,71.05
450.0,69.42,67.58,71.25
460.0,70.56,68.48,72.65
470.0,68.72,66.92,70.51
480.0,68.71,66.69,70.73
490.0,69.15,67.25,71.05
500.0,68.22,66.33,70.12
510.0,67.71,65.89,69.53
520.0,69.62,67.76,71.47
530.0,67.70,65.82,69.58
540.0,68.93,67.06,70.79
550.0,68.37,66.55,70.18
560.0,68.50,66.85,70.16
570.0,69.06,66.94,71.18
580.0,68.41,66.45,70.38
590.0,68.49,66.69,70.29
600.0,68.10,66.27,69.94
610.0,68.44,66.53,70.34
620.0,68.90,67.23,70.58
630.0,69.11,67.36,70.86
640.0,67.70,65.98,69.42
650.0,69.46,67.70,71.23
660.0,68.01,66.15,69.87
670.0,67.95,66.06,69.83
680.0,68.89,66.95,70.82
690.0,67.89,66.01,69.78
700.0,68.15,66.36,69.95
710.0,67.28,65.38,69.18
720.0,69.07,67.23,70.91
730.0,69.50,67.81,71.19
740.0,68.61,66.84,70.38
750.0,68.58,66.88,70.29
760.0,69.24,67.24,71.24
770.0,67.86,66.02,69.70
780.0,68.21,66.47,69.95
790.0,69.45,67.63,71.27
800.0,68.53,66.64,70.42
810.0,69.49,67.50,71.47
820.0,69.90,67.98,71.82
830.0,68.48,66.38,70.58
840.0,68.60,66.73,70.47
850.0,69.15,67.40,70.89
860.0,68.74,66.98,70.49
870.0,69.68,67.73,71.64
880.0,68.92,67.19,70.65
890.0,68.71,66.69,70.73
900.0,68.64,66.92,70.36
910.0,67.54,65.63,69.46
920.0,69.56,67.45,71.67
930.0,69.12,67.13,71.11
940.0,67.83,66.00,69.66
950.0,69.28,67.66,70.90
960.0,68.86,67.03,70.69
970.0,69.50,67.46,71.53
980.0,69.62,67.75,71.48
990.0,69.74,67.70,71.77
1000.0,69.35,67.54,71.16
1010.0,69.09,67.36,70.82
1020.0,69.69,67.79,71.59
1030.0,68.37,66.38,70.35
1040.0,69.28,67.45,71.11
1050.0,69.45,67.84,71.06
1060.0,69.61,67.83,71.40
1070.0,70.02,68.05,71.99
1080.0,68.43,66.60,70.26
1090.0,68.75,67.16,70.34
1100.0,67.76,66.06,69.46
1110.0,69.10,67.51,70.70
1120.0,68.39,66.48,70.29
1130.0,68.63,66.79,70.46
1140.0,68.83,66.93,70.73
1150.0,67.50,65.87,69.14
1160.0,68.09,66.28,69.91
1170.0,69.42,67.53,71.31
1180.0,68.05,66.42,69.69
1190.0,68.26,66.35,70.16
1200.0,69.42,67.85,70.98
1210.0,69.77,67.88,71.66
1220.0,67.63,65.76,69.50
1230.0,67.94,66.24,69.65
1240.0,70.28,68.46,72.10
1250.0,68.71,66.49,70.92
1260.0,67.88,66.15,69.62
1270.0,69.62,67.62,71.62
1280.0,67.95,66.31,69.58
1290.0,68.58,66.89,70.27
1300.0,69.23,67.34,71.13
1310.0,68.95,66.94,70.96
1320.0,68.82,66.75,70.89
1330.0,69.03,67.13,70.93
1340.0,67.92,66.08,69.76
1350.0,68.73,66.80,70.67
1360.0,69.20,67.41,70.98
1370.0,68.21,66.48,69.94
1380.0,67.52,65.52,69.51
1390.0,67.79,66.01,69.56
1400.0,68.00,66.11,69.88
1410.0,70.39,68.51,72.27
1420.0,70.43,68.45,72.41
1430.0,69.55,67.72,71.39
1440.0,67.28,65.58,68.97
1450.0,68.97,66.99,70.96
1460.0,69.51,67.61,71.41
1470.0,70.50,68.52,72.48
1480.0,68.54,66.57,70.51
1490.0,68.80,66.78,70.81
1500.0,68.58,66.78,70.39
1510.0,70.27,68.42,72.11
1520.0,69.99,68.13,71.86
1530.0,68.04,66.28,69.80
1540.0,70.10,68.14,72.05
1550.0,68.29,66.59,70.00
1560.0,68.35,66.44,70.26
1570.0,69.12,67.42,70.82
1580.0,69.87,68.00,71.73
1590.0,69.71,67.91,71.50
1600.0,68.68,66.89,70.48
1610.0,68.46,66.43,70.49
1620.0,67.84,66.24,69.44
1630.0,68.22,66.29,70.16
1640.0,69.56,67.73,71.39
1650.0,68.83,67.01,70.66
1660.0,69.61,67.88,71.35
1670.0,69.19,67.17,71.21
1680.0,68.74,66.94,70.54
1690.0,69.19,67.18,71.21
1700.0,68.42,66.72,70.11
1710.0,69.19,67.36,71.03
1720.0,68.21,66.48,69.95
1730.0,69.36,67.54,71.19
1740.0,69.21,67.47,70.95
1750.0,69.02,67.23,70.80
1760.0,69.16,67.17,71.15
1770.0,68.63,66.82,70.43
1780.0,68.69,66.81,70.57
1790.0,69.17,67.36,70.99
1800.0,69.48,67.71,71.25
1810.0,68.56,66.56,70.57
1820.0,69.46,67.62,71.30
1830.0,68.90,67.02,70.77
1840.0,68.76,66.93,70.58
1850.0,69.83,67.85,71.81
1860.0,67.77,65.83,69.72
1870.0,69.56,67.65,71.46
1880.0,69.32,67.39,71.26
1890.0,67.77,65.92,69.62
1900.0,68.45,66.33,70.56
1910.0,68.37,66.52,70.23
1920.0,69.99,67.91,72.08
1930.0,69.56,67.87,71.24
1940.0,67.96,66.25,69.67
1950.0,68.64,66.76,70.52
1960.0,68.87,67.03,70.70
1970.0,69.66,67.71,71.61
1980.0,68.35,66.61,70.08
1990.0,69.13,67.18,71.07
2000.0,68.91,67.26,70.55
2010.0,68.78,66.98,70.58
2020.0,68.66,66.75,70.56
2030.0,67.98,66.24,69.71
2040.0,69.74,68.16,71.31
2050.0,68.27,66.41,70.13
2060.0,68.44,66.53,70.34
2070.0,69.63,68.07,71.19
2080.0,67.99,66.23,69.76
2090.0,69.19,67.56,70.81
2100.0,69.26,67.48,71.03
2110.0,69.24,67.42,71.05
2120.0,68.74,66.86,70.62
2130.0,68.77,66.73,70.81
2140.0,69.94,67.86,72.02
2150.0,67.54,65.58,69.50
2160.0,69.30,67.36,71.23
2170.0,67.70,66.12,69.28
2180.0,68.33,66.64,70.01
2190.0,68.66,66.89,70.42
2200.0,70.81,69.15,72.46
2210.0,69.09,67.17,71.00
2220.0,70.02,68.05,71.99
2230.0,69.03,67.38,70.67
2240.0,69.18,67.35,71.02
2250.0,68.35,66.40,70.31
2260.0,68.01,66.24,69.78
2270.0,68.38,66.44,70.32
2280.0,69.23,67.68,70.78
2290.0,68.59,66.77,70.42
2300.0,70.44,68.55,72.33
2310.0,69.31,67.52,71.09
2320.0,68.92,67.22,70.63
2330.0,68.32,66.55,70.09
2340.0,68.45,66.50,70.40
2350.0,68.42,66.41,70.43
2360.0,70.22,68.57,71.88
2370.0,67.93,66.05,69.81
2380.0,68.27,66.57,69.97
2390.0,67.31,65.56,69.07
2400.0,69.24,67.45,71.02
2410.0,68.56,66.72,70.41
2420.0,67.89,65.98,69.80
2430.0,70.21,68.51,71.90
2440.0,68.59,67.00,70.17
2450.0,68.66,66.95,70.36
2460.0,68.41,66.55,70.26
2470.0,68.71,67.01,70.42
2480.0,68.48,66.54,70.43
2490.0,69.28,67.32,71.23
2500.0,67.96,66.07,69.84
