trial,mean,ci_down,ci_up
0.0,0.37,0.27,0.47
10.0,0.44,0.33,0.54
20.0,0.38,0.28,0.48
30.0,0.35,0.25,0.45
40.0,0.40,0.29,0.50
50.0,0.50,0.39,0.61
60.0,0.41,0.31,0.52
70.0,0.40,0.30,0.50
80.0,0.36,0.26,0.46
90.0,0.37,0.27,0.46
100.0,0.34,0.23,0.45
110.0,0.38,0.28,0.49
120.0,0.43,0.33,0.54
130.0,0.38,0.28,0.48
140.0,0.44,0.33,0.54
150.0,0.40,0.29,0.51
160.0,0.38,0.28,0.48
170.0,0.42,0.32,0.53
180.0,0.35,0.25,0.45
190.0,0.37,0.26,0.47
200.0,0.39,0.28,0.50
210.0,0.39,0.29,0.50
220.0,0.40,0.30,0.50
230.0,0.36,0.26,0.46
240.0,0.39,0.29,0.50
250.0,0.44,0.33,0.54
260.0,0.34,0.23,0.44
270.0,0.41,0.30,0.51
280.0,0.36,0.26,0.46
290.0,0.32,0.23,0.42
300.0,0.40,0.29,0.50
310.0,0.33,0.24,0.43
320.0,0.37,0.26,0.47
330.0,0.46,0.36,0.57
340.0,0.38,0.28,0.48
350.0,0.44,0.34,0.55
360.0,0.40,0.30,0.50
370.0,0.36,0.25,0.47
380.0,0.34,0.25,0.44
390.0,0.37,0.27,0.47
400.0,0.38,0.28,0.49
410.0,0.43,0.32,0.53
420.0,0.38,0.27,0.48
430.0,0.26,0.18,0.35
440.0,0.37,0.27,0.48
450.0,0.35,0.26,0.45
460.0,0.39,0.28,0.49
470.0,0.36,0.27,0.46
480.0,0.47,0.36,0.58
490.0,0.40,0.29,0.50
500.0,0.38,0.27,0.49
510.0,0.39,0.29,0.50
520.0,0.35,0.25,0.45
530.0,0.41,0.31,0.52
540.0,0.35,0.25,0.46
550.0,0.47,0.37,0.57
560.0,0.46,0.35,0.57
570.0,0.34,0.24,0.44
580.0,0.43,0.33,0.54
590.0,0.45,0.35,0.56
600.0,0.38,0.28,0.48
610.0,0.42,0.31,0.53
620.0,0.48,0.37,0.59
630.0,0.38,0.28,0.49
640.0,0.40,0.30,0.49
650.0,0.41,0.31,0.51
660.0,0.33,0.23,0.43
670.0,0.37,0.26,0.48
680.0,0.44,0.33,0.54
690.0,0.39,0.29,0.50
700.0,0.47,0.36,0.57
710.0,0.42,0.31,0.52
720.0,0.40,0.29,0.50
730.0,0.41,0.31,0.51
740.0,0.35,0.24,0.45
750.0,0.38,0.28,0.49
760.0,0.39,0.28,0.50
770.0,0.39,0.29,0.50
780.0,0.42,0.32,0.52
790.0,0.37,0.26,0.47
800.0,0.43,0.32,0.53
810.0,0.40,0.30,0.50
820.0,0.44,0.33,0.54
830.0,0.38,0.27,0.48
840.0,0.45,0.35,0.56
850.0,0.37,0.28,0.47
860.0,0.38,0.28,0.48
870.0,0.35,0.25,0.44
880.0,0.47,0.36,0.58
890.0,0.36,0.26,0.47
900.0,0.38,0.28,0.48
910.0,0.39,0.28,0.49
920.0,0.38,0.27,0.48
930.0,0.45,0.34,0.55
940.0,0.37,0.27,0.47
950.0,0.36,0.26,0.46
960.0,0.37,0.26,0.48
970.0,0.36,0.26,0.46
980.0,0.31,0.22,0.41
990.0,0.40,0.30,0.51
1000.0,0.39,0.30,0.49
1010.0,0.40,0.30,0.50
1020.0,0.45,0.34,0.55
1030.0,0.39,0.28,0.49
1040.0,0.46,0.36,0.56
1050.0,0.39,0.28,0.49
1060.0,0.41,0.31,0.52
1070.0,0.39,0.29,0.50
1080.0,0.38,0.28,0.48
1090.0,0.42,0.32,0.53
1100.0,0.46,0.36,0.56
1110.0,0.43,0.32,0.53
1120.0,0.46,0.36,0.57
1130.0,0.40,0.30,0.51
1140.0,0.39,0.29,0.49
1150.0,0.37,0.27,0.47
1160.0,0.43,0.32,0.53
1170.0,0.43,0.33,0.53
1180.0,0.47,0.36,0.57
1190.0,0.36,0.26,0.46
1200.0,0.38,0.27,0.49
1210.0,0.33,0.23,0.42
1220.0,0.33,0.23,0.43
1230.0,0.44,0.34,0.54
1240.0,0.37,0.26,0.47
1250.0,0.33,0.23,0.42
1260.0,0.39,0.29,0.49
1270.0,0.44,0.33,0.54
1280.0,0.46,0.35,0.56
1290.0,0.36,0.25,0.47
1300.0,0.43,0.32,0.54
1310.0,0.34,0.24,0.44
1320.0,0.42,0.32,0.53
1330.0,0.39,0.29,0.49
1340.0,0.42,0.32,0.52
1350.0,0.47,0.36,0.58
1360.0,0.39,0.29,0.49
1370.0,0.40,0.30,0.50
1380.0,0.41,0.31,0.52
1390.0,0.44,0.34,0.55
1400.0,0.37,0.26,0.47
1410.0,0.39,0.29,0.49
1420.0,0.45,0.34,0.56
1430.0,0.39,0.29,0.50
1440.0,0.40,0.30,0.50
1450.0,0.34,0.24,0.44
1460.0,0.43,0.32,0.54
1470.0,0.38,0.28,0.49
1480.0,0.38,0.28,0.48
1490.0,0.39,0.29,0.50
1500.0,0.35,0.25,0.45
1510.0,0.37,0.27,0.47
1520.0,0.36,0.25,0.46
1530.0,0.38,0.28,0.48
1540.0,0.42,0.32,0.52
1550.0,0.46,0.36,0.57
1560.0,0.51,0.41,0.62
1570.0,0.36,0.26,0.47
1580.0,0.46,0.36,0.56
1590.0,0.43,0.33,0.54
1600.0,0.41,0.31,0.52
1610.0,0.39,0.29,0.49
1620.0,0.38,0.28,0.48
1630.0,0.41,0.31,0.51
1640.0,0.37,0.26,0.47
1650.0,0.42,0.31,0.52
1660.0,0.35,0.25,0.46
1670.0,0.34,0.24,0.45
1680.0,0.39,0.29,0.50
1690.0,0.38,0.28,0.49
1700.0,0.40,0.30,0.51
1710.0,0.36,0.26,0.45
1720.0,0.37,0.27,0.47
1730.0,0.41,0.30,0.51
1740.0,0.41,0.31,0.52
1750.0,0.45,0.35,0.56
1760.0,0.37,0.27,0.48
1770.0,0.39,0.29,0.50
1780.0,0.44,0.34,0.55
1790.0,0.39,0.29,0.49
1800.0,0.37,0.27,0.47
1810.0,0.40,0.29,0.50
1820.0,0.40,0.29,0.50
1830.0,0.40,0.30,0.51
1840.0,0.42,0.32,0.53
1850.0,0.35,0.25,0.44
1860.0,0.39,0.28,0.50
1870.0,0.36,0.26,0.46
1880.0,0.40,0.30,0.51
1890.0,0.36,0.26,0.46
1900.0,0.41,0.31,0.52
1910.0,0.38,0.28,0.48
1920.0,0.40,0.30,0.50
1930.0,0.40,0.30,0.51
1940.0,0.41,0.32,0.51
1950.0,0.41,0.31,0.52
1960.0,0.39,0.29,0.50
1970.0,0.36,0.25,0.46
1980.0,0.37,0.27,0.46
1990.0,0.44,0.34,0.54
2000.0,0.41,0.30,0.51
2010.0,0.45,0.34,0.55
2020.0,0.32,0.23,0.42
2030.0,0.45,0.34,0.55
2040.0,0.36,0.25,0.46
2050.0,0.49,0.38,0.59
2060.0,0.38,0.28,0.48
2070.0,0.39,0.29,0.50
2080.0,0.46,0.35,0.56
2090.0,0.43,0.32,0.53
2100.0,0.36,0.26,0.46
2110.0,0.45,0.35,0.56
2120.0,0.32,0.23,0.41
2130.0,0.36,0.26,0.45
2140.0,0.42,0.31,0.52
2150.0,0.39,0.29,0.50
2160.0,0.40,0.30,0.50
2170.0,0.48,0.38,0.59
2180.0,0.41,0.30,0.52
2190.0,0.42,0.32,0.53
2200.0,0.40,0.29,0.50
2210.0,0.43,0.33,0.54
2220.0,0.38,0.27,0.49
2230.0,0.36,0.26,0.46
2240.0,0.40,0.30,0.51
2250.0,0.41,0.30,0.52
2260.0,0.50,0.39,0.61
2270.0,0.31,0.22,0.41
2280.0,0.45,0.34,0.55
2290.0,0.41,0.31,0.52
2300.0,0.37,0.27,0.48
2310.0,0.39,0.29,0.49
2320.0,0.41,0.31,0.52
2330.0,0.38,0.28,0.49
2340.0,0.37,0.27,0.47
2350.0,0.42,0.32,0.52
2360.0,0.42,0.31,0.53
2370.0,0.40,0.30,0.50
2380.0,0.42,0.32,0.53
2390.0,0.39,0.28,0.49
2400.0,0.33,0.23,0.43
2410.0,0.40,0.29,0.50
2420.0,0.42,0.32,0.53
2430.0,0.40,0.30,0.51
2440.0,0.42,0.31,0.52
2450.0,0.41,0.31,0.52
2460.0,0.38,0.27,0.48
2470.0,0.43,0.32,0.54
2480.0,0.34,0.24,0.45
2490.0,0.36,0.25,0.46
2500.0,0.40,0.29,0.50
