trial,mean,ci_down,ci_up
0.0,30.34,29.11,31.56
10.0,30.08,29.16,31.01
20.0,30.01,29.15,30.88
30.0,30.08,29.11,31.06
40.0,30.47,29.47,31.47
50.0,30.02,28.89,31.15
60.0,30.20,29.37,31.02
70.0,29.93,28.90,30.97
80.0,30.08,28.97,31.18
90.0,29.78,29.07,30.49
100.0,30.26,29.29,31.23
110.0,29.82,28.73,30.91
120.0,30.48,29.40,31.56
130.0,29.76,28.87,30.64
140.0,29.54,28.80,30.28
150.0,30.58,29.64,31.52
160.0,30.43,29.39,31.47
170.0,30.27,29.36,31.18
180.0,30.00,29.10,30.91
190.0,29.86,28.98,30.75
200.0,29.27,28.26,30.28
210.0,29.17,28.25,30.09
220.0,29.77,28.67,30.87
230.0,29.41,28.46,30.35
240.0,29.48,28.44,30.52
250.0,29.42,28.51,30.33
260.0,29.81,28.81,30.82
270.0,29.85,28.98,30.73
280.0,29.03,28.22,29.85
290.0,29.73,28.83,30.64
300.0,29.88,28.92,30.84
310.0,29.50,28.53,30.46
320.0,29.76,28.67,30.85
330.0,29.97,28.98,30.95
340.0,30.14,29.18,31.10
350.0,28.95,27.93,29.97
360.0,29.66,28.82,30.49
370.0,29.66,28.85,30.47
380.0,29.54,28.66,30.43
390.0,29.69,28.58,30.80
400.0,29.78,28.89,30.67
410.0,29.85,28.81,30.89
420.0,29.95,28.89,31.01
430.0,29.17,28.29,30.06
440.0,30.15,29.28,31.03
450.0,30.17,29.23,31.11
460.0,29.40,28.47,30.33
470.0,30.15,28.95,31.36
480.0,29.95,28.85,31.04
490.0,29.85,28.87,30.83
500.0,29.97,29.01,30.93
510.0,29.71,28.77,30.66
520.0,29.58,28.73,30.42
530.0,30.07,28.90,31.23
540.0,29.92,28.96,30.88
550.0,29.67,28.94,30.40
560.0,29.57,28.61,30.53
570.0,29.45,28.44,30.47
580.0,30.35,29.28,31.43
590.0,29.94,28.82,31.05
600.0,29.49,28.37,30.62
610.0,29.51,28.56,30.46
620.0,29.31,28.20,30.42
630.0,30.03,28.95,31.11
640.0,29.73,28.83,30.63
650.0,30.20,29.28,31.12
660.0,29.73,28.73,30.74
670.0,29.84,28.77,30.90
680.0,29.99,29.04,30.94
690.0,30.03,29.17,30.89
700.0,30.30,29.26,31.34
710.0,29.86,28.75,30.98
720.0,29.86,28.81,30.92
730.0,30.62,29.52,31.72
740.0,29.76,28.84,30.67
750.0,30.08,29.20,30.97
760.0,30.22,29.22,31.21
770.0,30.80,29.59,32.01
780.0,30.11,29.06,31.16
790.0,29.81,29.01,30.62
800.0,30.13,29.05,31.22
810.0,30.07,29.25,30.89
820.0,30.53,29.39,31.66
830.0,29.86,28.73,31.00
840.0,30.32,29.24,31.39
850.0,30.90,29.88,31.93
860.0,30.64,29.68,31.59
870.0,29.90,29.09,30.70
880.0,30.15,29.03,31.26
890.0,30.16,29.12,31.21
900.0,30.01,29.06,30.96
910.0,30.59,29.56,31.61
920.0,30.06,29.10,31.02
930.0,30.13,29.19,31.08
940.0,30.87,29.88,31.86
950.0,30.12,29.07,31.18
960.0,30.39,29.35,31.42
970.0,30.73,29.63,31.82
980.0,30.19,29.15,31.23
990.0,30.84,29.79,31.89
1000.0,30.56,29.50,31.61
1010.0,30.64,29.75,31.53
1020.0,30.91,29.94,31.89
1030.0,31.01,29.80,32.22
1040.0,30.99,30.12,31.85
1050.0,30.45,29.41,31.49
1060.0,30.89,29.92,31.86
1070.0,30.70,29.61,31.78
1080.0,30.43,29.38,31.48
1090.0,31.22,30.15,32.30
1100.0,30.57,29.60,31.54
1110.0,30.48,29.52,31.44
1120.0,31.15,30.00,32.31
1130.0,31.04,29.95,32.12
1140.0,31.37,30.07,32.68
1150.0,30.54,29.50,31.58
1160.0,30.56,29.59,31.53
1170.0,31.38,30.38,32.37
1180.0,30.83,29.71,31.94
1190.0,30.86,29.88,31.84
1200.0,30.82,29.83,31.82
1210.0,31.11,30.07,32.15
1220.0,31.06,30.01,32.11
1230.0,31.16,30.25,32.08
1240.0,30.70,29.79,31.61
1250.0,31.21,30.18,32.24
1260.0,31.39,30.18,32.60
1270.0,31.05,29.84,32.27
1280.0,31.18,30.23,32.13
1290.0,30.96,29.89,32.03
1300.0,31.32,30.39,32.26
1310.0,31.47,30.37,32.57
1320.0,31.18,30.17,32.20
1330.0,31.51,30.36,32.66
1340.0,31.49,30.51,32.47
1350.0,31.49,30.52,32.46
1360.0,30.99,29.92,32.05
1370.0,31.29,30.36,32.23
1380.0,31.74,30.74,32.73
1390.0,31.92,30.45,33.39
1400.0,32.17,31.16,33.17
1410.0,31.32,30.35,32.28
1420.0,31.82,30.49,33.14
1430.0,32.33,31.15,33.50
1440.0,31.48,30.27,32.70
1450.0,31.90,30.83,32.96
1460.0,32.21,31.22,33.20
1470.0,31.46,30.33,32.59
1480.0,32.07,31.01,33.13
1490.0,32.12,31.32,32.92
1500.0,31.18,30.03,32.33
1510.0,31.64,30.32,32.95
1520.0,31.85,30.84,32.86
1530.0,31.52,30.39,32.65
1540.0,31.51,30.44,32.58
1550.0,31.57,30.64,32.50
1560.0,32.01,30.79,33.22
1570.0,32.09,31.00,33.18
1580.0,32.13,31.14,33.12
1590.0,31.85,30.80,32.89
1600.0,31.66,30.59,32.72
1610.0,31.43,30.47,32.38
1620.0,32.20,31.12,33.28
1630.0,31.18,30.43,31.93
1640.0,31.91,30.80,33.03
1650.0,32.19,31.10,33.28
1660.0,30.90,30.08,31.73
1670.0,31.91,30.95,32.86
1680.0,31.75,30.71,32.79
1690.0,31.49,30.31,32.68
1700.0,31.93,30.98,32.89
1710.0,31.73,30.69,32.78
1720.0,31.69,30.65,32.73
1730.0,32.16,31.10,33.22
1740.0,32.30,31.13,33.46
1750.0,32.06,31.06,33.05
1760.0,31.34,30.38,32.29
1770.0,31.83,30.83,32.83
1780.0,32.18,31.05,33.30
1790.0,33.20,32.21,34.18
1800.0,31.77,30.76,32.79
1810.0,32.30,31.21,33.40
1820.0,32.09,30.96,33.21
1830.0,31.88,30.83,32.93
1840.0,31.98,30.80,33.16
1850.0,32.07,31.13,33.00
1860.0,32.05,31.03,33.06
1870.0,31.90,30.90,32.91
1880.0,32.20,31.11,33.28
1890.0,31.79,30.71,32.87
1900.0,32.24,31.19,33.30
1910.0,32.56,31.34,33.77
1920.0,32.74,31.61,33.87
1930.0,32.22,31.36,33.09
1940.0,31.97,30.93,33.01
1950.0,31.34,30.34,32.33
1960.0,32.25,31.25,33.25
1970.0,32.44,31.27,33.61
1980.0,32.01,30.88,33.13
1990.0,32.85,31.70,34.00
2000.0,31.84,30.86,32.83
2010.0,32.90,31.99,33.81
2020.0,32.26,31.06,33.46
2030.0,32.11,31.20,33.02
2040.0,32.65,31.50,33.79
2050.0,32.30,31.31,33.28
2060.0,32.53,31.43,33.62
2070.0,32.82,31.58,34.06
2080.0,32.05,31.21,32.89
2090.0,32.26,31.23,33.28
2100.0,32.59,31.59,33.60
2110.0,32.37,31.44,33.31
2120.0,32.84,31.73,33.95
2130.0,33.01,31.68,34.35
2140.0,32.65,31.70,33.61
2150.0,31.95,30.78,33.13
2160.0,32.99,32.03,33.95
2170.0,32.93,31.76,34.09
2180.0,32.28,31.16,33.40
2190.0,33.56,32.24,34.88
2200.0,32.57,31.64,33.49
2210.0,32.46,31.27,33.65
2220.0,32.88,31.66,34.11
2230.0,32.81,31.89,33.73
2240.0,32.98,31.94,34.03
2250.0,32.53,31.44,33.61
2260.0,33.51,32.60,34.43
2270.0,32.66,31.68,33.63
2280.0,32.64,31.53,33.75
2290.0,31.99,30.94,33.04
2300.0,33.24,32.22,34.27
2310.0,32.75,31.62,33.88
2320.0,32.59,31.41,33.77
2330.0,33.08,32.15,34.01
2340.0,33.03,31.93,34.14
2350.0,32.87,31.75,34.00
2360.0,33.58,32.60,34.56
2370.0,33.81,32.58,35.05
2380.0,33.37,32.39,34.34
2390.0,32.79,31.75,33.83
2400.0,33.24,32.11,34.37
2410.0,33.34,32.07,34.60
2420.0,33.27,32.26,34.29
2430.0,33.18,31.90,34.46
2440.0,32.66,31.59,33.73
2450.0,33.63,32.72,34.53
2460.0,33.63,32.45,34.81
2470.0,33.04,31.89,34.20
2480.0,33.34,32.12,34.56
2490.0,32.36,31.26,33.47
2500.0,32.79,31.67,33.91
2510.0,32.58,31.33,33.83
2520.0,33.52,32.27,34.78
2530.0,33.33,32.31,34.35
2540.0,32.84,31.54,34.13
2550.0,32.95,31.89,34.02
2560.0,32.51,31.57,33.44
2570.0,33.40,32.26,34.55
2580.0,33.57,32.50,34.63
2590.0,33.08,31.92,34.24
2600.0,32.74,31.70,33.78
2610.0,32.85,31.74,33.95
2620.0,33.12,32.08,34.15
2630.0,33.14,32.15,34.12
2640.0,33.17,32.17,34.17
2650.0,33.61,32.42,34.79
2660.0,33.06,31.95,34.18
2670.0,33.26,32.06,34.45
2680.0,32.95,31.84,34.05
2690.0,33.17,32.10,34.25
2700.0,33.62,32.53,34.70
2710.0,32.90,31.83,33.96
2720.0,33.10,32.02,34.19
2730.0,32.42,31.37,33.48
2740.0,33.29,32.20,34.37
2750.0,33.05,32.11,34.00
2760.0,33.03,31.91,34.14
2770.0,32.97,31.92,34.01
2780.0,33.36,32.15,34.56
2790.0,33.44,32.26,34.62
2800.0,32.70,31.46,33.95
2810.0,33.59,32.51,34.68
2820.0,33.32,31.98,34.65
2830.0,33.43,32.41,34.46
2840.0,32.34,31.19,33.48
2850.0,32.63,31.46,33.80
2860.0,33.65,32.57,34.72
2870.0,32.66,31.47,33.84
2880.0,33.07,32.03,34.10
2890.0,33.23,32.04,34.42
2900.0,33.12,32.11,34.13
2910.0,33.10,32.05,34.15
2920.0,33.32,32.22,34.41
2930.0,33.71,32.78,34.64
2940.0,31.97,30.97,32.97
2950.0,33.26,32.26,34.26
2960.0,33.44,32.22,34.66
2970.0,33.20,32.11,34.28
2980.0,33.13,32.04,34.21
2990.0,33.27,32.23,34.32
3000.0,33.26,32.11,34.42
3010.0,33.37,32.28,34.46
3020.0,34.21,33.13,35.30
3030.0,33.15,32.08,34.21
3040.0,33.56,32.52,34.59
3050.0,33.45,32.28,34.62
3060.0,33.26,32.18,34.33
3070.0,33.94,32.92,34.96
3080.0,33.75,32.52,34.98
3090.0,33.53,32.62,34.45
3100.0,33.09,32.24,33.95
3110.0,33.23,32.00,34.46
3120.0,34.08,33.01,35.14
3130.0,33.85,32.85,34.86
3140.0,33.30,32.24,34.35
3150.0,33.97,33.03,34.92
3160.0,33.25,32.22,34.27
3170.0,34.03,32.75,35.31
3180.0,33.34,32.45,34.24
3190.0,33.15,32.13,34.18
3200.0,34.10,32.79,35.41
3210.0,33.12,32.13,34.11
3220.0,33.25,32.03,34.47
3230.0,34.05,33.08,35.02
3240.0,33.77,32.72,34.83
3250.0,33.53,32.41,34.65
3260.0,32.84,31.68,33.99
3270.0,33.56,32.61,34.52
3280.0,33.57,32.40,34.74
3290.0,33.84,32.91,34.77
3300.0,33.89,32.90,34.88
3310.0,34.34,33.19,35.48
3320.0,32.76,31.70,33.81
3330.0,33.92,32.84,35.00
3340.0,34.11,33.00,35.22
3350.0,33.33,32.49,34.17
3360.0,34.26,33.14,35.38
3370.0,33.70,32.48,34.91
3380.0,33.12,31.93,34.30
3390.0,33.64,32.66,34.61
3400.0,33.74,32.51,34.97
3410.0,33.83,32.80,34.86
3420.0,33.51,32.38,34.64
3430.0,33.59,32.43,34.74
3440.0,33.84,32.71,34.97
3450.0,33.78,32.71,34.85
3460.0,33.79,32.77,34.81
3470.0,34.19,33.20,35.18
3480.0,34.16,32.83,35.48
3490.0,33.87,32.69,35.04
3500.0,33.71,32.48,34.95
3510.0,33.41,32.39,34.43
3520.0,33.44,32.27,34.61
3530.0,33.94,32.80,35.07
3540.0,33.65,32.58,34.72
3550.0,33.29,32.13,34.45
3560.0,33.81,32.86,34.77
3570.0,33.86,32.77,34.94
3580.0,34.01,32.67,35.34
3590.0,34.19,33.10,35.28
3600.0,34.10,33.00,35.20
3610.0,33.66,32.36,34.95
3620.0,33.74,32.68,34.80
3630.0,34.36,33.41,35.30
3640.0,34.08,33.10,35.06
3650.0,33.96,32.84,35.08
3660.0,33.75,32.69,34.82
3670.0,33.63,32.50,34.77
3680.0,33.88,32.88,34.89
3690.0,34.30,33.11,35.49
3700.0,33.82,32.59,35.04
3710.0,34.14,33.06,35.21
3720.0,33.82,32.76,34.87
3730.0,34.13,33.12,35.13
3740.0,34.16,33.06,35.26
3750.0,35.00,33.87,36.13
3760.0,33.87,32.94,34.80
3770.0,33.63,32.55,34.71
3780.0,33.40,32.32,34.47
3790.0,33.89,32.80,34.99
3800.0,34.38,33.13,35.64
3810.0,33.78,32.80,34.76
3820.0,34.16,33.00,35.33
3830.0,34.12,33.03,35.21
3840.0,34.61,33.65,35.57
3850.0,33.55,32.42,34.68
3860.0,34.30,33.26,35.35
3870.0,34.36,33.33,35.40
3880.0,34.14,33.08,35.20
3890.0,33.74,32.39,35.09
3900.0,34.06,33.06,35.07
3910.0,33.76,32.52,35.00
3920.0,34.10,33.15,35.06
3930.0,33.37,32.26,34.47
3940.0,34.48,33.45,35.52
3950.0,33.84,32.92,34.77
3960.0,34.06,32.92,35.20
3970.0,34.08,32.92,35.24
3980.0,34.96,33.81,36.11
3990.0,33.83,32.70,34.96
4000.0,34.17,32.97,35.38
4010.0,34.77,33.48,36.06
4020.0,34.03,32.94,35.11
4030.0,33.48,32.43,34.52
4040.0,33.94,32.87,35.01
4050.0,34.44,33.28,35.59
4060.0,33.85,32.73,34.98
4070.0,34.15,33.01,35.30
4080.0,34.24,32.88,35.59
4090.0,33.76,32.46,35.05
4100.0,34.13,33.03,35.24
4110.0,33.69,32.55,34.84
4120.0,34.25,33.07,35.43
4130.0,34.09,33.13,35.05
4140.0,34.14,32.93,35.35
4150.0,34.15,33.09,35.21
4160.0,34.55,33.36,35.74
4170.0,34.22,33.10,35.34
4180.0,34.50,33.41,35.59
4190.0,34.28,33.08,35.47
4200.0,34.62,33.36,35.88
4210.0,34.72,33.52,35.92
4220.0,33.57,32.55,34.59
4230.0,33.52,32.53,34.52
4240.0,34.08,33.13,35.04
4250.0,34.34,33.12,35.55
4260.0,33.87,32.79,34.95
4270.0,34.34,33.09,35.60
4280.0,34.76,33.53,35.98
4290.0,34.65,33.53,35.77
4300.0,34.15,32.95,35.34
4310.0,34.74,33.60,35.88
4320.0,34.69,33.58,35.79
4330.0,34.48,33.34,35.61
4340.0,34.47,33.48,35.45
4350.0,34.71,33.46,35.97
4360.0,34.00,32.84,35.17
4370.0,33.96,32.81,35.11
4380.0,33.58,32.44,34.71
4390.0,34.71,33.54,35.87
4400.0,33.67,32.53,34.80
4410.0,34.34,33.11,35.58
4420.0,33.82,32.84,34.79
4430.0,34.10,33.12,35.09
4440.0,34.27,32.92,35.61
4450.0,33.92,32.88,34.96
4460.0,34.45,33.28,35.62
4470.0,33.89,33.04,34.73
4480.0,33.69,32.65,34.72
4490.0,34.34,33.28,35.41
4500.0,34.48,33.34,35.61
