trial,mean,ci_down,ci_up
0.0,0.13,0.08,0.17
10.0,0.11,0.08,0.15
20.0,0.12,0.07,0.16
30.0,0.11,0.08,0.15
40.0,0.13,0.09,0.17
50.0,0.10,0.06,0.14
60.0,0.15,0.11,0.19
70.0,0.11,0.07,0.15
80.0,0.13,0.09,0.18
90.0,0.10,0.06,0.14
100.0,0.13,0.08,0.17
110.0,0.11,0.07,0.14
120.0,0.10,0.07,0.14
130.0,0.14,0.10,0.19
140.0,0.12,0.08,0.15
150.0,0.12,0.08,0.16
160.0,0.11,0.07,0.14
170.0,0.12,0.08,0.16
180.0,0.10,0.06,0.13
190.0,0.14,0.10,0.18
200.0,0.13,0.08,0.18
210.0,0.13,0.09,0.18
220.0,0.11,0.08,0.15
230.0,0.13,0.09,0.18
240.0,0.13,0.09,0.17
250.0,0.10,0.06,0.13
260.0,0.11,0.07,0.14
270.0,0.13,0.09,0.18
280.0,0.13,0.09,0.17
290.0,0.10,0.06,0.13
300.0,0.09,0.05,0.13
310.0,0.11,0.07,0.15
320.0,0.11,0.08,0.15
330.0,0.12,0.08,0.15
340.0,0.13,0.10,0.17
350.0,0.16,0.12,0.20
360.0,0.13,0.08,0.18
370.0,0.10,0.06,0.14
380.0,0.13,0.09,0.17
390.0,0.12,0.08,0.16
400.0,0.10,0.06,0.13
410.0,0.10,0.06,0.14
420.0,0.09,0.06,0.13
430.0,0.12,0.08,0.16
440.0,0.14,0.10,0.18
450.0,0.12,0.08,0.15
460.0,0.11,0.07,0.15
470.0,0.11,0.07,0.15
480.0,0.12,0.08,0.15
490.0,0.10,0.07,0.14
500.0,0.12,0.09,0.16
510.0,0.12,0.09,0.16
520.0,0.11,0.07,0.14
530.0,0.09,0.05,0.13
540.0,0.13,0.09,0.17
550.0,0.11,0.07,0.16
560.0,0.10,0.06,0.14
570.0,0.12,0.08,0.16
580.0,0.12,0.08,0.15
590.0,0.09,0.05,0.13
600.0,0.12,0.08,0.16
610.0,0.13,0.09,0.16
620.0,0.10,0.06,0.14
630.0,0.09,0.05,0.13
640.0,0.09,0.06,0.12
650.0,0.08,0.05,0.12
660.0,0.14,0.09,0.18
670.0,0.11,0.07,0.15
680.0,0.11,0.08,0.15
690.0,0.11,0.07,0.14
700.0,0.10,0.06,0.13
710.0,0.11,0.07,0.15
720.0,0.11,0.07,0.14
730.0,0.11,0.07,0.15
740.0,0.13,0.09,0.16
750.0,0.13,0.09,0.17
760.0,0.12,0.08,0.16
770.0,0.13,0.09,0.17
780.0,0.12,0.08,0.16
790.0,0.10,0.07,0.14
800.0,0.12,0.08,0.16
810.0,0.10,0.06,0.13
820.0,0.13,0.09,0.16
830.0,0.11,0.07,0.15
840.0,0.12,0.09,0.16
850.0,0.11,0.07,0.15
860.0,0.09,0.05,0.13
870.0,0.12,0.08,0.15
880.0,0.12,0.08,0.16
890.0,0.11,0.07,0.15
900.0,0.11,0.08,0.15
910.0,0.11,0.06,0.15
920.0,0.12,0.08,0.16
930.0,0.12,0.08,0.16
940.0,0.10,0.06,0.13
950.0,0.11,0.07,0.14
960.0,0.10,0.06,0.13
970.0,0.11,0.08,0.15
980.0,0.11,0.06,0.15
990.0,0.09,0.06,0.13
1000.0,0.11,0.07,0.14
1010.0,0.11,0.07,0.15
1020.0,0.10,0.06,0.14
1030.0,0.09,0.06,0.13
1040.0,0.10,0.07,0.14
1050.0,0.11,0.07,0.15
1060.0,0.11,0.07,0.16
1070.0,0.11,0.07,0.15
1080.0,0.11,0.07,0.15
1090.0,0.11,0.08,0.15
1100.0,0.12,0.08,0.16
1110.0,0.10,0.06,0.14
1120.0,0.10,0.06,0.14
1130.0,0.10,0.07,0.14
1140.0,0.10,0.07,0.14
1150.0,0.08,0.04,0.11
1160.0,0.12,0.09,0.16
1170.0,0.10,0.06,0.14
1180.0,0.12,0.07,0.16
1190.0,0.10,0.07,0.14
1200.0,0.10,0.06,0.13
1210.0,0.12,0.08,0.15
1220.0,0.11,0.07,0.15
1230.0,0.13,0.09,0.17
1240.0,0.10,0.06,0.14
1250.0,0.09,0.06,0.12
1260.0,0.10,0.06,0.13
1270.0,0.11,0.07,0.15
1280.0,0.12,0.08,0.16
1290.0,0.11,0.08,0.15
1300.0,0.11,0.07,0.14
1310.0,0.08,0.05,0.11
1320.0,0.11,0.08,0.14
1330.0,0.11,0.07,0.14
1340.0,0.10,0.06,0.14
1350.0,0.11,0.08,0.14
1360.0,0.11,0.07,0.14
1370.0,0.10,0.06,0.13
1380.0,0.11,0.08,0.15
1390.0,0.13,0.09,0.17
1400.0,0.12,0.08,0.16
1410.0,0.11,0.07,0.15
1420.0,0.12,0.09,0.16
1430.0,0.14,0.10,0.18
1440.0,0.09,0.06,0.12
1450.0,0.11,0.08,0.14
1460.0,0.11,0.08,0.15
1470.0,0.11,0.07,0.15
1480.0,0.11,0.07,0.15
1490.0,0.10,0.06,0.14
1500.0,0.13,0.09,0.17
1510.0,0.08,0.05,0.12
1520.0,0.10,0.07,0.13
1530.0,0.12,0.08,0.16
1540.0,0.10,0.06,0.13
1550.0,0.08,0.05,0.11
1560.0,0.10,0.06,0.14
1570.0,0.08,0.05,0.11
1580.0,0.10,0.06,0.14
1590.0,0.09,0.05,0.12
1600.0,0.10,0.06,0.13
1610.0,0.09,0.05,0.12
1620.0,0.10,0.07,0.14
1630.0,0.10,0.07,0.14
1640.0,0.10,0.06,0.14
1650.0,0.10,0.06,0.14
1660.0,0.11,0.07,0.14
1670.0,0.09,0.06,0.13
1680.0,0.12,0.08,0.16
1690.0,0.08,0.05,0.12
1700.0,0.12,0.08,0.17
1710.0,0.11,0.08,0.15
1720.0,0.11,0.07,0.15
1730.0,0.09,0.06,0.13
1740.0,0.10,0.06,0.13
1750.0,0.10,0.07,0.14
1760.0,0.11,0.08,0.15
1770.0,0.10,0.06,0.13
1780.0,0.09,0.06,0.12
1790.0,0.10,0.07,0.14
1800.0,0.10,0.07,0.14
1810.0,0.09,0.06,0.12
1820.0,0.10,0.06,0.13
1830.0,0.11,0.07,0.15
1840.0,0.11,0.07,0.15
1850.0,0.12,0.08,0.15
1860.0,0.11,0.07,0.15
1870.0,0.10,0.07,0.14
1880.0,0.09,0.06,0.12
1890.0,0.11,0.07,0.14
1900.0,0.08,0.05,0.10
1910.0,0.11,0.08,0.15
1920.0,0.10,0.06,0.13
1930.0,0.10,0.06,0.13
1940.0,0.11,0.07,0.14
1950.0,0.12,0.09,0.16
1960.0,0.13,0.10,0.16
1970.0,0.10,0.07,0.14
1980.0,0.09,0.06,0.12
1990.0,0.10,0.06,0.13
2000.0,0.10,0.07,0.13
2010.0,0.09,0.05,0.12
2020.0,0.08,0.05,0.11
2030.0,0.08,0.05,0.12
2040.0,0.10,0.06,0.13
2050.0,0.11,0.07,0.15
2060.0,0.11,0.07,0.14
2070.0,0.10,0.06,0.13
2080.0,0.10,0.06,0.13
2090.0,0.12,0.08,0.16
2100.0,0.12,0.08,0.16
2110.0,0.10,0.07,0.12
2120.0,0.10,0.06,0.14
2130.0,0.11,0.07,0.16
2140.0,0.09,0.06,0.13
2150.0,0.11,0.07,0.15
2160.0,0.10,0.07,0.14
2170.0,0.10,0.06,0.13
2180.0,0.08,0.05,0.11
2190.0,0.09,0.06,0.13
2200.0,0.11,0.07,0.14
2210.0,0.10,0.07,0.14
2220.0,0.08,0.05,0.11
2230.0,0.09,0.05,0.12
2240.0,0.10,0.06,0.14
2250.0,0.10,0.07,0.13
2260.0,0.09,0.06,0.13
2270.0,0.10,0.06,0.14
2280.0,0.13,0.09,0.17
2290.0,0.09,0.06,0.13
2300.0,0.10,0.06,0.13
2310.0,0.10,0.06,0.14
2320.0,0.11,0.07,0.15
2330.0,0.08,0.05,0.11
2340.0,0.10,0.06,0.13
2350.0,0.10,0.07,0.14
2360.0,0.10,0.06,0.14
2370.0,0.11,0.07,0.15
2380.0,0.09,0.05,0.12
2390.0,0.09,0.06,0.12
2400.0,0.10,0.06,0.13
2410.0,0.10,0.07,0.13
2420.0,0.10,0.07,0.13
2430.0,0.10,0.07,0.14
2440.0,0.09,0.05,0.12
2450.0,0.11,0.07,0.14
2460.0,0.09,0.05,0.13
2470.0,0.10,0.06,0.13
2480.0,0.09,0.06,0.13
2490.0,0.10,0.06,0.13
2500.0,0.09,0.05,0.13
2510.0,0.09,0.05,0.12
2520.0,0.11,0.07,0.15
2530.0,0.10,0.06,0.14
2540.0,0.10,0.07,0.13
2550.0,0.10,0.06,0.14
2560.0,0.10,0.06,0.14
2570.0,0.09,0.06,0.12
2580.0,0.08,0.05,0.12
2590.0,0.09,0.06,0.12
2600.0,0.11,0.07,0.15
2610.0,0.08,0.05,0.12
2620.0,0.08,0.05,0.12
2630.0,0.08,0.05,0.12
2640.0,0.09,0.06,0.13
2650.0,0.10,0.06,0.13
2660.0,0.10,0.06,0.13
2670.0,0.09,0.06,0.13
2680.0,0.11,0.08,0.14
2690.0,0.09,0.06,0.12
2700.0,0.11,0.07,0.14
2710.0,0.11,0.07,0.14
2720.0,0.14,0.10,0.18
2730.0,0.10,0.06,0.14
2740.0,0.09,0.06,0.12
2750.0,0.09,0.04,0.13
2760.0,0.08,0.05,0.12
2770.0,0.10,0.06,0.14
2780.0,0.08,0.05,0.12
2790.0,0.11,0.06,0.15
2800.0,0.08,0.05,0.11
2810.0,0.10,0.07,0.13
2820.0,0.09,0.06,0.13
2830.0,0.08,0.05,0.12
2840.0,0.08,0.05,0.11
2850.0,0.06,0.04,0.09
2860.0,0.09,0.05,0.12
2870.0,0.11,0.07,0.15
2880.0,0.09,0.06,0.12
2890.0,0.09,0.06,0.13
2900.0,0.08,0.05,0.11
2910.0,0.10,0.06,0.14
2920.0,0.09,0.05,0.13
2930.0,0.09,0.05,0.12
2940.0,0.08,0.05,0.11
2950.0,0.10,0.06,0.14
2960.0,0.09,0.05,0.12
2970.0,0.09,0.06,0.12
2980.0,0.10,0.06,0.13
2990.0,0.10,0.07,0.14
3000.0,0.10,0.06,0.14
3010.0,0.12,0.08,0.16
3020.0,0.09,0.05,0.13
3030.0,0.11,0.08,0.15
3040.0,0.10,0.07,0.14
3050.0,0.09,0.05,0.13
3060.0,0.10,0.07,0.14
3070.0,0.11,0.07,0.15
3080.0,0.11,0.06,0.15
3090.0,0.09,0.06,0.12
3100.0,0.09,0.06,0.12
3110.0,0.08,0.05,0.11
3120.0,0.09,0.06,0.13
3130.0,0.09,0.05,0.12
3140.0,0.11,0.08,0.15
3150.0,0.10,0.06,0.14
3160.0,0.10,0.07,0.14
3170.0,0.12,0.08,0.15
3180.0,0.11,0.07,0.15
3190.0,0.10,0.06,0.13
3200.0,0.11,0.08,0.15
3210.0,0.09,0.05,0.12
3220.0,0.12,0.07,0.16
3230.0,0.07,0.04,0.10
3240.0,0.10,0.07,0.14
3250.0,0.10,0.06,0.14
3260.0,0.07,0.04,0.10
3270.0,0.08,0.05,0.12
3280.0,0.09,0.06,0.13
3290.0,0.08,0.05,0.10
3300.0,0.09,0.06,0.13
3310.0,0.09,0.06,0.12
3320.0,0.07,0.04,0.11
3330.0,0.07,0.04,0.10
3340.0,0.10,0.07,0.14
3350.0,0.10,0.06,0.14
3360.0,0.10,0.07,0.13
3370.0,0.10,0.06,0.13
3380.0,0.09,0.06,0.13
3390.0,0.07,0.04,0.10
3400.0,0.09,0.05,0.12
3410.0,0.11,0.07,0.15
3420.0,0.10,0.06,0.14
3430.0,0.10,0.06,0.13
3440.0,0.11,0.07,0.15
3450.0,0.09,0.05,0.12
3460.0,0.09,0.06,0.12
3470.0,0.11,0.07,0.15
3480.0,0.08,0.05,0.12
3490.0,0.10,0.06,0.13
3500.0,0.11,0.07,0.15
3510.0,0.09,0.05,0.13
3520.0,0.12,0.09,0.16
3530.0,0.08,0.05,0.11
3540.0,0.10,0.07,0.14
3550.0,0.11,0.07,0.15
3560.0,0.07,0.04,0.11
3570.0,0.07,0.04,0.10
3580.0,0.09,0.06,0.13
3590.0,0.08,0.05,0.12
3600.0,0.08,0.04,0.11
3610.0,0.10,0.06,0.13
3620.0,0.11,0.07,0.15
3630.0,0.10,0.06,0.14
3640.0,0.11,0.07,0.15
3650.0,0.09,0.05,0.13
3660.0,0.10,0.06,0.14
3670.0,0.09,0.05,0.12
3680.0,0.12,0.08,0.17
3690.0,0.08,0.05,0.12
3700.0,0.07,0.04,0.11
3710.0,0.09,0.06,0.13
3720.0,0.09,0.05,0.12
3730.0,0.09,0.06,0.12
3740.0,0.07,0.04,0.10
3750.0,0.10,0.07,0.14
3760.0,0.10,0.06,0.14
3770.0,0.10,0.06,0.14
3780.0,0.08,0.05,0.11
3790.0,0.08,0.04,0.11
3800.0,0.09,0.06,0.12
3810.0,0.08,0.05,0.12
3820.0,0.10,0.06,0.13
3830.0,0.08,0.05,0.11
3840.0,0.09,0.06,0.13
3850.0,0.10,0.06,0.14
3860.0,0.09,0.05,0.13
3870.0,0.07,0.04,0.11
3880.0,0.06,0.03,0.09
3890.0,0.12,0.07,0.16
3900.0,0.07,0.04,0.10
3910.0,0.09,0.05,0.13
3920.0,0.10,0.06,0.14
3930.0,0.10,0.06,0.14
3940.0,0.09,0.06,0.12
3950.0,0.10,0.07,0.13
3960.0,0.10,0.06,0.14
3970.0,0.10,0.06,0.13
3980.0,0.09,0.06,0.12
3990.0,0.10,0.06,0.13
4000.0,0.11,0.07,0.15
4010.0,0.09,0.06,0.13
4020.0,0.09,0.05,0.12
4030.0,0.09,0.05,0.13
4040.0,0.09,0.06,0.13
4050.0,0.09,0.06,0.12
4060.0,0.10,0.06,0.13
4070.0,0.09,0.06,0.13
4080.0,0.12,0.07,0.16
4090.0,0.08,0.05,0.11
4100.0,0.07,0.04,0.11
4110.0,0.11,0.07,0.15
4120.0,0.06,0.04,0.09
4130.0,0.11,0.08,0.15
4140.0,0.08,0.05,0.11
4150.0,0.09,0.06,0.12
4160.0,0.08,0.04,0.11
4170.0,0.10,0.06,0.14
4180.0,0.08,0.05,0.10
4190.0,0.12,0.08,0.15
4200.0,0.07,0.04,0.11
4210.0,0.08,0.05,0.11
4220.0,0.09,0.06,0.12
4230.0,0.09,0.06,0.13
4240.0,0.10,0.06,0.14
4250.0,0.09,0.05,0.12
4260.0,0.10,0.06,0.14
4270.0,0.10,0.06,0.13
4280.0,0.08,0.05,0.12
4290.0,0.09,0.06,0.13
4300.0,0.08,0.05,0.12
4310.0,0.11,0.07,0.14
4320.0,0.11,0.07,0.14
4330.0,0.09,0.06,0.12
4340.0,0.11,0.07,0.14
4350.0,0.07,0.04,0.10
4360.0,0.10,0.07,0.14
4370.0,0.09,0.06,0.13
4380.0,0.10,0.07,0.13
4390.0,0.10,0.07,0.13
4400.0,0.10,0.07,0.14
4410.0,0.10,0.06,0.14
4420.0,0.09,0.06,0.12
4430.0,0.10,0.06,0.13
4440.0,0.08,0.04,0.12
4450.0,0.09,0.06,0.13
4460.0,0.09,0.06,0.13
4470.0,0.12,0.08,0.16
4480.0,0.09,0.05,0.12
4490.0,0.09,0.05,0.13
4500.0,0.09,0.05,0.12
