trial,mean,ci_down,ci_up
0.0,70.38,-134.91,275.68
10.0,71.79,-490.30,633.88
20.0,79.78,-284.66,444.21
30.0,83.28,-29.72,196.27
40.0,80.98,-176.19,338.15
50.0,88.05,25.67,150.43
60.0,88.94,-78.80,256.67
70.0,87.45,-333.32,508.22
80.0,78.78,58.10,99.47
90.0,76.12,-210.97,363.21
100.0,79.18,-104.47,262.82
110.0,74.08,-86.02,234.17
120.0,74.04,-207.96,356.04
130.0,69.63,-147.75,287.02
140.0,71.53,-230.53,373.58
150.0,74.42,27.31,121.53
160.0,77.59,-421.48,576.66
170.0,72.14,-23.98,168.26
180.0,77.55,27.90,127.20
190.0,66.94,-337.60,471.47
200.0,67.90,35.75,100.04
210.0,80.44,-456.19,617.07
220.0,70.88,28.23,113.53
230.0,73.01,-58.12,204.14
240.0,69.21,-159.32,297.74
250.0,73.12,63.88,82.35
260.0,71.88,22.54,121.21
270.0,68.91,-155.80,293.62
280.0,68.44,-63.65,200.52
290.0,71.38,44.97,97.80
300.0,76.94,-260.44,414.32
310.0,73.45,-452.35,599.25
320.0,73.36,6.83,139.88
330.0,66.40,-6.17,138.97
340.0,68.22,-179.09,315.52
350.0,72.30,-456.05,600.65
360.0,71.23,-37.30,179.77
370.0,80.78,-148.71,310.26
380.0,66.80,-194.19,327.79
390.0,68.79,-362.17,499.75
400.0,68.34,29.19,107.48
410.0,72.57,-97.39,242.53
420.0,69.94,49.26,90.63
430.0,76.27,-40.55,193.08
440.0,68.61,-150.37,287.59
450.0,74.76,-241.61,391.13
460.0,73.42,28.86,117.98
470.0,74.62,-268.81,418.04
480.0,68.82,-163.53,301.17
490.0,67.52,-419.14,554.17
500.0,74.00,-225.19,373.19
510.0,68.36,-555.48,692.20
520.0,63.69,-201.76,329.14
530.0,64.22,-98.10,226.54
540.0,63.60,-50.35,177.55
550.0,69.42,-13.33,152.17
560.0,75.17,64.04,86.31
570.0,74.03,-347.06,495.11
580.0,66.11,-322.51,454.74
590.0,66.74,-54.84,188.32
600.0,67.94,17.97,117.92
610.0,67.06,-104.81,238.93
620.0,71.57,-155.05,298.19
630.0,69.19,-229.04,367.43
640.0,78.35,7.69,149.01
650.0,66.25,-340.83,473.34
660.0,65.05,44.36,85.73
670.0,70.28,44.50,96.07
680.0,66.27,-190.27,322.81
690.0,59.20,-2.55,120.95
700.0,73.16,-97.13,243.44
710.0,63.80,10.01,117.58
720.0,76.47,-83.00,235.93
730.0,64.78,-324.16,453.72
740.0,62.86,-405.65,531.37
750.0,67.91,-297.48,433.30
760.0,68.87,-37.44,175.18
770.0,64.06,-324.57,452.68
780.0,69.76,-140.94,280.46
790.0,71.93,64.60,79.25
800.0,66.03,48.84,83.22
810.0,69.29,-266.82,405.40
820.0,68.06,57.55,78.56
830.0,73.35,-76.24,222.94
840.0,65.58,-19.08,150.24
850.0,62.93,-45.29,171.15
860.0,72.84,-212.34,358.02
870.0,63.81,-288.21,415.83
880.0,65.07,-299.05,429.19
890.0,64.27,-264.20,392.74
900.0,66.24,-329.70,462.18
910.0,65.68,7.12,124.24
920.0,60.81,-29.90,151.53
930.0,59.02,-225.84,343.89
940.0,61.78,-555.05,678.61
950.0,60.00,16.08,103.92
960.0,64.36,-141.57,270.28
970.0,68.19,-9.16,145.53
980.0,64.33,-580.20,708.85
990.0,68.20,-306.10,442.50
1000.0,62.07,-119.35,243.49
1010.0,58.84,-53.83,171.51
1020.0,59.30,3.61,115.00
1030.0,62.17,-257.39,381.73
1040.0,58.97,-242.45,360.38
1050.0,57.47,-278.00,392.94
1060.0,58.66,-238.30,355.61
1070.0,59.61,-210.61,329.84
1080.0,62.45,-351.32,476.22
1090.0,61.21,40.84,81.58
1100.0,64.66,-43.24,172.55
1110.0,63.28,-219.36,345.92
1120.0,60.91,-240.19,362.01
1130.0,66.58,-206.19,339.34
1140.0,65.97,-199.80,331.73
1150.0,66.94,-652.38,786.26
1160.0,59.30,-175.91,294.52
1170.0,58.67,44.99,72.36
1180.0,63.36,-379.05,505.77
1190.0,58.34,-86.16,202.84
1200.0,62.95,-311.35,437.25
1210.0,62.78,-450.93,576.49
1220.0,62.16,-89.03,213.34
1230.0,60.15,-160.10,280.40
1240.0,55.53,-138.62,249.68
1250.0,57.81,-558.39,674.01
1260.0,64.38,-360.53,489.28
1270.0,60.62,-395.49,516.72
1280.0,61.75,8.28,115.22
1290.0,58.46,-445.06,561.98
1300.0,60.56,-16.46,137.58
1310.0,60.77,-129.24,250.79
1320.0,55.59,50.50,60.68
1330.0,57.77,-408.20,523.74
1340.0,60.11,-177.02,297.23
1350.0,59.01,-210.26,328.28
1360.0,61.12,-183.32,305.56
1370.0,58.85,-7.35,125.05
1380.0,58.91,-184.58,302.39
1390.0,54.34,-139.18,247.86
1400.0,55.98,-174.14,286.09
1410.0,56.28,-33.48,146.04
1420.0,58.79,-92.71,210.29
1430.0,57.61,25.15,90.07
1440.0,62.16,-321.69,446.01
1450.0,58.71,-321.32,438.74
1460.0,59.12,-46.87,165.10
1470.0,55.72,-15.26,126.69
1480.0,62.61,-151.91,277.13
1490.0,57.89,-118.75,234.54
1500.0,56.45,-20.25,133.16
1510.0,54.34,-47.19,155.88
1520.0,50.75,37.70,63.79
1530.0,50.89,-12.13,113.91
1540.0,55.75,-212.24,323.74
1550.0,57.05,24.90,89.19
1560.0,57.22,29.52,84.91
1570.0,57.55,13.30,101.79
1580.0,62.10,38.55,85.65
1590.0,59.28,-58.80,177.37
1600.0,56.45,-50.49,163.39
1610.0,53.99,-170.72,278.70
1620.0,55.27,3.07,107.47
1630.0,58.70,-139.59,257.00
1640.0,55.94,-142.99,254.86
1650.0,54.86,43.72,65.99
1660.0,52.69,-172.65,278.03
1670.0,59.88,-77.93,197.70
1680.0,52.61,-211.25,316.46
1690.0,61.67,46.08,77.27
1700.0,59.42,-60.57,179.42
1710.0,62.94,-101.29,227.17
1720.0,58.49,10.75,106.23
1730.0,58.83,20.64,97.02
1740.0,59.58,-75.06,194.21
1750.0,54.48,35.06,73.89
1760.0,59.61,-35.24,154.46
1770.0,57.14,-326.07,440.35
1780.0,53.07,17.42,88.72
1790.0,55.09,-181.39,291.58
1800.0,59.27,-39.72,158.25
1810.0,54.97,-151.91,261.85
1820.0,59.05,-116.33,234.42
1830.0,57.91,-232.68,348.51
1840.0,58.06,-7.18,123.31
1850.0,59.61,-12.32,131.54
1860.0,57.45,-207.05,321.94
1870.0,52.88,-441.42,547.17
1880.0,50.83,-169.42,271.08
1890.0,53.79,-206.57,314.15
1900.0,62.39,-34.04,158.83
1910.0,59.74,-161.15,280.63
1920.0,55.88,32.33,79.43
1930.0,55.27,-202.22,312.77
1940.0,53.94,-27.23,135.10
1950.0,56.11,-0.86,113.09
1960.0,56.45,-9.75,122.65
1970.0,58.96,55.78,62.14
1980.0,51.22,-147.39,249.83
1990.0,52.53,-112.65,217.72
2000.0,53.75,-34.42,141.91
2010.0,56.81,49.17,64.45
2020.0,57.62,-34.36,149.61
2030.0,59.24,-16.82,135.31
2040.0,61.28,-199.39,321.96
2050.0,56.15,-69.25,181.55
2060.0,57.62,24.83,90.40
2070.0,57.08,-159.68,273.83
2080.0,59.53,-145.13,264.18
2090.0,55.31,-22.66,133.29
2100.0,61.36,-267.75,390.47
2110.0,53.94,31.66,76.22
2120.0,50.31,19.12,81.50
2130.0,58.73,-65.08,182.55
2140.0,63.12,-148.22,274.46
2150.0,55.42,-213.52,324.37
2160.0,57.82,-404.33,519.97
2170.0,56.74,-252.63,366.11
2180.0,59.42,-17.93,136.76
2190.0,56.84,37.74,75.94
2200.0,62.85,-49.82,175.52
2210.0,58.83,-295.10,412.76
2220.0,47.90,-50.13,145.93
2230.0,56.01,-424.92,536.93
2240.0,51.97,30.33,73.61
2250.0,55.24,-180.29,290.77
2260.0,60.84,-5.36,127.04
2270.0,50.55,-70.08,171.17
2280.0,53.17,-67.46,173.79
2290.0,57.65,34.10,81.20
2300.0,54.88,7.77,101.99
2310.0,50.39,-49.55,150.33
2320.0,56.35,-240.29,352.99
2330.0,58.26,-54.41,170.93
2340.0,57.12,47.25,66.98
2350.0,57.26,53.44,61.08
2360.0,58.55,55.04,62.05
2370.0,58.53,-340.91,457.98
2380.0,56.67,-143.21,256.55
2390.0,51.97,1.99,101.94
2400.0,49.56,-86.34,185.47
2410.0,53.93,-50.47,158.33
2420.0,55.06,-60.16,170.28
2430.0,53.25,-78.20,184.71
2440.0,55.89,33.93,77.86
2450.0,59.47,-243.85,362.80
2460.0,53.91,-0.83,108.65
2470.0,53.16,22.60,83.72
2480.0,52.58,28.07,77.08
2490.0,56.49,-162.80,275.79
2500.0,58.78,-153.51,271.08
2510.0,53.81,-61.09,168.72
2520.0,54.52,20.15,88.89
2530.0,55.80,-11.68,123.28
2540.0,51.56,-102.80,205.93
2550.0,56.19,-143.69,256.07
2560.0,55.19,-96.95,207.33
2570.0,51.84,-117.17,220.84
2580.0,54.77,-103.42,212.95
2590.0,56.36,-59.81,172.54
2600.0,60.08,-63.74,183.89
2610.0,53.00,-198.77,304.76
2620.0,58.28,-238.36,354.92
2630.0,53.46,-145.15,252.07
2640.0,54.13,-364.73,472.99
2650.0,51.80,43.84,59.75
2660.0,56.45,52.94,59.95
2670.0,56.34,-36.60,149.28
2680.0,57.52,-32.55,147.60
2690.0,51.97,-154.91,258.85
2700.0,51.62,-87.15,190.39
2710.0,54.21,-255.80,364.22
2720.0,58.37,-197.53,314.27
2730.0,52.45,-222.22,327.13
2740.0,53.58,-58.78,165.93
2750.0,53.73,6.95,100.52
2760.0,53.08,-279.84,386.00
2770.0,55.67,5.69,105.64
2780.0,57.90,-46.50,162.30
2790.0,54.08,-177.32,285.47
2800.0,51.81,32.08,71.54
2810.0,52.96,-155.83,261.75
2820.0,49.20,-12.55,110.95
2830.0,50.70,-150.46,251.86
2840.0,57.80,-6.82,122.41
2850.0,53.67,19.61,87.72
2860.0,49.86,-129.33,229.06
2870.0,50.97,48.42,53.52
2880.0,55.98,-49.37,161.34
2890.0,53.81,-40.72,148.35
2900.0,50.01,-103.73,203.74
2910.0,48.67,-88.83,186.17
2920.0,54.79,-370.44,480.02
2930.0,51.61,-260.31,363.53
2940.0,51.12,-38.32,140.55
2950.0,60.34,-84.16,204.84
2960.0,55.97,47.37,64.56
2970.0,52.09,-189.81,293.99
2980.0,54.33,-136.00,244.66
2990.0,49.96,-98.36,198.28
3000.0,57.18,-447.62,561.98
3010.0,49.16,-13.54,111.87
3020.0,54.42,-104.40,213.25
3030.0,57.00,-271.47,385.47
3040.0,62.27,-107.37,231.92
3050.0,59.09,-237.86,356.05
3060.0,54.83,-71.53,181.18
3070.0,56.84,-280.85,394.54
3080.0,56.41,-300.70,413.52
3090.0,53.61,11.60,95.62
3100.0,56.48,-89.93,202.89
3110.0,55.88,50.47,61.30
3120.0,57.05,-184.85,298.95
3130.0,58.66,26.20,91.12
3140.0,51.46,-57.39,160.31
3150.0,52.52,42.66,62.39
3160.0,55.56,-31.65,142.77
3170.0,52.69,-222.94,328.32
3180.0,52.62,10.29,94.96
3190.0,48.86,-63.18,160.90
3200.0,52.70,3.05,102.35
3210.0,50.14,-17.66,117.93
3220.0,53.78,-69.71,177.27
3230.0,64.15,-19.88,148.18
3240.0,54.97,-120.09,230.03
3250.0,57.29,-105.67,220.25
3260.0,56.58,-2.30,115.47
3270.0,54.42,-9.24,118.08
3280.0,59.75,56.88,62.61
3290.0,59.98,-63.19,183.16
3300.0,53.35,-317.13,423.83
3310.0,51.88,-24.83,128.58
3320.0,52.84,-52.51,158.20
3330.0,57.04,42.40,71.68
3340.0,55.63,45.77,65.50
3350.0,52.55,-126.64,231.75
3360.0,48.39,-219.92,316.71
3370.0,55.86,-17.02,128.75
3380.0,53.15,-115.54,221.84
3390.0,53.03,-162.13,268.19
3400.0,50.78,-148.14,249.71
3410.0,56.25,3.41,109.09
3420.0,57.12,-292.67,406.92
3430.0,50.13,-66.68,166.95
3440.0,54.16,-431.23,539.54
3450.0,51.67,51.36,51.99
3460.0,53.98,-128.08,236.04
3470.0,54.12,-396.57,504.81
3480.0,44.31,-286.07,374.69
3490.0,51.81,-159.53,263.15
3500.0,52.18,-117.15,221.51
3510.0,55.14,-233.54,343.83
3520.0,53.92,-136.41,244.25
3530.0,53.77,-243.83,351.36
3540.0,50.03,22.33,77.72
3550.0,55.68,-197.67,309.03
3560.0,51.87,7.31,96.43
3570.0,52.33,17.96,86.70
3580.0,54.86,-91.55,201.27
3590.0,56.03,-294.41,406.46
3600.0,50.76,-133.21,234.73
3610.0,55.80,14.42,97.18
3620.0,51.03,-85.20,187.26
3630.0,54.66,-47.83,157.15
3640.0,50.00,-96.41,196.41
3650.0,51.84,-91.71,195.38
3660.0,45.16,35.30,55.03
3670.0,47.89,-138.30,234.09
3680.0,51.56,2.87,100.26
3690.0,52.32,7.76,96.88
3700.0,52.03,-186.68,290.74
3710.0,54.62,-2.99,112.22
3720.0,58.34,-327.42,444.10
3730.0,49.33,44.56,54.11
3740.0,50.43,-70.52,171.38
3750.0,58.67,-201.69,319.03
3760.0,51.77,-127.11,230.65
3770.0,56.05,-211.31,323.41
3780.0,54.66,-80.61,189.94
3790.0,54.22,-57.18,165.62
3800.0,55.03,-292.54,402.60
3810.0,47.69,-124.51,219.88
3820.0,50.30,-71.28,171.88
3830.0,52.95,-56.86,162.75
3840.0,51.70,28.47,74.94
3850.0,52.92,-112.90,218.75
3860.0,53.11,-144.23,250.45
3870.0,53.44,-125.44,232.32
3880.0,55.01,-78.67,188.69
3890.0,53.20,-104.67,211.07
3900.0,50.11,-80.06,180.29
3910.0,50.02,-182.64,282.69
3920.0,52.36,-328.31,433.03
3930.0,56.07,-54.69,166.83
3940.0,51.92,-125.37,229.20
3950.0,55.15,-298.47,408.76
3960.0,56.92,-275.05,388.88
3970.0,55.71,-240.29,351.71
3980.0,54.85,40.21,69.49
3990.0,51.86,-105.05,208.78
4000.0,50.05,5.81,94.30
4010.0,53.33,-489.98,596.65
4020.0,55.55,-256.69,367.78
4030.0,53.01,-138.60,244.62
4040.0,52.59,-316.93,422.12
4050.0,50.05,42.41,57.69
4060.0,52.61,-54.01,159.24
4070.0,59.31,-514.24,632.86
4080.0,55.00,15.86,94.15
4090.0,50.67,24.89,76.46
4100.0,58.44,-236.61,353.48
4110.0,50.95,-79.22,181.13
4120.0,52.94,-37.14,143.01
4130.0,52.51,-363.17,468.19
4140.0,48.58,-102.92,200.08
4150.0,53.05,-55.48,161.59
4160.0,50.32,-222.13,322.77
4170.0,48.87,-72.08,169.82
4180.0,51.82,-298.29,401.93
4190.0,53.86,-77.27,184.99
4200.0,51.63,-81.09,184.36
4210.0,59.70,-585.78,705.18
4220.0,52.64,-209.30,314.59
4230.0,61.16,-91.93,214.26
4240.0,52.25,-63.93,168.42
4250.0,56.61,-353.02,466.25
4260.0,54.46,-307.11,416.03
4270.0,57.97,-136.51,252.44
4280.0,55.01,-211.08,321.10
4290.0,57.30,-403.26,517.85
4300.0,51.59,5.76,97.42
4310.0,57.30,-238.70,353.30
4320.0,56.34,-91.34,204.02
4330.0,49.05,-100.22,198.33
4340.0,51.91,-108.18,212.01
4350.0,55.25,-624.29,734.78
4360.0,51.73,-20.52,123.99
4370.0,52.67,-101.70,207.03
4380.0,51.11,-38.65,140.87
4390.0,56.76,-372.92,486.44
4400.0,57.69,-9.79,125.17
4410.0,50.49,23.12,77.86
4420.0,49.73,-26.98,126.43
4430.0,52.52,-490.47,595.51
4440.0,50.58,-62.73,163.89
4450.0,56.66,-401.67,514.99
4460.0,51.51,-103.81,206.83
4470.0,54.34,-75.20,183.89
4480.0,49.97,-64.30,164.23
4490.0,49.84,-70.16,169.83
4500.0,48.64,-252.13,349.42
