trial,mean,ci_down,ci_up
0.0,0.07,-4.70,4.85
10.0,0.00,0.00,0.00
20.0,0.17,-10.96,11.31
30.0,0.26,-2.92,3.44
40.0,0.24,-14.71,15.20
50.0,0.11,-5.94,6.15
60.0,0.24,-11.85,12.33
70.0,0.02,-1.25,1.29
80.0,0.34,-16.52,17.21
90.0,0.05,-0.59,0.69
100.0,0.12,-3.06,3.30
110.0,0.27,-16.92,17.46
120.0,0.51,-13.49,14.51
130.0,0.24,-15.04,15.52
140.0,0.09,-5.64,5.82
150.0,0.42,-25.04,25.88
160.0,0.09,-1.18,1.36
170.0,0.33,-9.54,10.19
180.0,0.01,-0.31,0.32
190.0,0.00,0.00,0.00
200.0,0.23,-8.05,8.51
210.0,0.17,-9.06,9.41
220.0,0.07,-4.39,4.53
230.0,0.13,-4.96,5.22
240.0,0.00,0.00,0.00
250.0,0.03,-1.56,1.63
260.0,0.19,-10.00,10.38
270.0,0.03,-1.88,1.94
280.0,0.04,-2.51,2.59
290.0,0.37,-23.18,23.92
300.0,0.11,-3.40,3.61
310.0,0.14,-8.77,9.05
320.0,0.01,-0.31,0.32
330.0,0.28,-17.54,18.10
340.0,0.28,-11.49,12.06
350.0,0.07,-0.57,0.71
360.0,0.01,-0.63,0.65
370.0,0.23,-1.04,1.50
380.0,0.30,-17.84,18.45
390.0,0.10,-6.58,6.79
400.0,0.01,-0.94,0.97
410.0,0.53,-27.48,28.54
420.0,0.33,-4.45,5.10
430.0,0.31,-17.51,18.13
440.0,0.33,-12.72,13.37
450.0,0.60,-29.00,30.21
460.0,0.24,-5.81,6.28
470.0,0.48,-20.84,21.81
480.0,0.16,-7.48,7.80
490.0,0.38,-16.17,16.93
500.0,0.01,-0.63,0.65
510.0,0.08,-4.06,4.21
520.0,0.01,-0.31,0.32
530.0,0.33,-19.73,20.38
540.0,0.02,-1.25,1.29
550.0,0.22,-10.60,11.04
560.0,0.72,-1.83,3.27
570.0,0.04,-2.19,2.26
580.0,0.14,-3.04,3.32
590.0,0.00,0.00,0.00
600.0,0.32,-0.00,0.63
610.0,0.01,0.01,0.01
620.0,0.01,0.01,0.01
630.0,0.19,-3.63,4.01
640.0,0.09,-4.37,4.55
650.0,0.01,-0.31,0.32
660.0,0.27,-14.69,15.22
670.0,0.06,-1.85,1.97
680.0,0.24,-10.27,10.74
690.0,0.04,-2.82,2.91
700.0,0.09,-5.33,5.50
710.0,0.01,-0.31,0.32
720.0,0.20,-11.89,12.29
730.0,0.16,-8.12,8.44
740.0,0.52,-2.03,3.07
750.0,0.14,-9.09,9.38
760.0,0.04,-2.82,2.91
770.0,0.23,-5.50,5.96
780.0,0.29,-18.48,19.07
790.0,0.12,-7.21,7.44
800.0,0.10,-6.58,6.79
810.0,0.37,-23.18,23.92
820.0,0.07,-1.84,1.98
830.0,0.12,-4.34,4.58
840.0,0.42,-19.63,20.48
850.0,0.34,-20.67,21.35
860.0,0.26,-14.07,14.58
870.0,0.36,-10.46,11.18
880.0,0.08,-3.10,3.26
890.0,0.15,-9.08,9.39
900.0,0.07,0.07,0.07
910.0,0.23,-13.77,14.23
920.0,0.30,-0.65,1.26
930.0,0.12,-7.83,8.08
940.0,0.07,-3.75,3.89
950.0,0.17,-6.83,7.17
960.0,0.13,-8.15,8.41
970.0,0.39,-13.30,14.07
980.0,0.76,-20.25,21.77
990.0,0.03,-1.57,1.62
1000.0,0.03,-1.57,1.62
1010.0,0.34,-5.07,5.76
1020.0,0.36,-22.87,23.60
1030.0,0.24,-2.94,3.42
1040.0,0.29,-18.17,18.75
1050.0,0.31,-14.97,15.59
1060.0,0.15,-5.27,5.56
1070.0,0.32,-18.46,19.09
1080.0,0.27,-16.60,17.13
1090.0,0.12,-7.21,7.44
1100.0,0.01,-0.31,0.32
1110.0,0.31,-7.33,7.95
1120.0,0.01,-0.63,0.65
1130.0,0.07,-2.80,2.93
1140.0,0.40,-11.69,12.49
1150.0,0.51,-12.22,13.24
1160.0,0.21,-10.92,11.35
1170.0,0.19,-4.27,4.65
1180.0,0.11,-4.98,5.20
1190.0,0.14,-4.64,4.91
1200.0,0.26,-1.01,1.53
1210.0,0.27,-16.28,16.82
1220.0,0.15,-9.71,10.02
1230.0,0.41,-4.37,5.18
1240.0,0.10,-6.58,6.79
1250.0,0.17,-10.34,10.67
1260.0,0.36,-10.46,11.18
1270.0,0.04,-2.18,2.27
1280.0,0.07,-4.07,4.20
1290.0,0.28,-1.95,2.50
1300.0,0.17,-3.96,4.31
1310.0,0.15,-9.40,9.70
1320.0,0.04,-2.19,2.26
1330.0,0.10,-6.58,6.79
1340.0,0.17,-5.24,5.59
1350.0,0.18,-11.28,11.64
1360.0,0.18,-10.64,11.00
1370.0,0.20,-5.21,5.62
1380.0,0.10,-5.95,6.14
1390.0,0.19,-11.90,12.28
1400.0,0.27,-15.01,15.55
1410.0,0.10,-4.68,4.87
1420.0,0.10,-2.45,2.65
1430.0,0.07,-2.79,2.94
1440.0,0.02,-0.62,0.66
1450.0,0.34,-21.30,21.98
1460.0,0.06,-3.76,3.88
1470.0,0.20,-5.53,5.93
1480.0,0.39,-12.66,13.43
1490.0,0.10,-6.27,6.47
1500.0,0.25,-14.39,14.89
1510.0,0.12,-3.39,3.62
1520.0,0.17,-5.88,6.21
1530.0,0.09,-5.33,5.50
1540.0,0.48,-21.16,22.12
1550.0,0.00,0.00,0.00
1560.0,0.09,-5.00,5.18
1570.0,0.13,-8.15,8.41
1580.0,0.48,-24.66,25.63
1590.0,0.24,-12.49,12.97
1600.0,0.31,-10.51,11.13
1610.0,0.26,-1.34,1.85
1620.0,0.00,0.00,0.00
1630.0,0.04,-2.51,2.59
1640.0,0.30,-17.84,18.45
1650.0,0.24,-12.49,12.97
1660.0,0.18,-10.64,11.00
1670.0,0.01,-0.63,0.65
1680.0,0.10,-6.58,6.79
1690.0,0.28,-6.72,7.28
1700.0,0.36,-1.55,2.27
1710.0,0.07,-4.39,4.53
1720.0,0.14,-6.86,7.14
1730.0,0.04,-2.51,2.59
1740.0,0.24,-8.99,9.48
1750.0,0.00,0.00,0.00
1760.0,0.03,-1.57,1.62
1770.0,0.10,-5.32,5.51
1780.0,0.17,-9.06,9.41
1790.0,0.23,-7.10,7.55
1800.0,0.34,-11.12,11.80
1810.0,0.10,-4.36,4.56
1820.0,0.14,-3.37,3.64
1830.0,0.23,-14.41,14.87
1840.0,0.54,-11.55,12.63
1850.0,0.42,-20.59,21.43
1860.0,0.18,-9.69,10.04
1870.0,0.01,0.01,0.01
1880.0,0.50,-14.14,15.14
1890.0,0.41,-25.05,25.87
1900.0,0.34,-21.30,21.98
1910.0,0.18,-10.95,11.32
1920.0,0.11,-6.26,6.48
1930.0,0.20,-4.89,5.29
1940.0,0.26,-13.11,13.63
1950.0,0.34,-2.21,2.89
1960.0,0.24,-14.71,15.20
1970.0,0.05,-2.50,2.60
1980.0,0.04,-1.23,1.31
1990.0,0.11,-6.26,6.48
2000.0,0.25,-14.39,14.89
2010.0,0.45,-1.14,2.05
2020.0,0.05,-2.50,2.60
2030.0,0.07,-3.75,3.89
2040.0,0.01,0.01,0.01
2050.0,0.07,-0.25,0.38
2060.0,0.01,-0.31,0.32
2070.0,0.03,-0.93,0.98
2080.0,0.03,0.03,0.03
2090.0,0.06,-3.12,3.24
2100.0,0.04,-2.19,2.26
2110.0,0.04,-2.82,2.91
2120.0,0.41,-18.69,19.51
2130.0,0.10,-6.58,6.79
2140.0,0.22,-2.65,3.08
2150.0,0.31,-18.15,18.77
2160.0,0.42,-9.44,10.29
2170.0,0.30,-5.43,6.03
2180.0,0.37,-11.09,11.83
2190.0,0.34,-4.75,5.43
2200.0,0.00,0.00,0.00
2210.0,0.20,-5.53,5.93
2220.0,0.04,-2.82,2.91
2230.0,0.21,-13.16,13.58
2240.0,0.29,-16.26,16.84
2250.0,0.06,-2.81,2.92
2260.0,0.28,-13.72,14.28
2270.0,0.28,-7.68,8.23
2280.0,0.26,-14.38,14.90
2290.0,0.30,-18.47,19.08
2300.0,0.35,-20.34,21.03
2310.0,0.18,-11.28,11.64
2320.0,0.39,-11.38,12.17
2330.0,0.01,-0.63,0.65
2340.0,0.21,-12.52,12.94
2350.0,0.03,-0.93,0.98
2360.0,0.22,-8.06,8.50
2370.0,0.17,-7.15,7.50
2380.0,0.00,0.00,0.00
2390.0,0.80,-8.11,9.71
2400.0,0.23,-14.41,14.87
2410.0,0.36,-3.77,4.50
2420.0,0.12,-0.83,1.08
2430.0,0.51,-16.68,17.70
2440.0,0.42,-26.32,27.16
2450.0,0.06,-3.45,3.56
2460.0,0.20,-10.31,10.70
2470.0,0.01,-0.31,0.32
2480.0,0.22,-1.69,2.13
2490.0,0.46,-11.96,12.87
2500.0,0.33,-20.68,21.34
2510.0,0.41,-7.87,8.69
2520.0,0.32,-4.46,5.09
2530.0,0.33,-6.36,7.01
2540.0,0.47,-21.50,22.43
2550.0,0.06,-0.90,1.01
2560.0,0.06,-2.81,2.92
2570.0,0.47,-7.17,8.11
2580.0,0.33,-6.04,6.70
2590.0,0.40,-23.15,23.95
2600.0,0.11,-6.89,7.11
2610.0,0.06,-3.45,3.56
2620.0,0.27,-0.37,0.91
2630.0,0.30,-10.52,11.12
2640.0,0.20,-4.58,4.97
2650.0,0.08,-1.83,1.99
2660.0,0.09,-3.42,3.59
2670.0,0.01,-0.63,0.65
2680.0,0.05,-1.22,1.32
2690.0,0.51,-19.55,20.56
2700.0,0.05,-1.22,1.32
2710.0,0.54,-3.28,4.36
2720.0,0.17,-10.65,10.99
2730.0,0.02,-1.25,1.29
2740.0,0.04,-0.92,0.99
2750.0,0.21,-12.21,12.62
2760.0,0.24,-15.04,15.52
2770.0,0.23,-14.10,14.55
2780.0,0.17,-9.07,9.40
2790.0,0.18,-11.59,11.96
2800.0,0.24,-7.40,7.88
2810.0,0.44,-2.11,2.99
2820.0,0.20,-5.53,5.93
2830.0,0.19,-5.54,5.92
2840.0,0.55,-2.95,4.06
2850.0,0.20,-7.76,8.15
2860.0,0.21,-9.34,9.76
2870.0,0.24,-9.63,10.10
2880.0,0.01,-0.31,0.32
2890.0,0.45,-10.05,10.96
2900.0,0.22,-1.05,1.49
2910.0,0.02,-1.25,1.29
2920.0,0.26,-14.70,15.21
2930.0,0.24,-13.44,13.93
2940.0,0.33,-6.04,6.70
2950.0,0.10,-5.63,5.83
2960.0,0.23,-12.82,13.27
2970.0,0.15,-0.49,0.79
2980.0,0.06,-3.76,3.88
2990.0,0.16,-10.03,10.35
3000.0,0.55,-3.91,5.01
3010.0,0.21,-8.39,8.80
3020.0,0.26,-15.98,16.49
3030.0,0.11,-6.89,7.11
3040.0,0.44,-18.66,19.54
3050.0,0.15,-8.45,8.74
3060.0,0.23,-13.77,14.23
3070.0,0.15,-5.26,5.57
3080.0,0.53,-8.07,9.12
3090.0,0.38,-22.54,23.30
3100.0,0.36,-13.32,14.05
3110.0,0.52,-4.90,5.93
3120.0,0.36,-20.33,21.04
3130.0,0.02,-1.25,1.29
3140.0,0.29,-15.31,15.88
3150.0,0.06,-3.45,3.56
3160.0,0.36,-22.87,23.60
3170.0,0.10,-2.45,2.65
3180.0,0.26,-7.07,7.58
3190.0,0.48,0.48,0.48
3200.0,0.02,-1.25,1.29
3210.0,0.19,-5.54,5.92
3220.0,0.03,-1.88,1.94
3230.0,0.08,-1.52,1.67
3240.0,0.06,-3.76,3.88
3250.0,0.07,-3.44,3.57
3260.0,0.13,-8.15,8.41
3270.0,0.35,-17.79,18.50
3280.0,0.36,-1.55,2.27
3290.0,0.28,-14.68,15.23
3300.0,0.05,-3.13,3.23
3310.0,0.35,-15.24,15.95
3320.0,0.13,-8.15,8.41
3330.0,0.08,-1.83,1.99
3340.0,0.39,-2.16,2.94
3350.0,0.28,-16.27,16.83
3360.0,0.43,-26.94,27.80
3370.0,0.25,-3.57,4.07
3380.0,0.01,-0.30,0.33
3390.0,0.34,-11.75,12.43
3400.0,0.06,-0.58,0.70
3410.0,0.05,-1.55,1.64
3420.0,0.04,-0.28,0.35
3430.0,0.17,-4.92,5.26
3440.0,0.02,-1.25,1.29
3450.0,0.13,-4.33,4.59
3460.0,0.28,-7.05,7.60
3470.0,0.10,-6.27,6.47
3480.0,0.14,-6.86,7.14
3490.0,0.03,-1.57,1.62
3500.0,0.04,-2.51,2.59
3510.0,0.59,0.59,0.59
3520.0,0.49,-9.70,10.68
3530.0,0.37,-21.27,22.01
3540.0,0.59,-28.06,29.24
3550.0,0.26,-8.65,9.17
3560.0,0.61,-0.03,1.25
3570.0,0.32,-13.37,14.00
3580.0,0.16,-7.80,8.11
3590.0,0.05,-3.13,3.23
3600.0,0.49,-2.06,3.04
3610.0,0.24,-15.04,15.52
3620.0,0.38,-9.49,10.24
3630.0,0.40,-9.15,9.95
3640.0,0.23,-3.28,3.73
3650.0,0.36,-14.59,15.32
3660.0,0.03,-1.88,1.94
3670.0,0.06,-2.81,2.92
3680.0,0.27,-16.60,17.13
3690.0,0.28,-3.85,4.42
3700.0,0.48,-16.07,17.03
3710.0,0.23,-7.72,8.19
3720.0,0.58,-13.74,14.91
3730.0,0.19,-10.63,11.01
3740.0,0.00,0.00,0.00
3750.0,0.30,-19.11,19.72
3760.0,0.07,-3.11,3.25
3770.0,0.17,-10.96,11.31
3780.0,0.05,-3.13,3.23
3790.0,0.18,-6.51,6.86
3800.0,0.60,-14.35,15.56
3810.0,0.32,-9.55,10.18
3820.0,0.10,-5.63,5.83
3830.0,0.32,-13.05,13.69
3840.0,0.04,-2.82,2.91
3850.0,0.01,-0.94,0.97
3860.0,0.14,-8.46,8.73
3870.0,0.36,-22.87,23.60
3880.0,0.05,-1.86,1.96
3890.0,0.25,-14.39,14.89
3900.0,0.65,0.01,1.29
3910.0,0.27,-13.10,13.64
3920.0,0.02,-1.25,1.29
3930.0,0.03,-1.57,1.62
3940.0,0.64,-38.19,39.47
3950.0,0.15,-0.16,0.47
3960.0,0.36,-10.46,11.18
3970.0,0.16,-10.03,10.35
3980.0,0.08,-5.01,5.17
3990.0,0.12,-6.56,6.81
4000.0,0.06,0.06,0.06
4010.0,0.42,-9.44,10.29
4020.0,0.20,-5.22,5.61
4030.0,0.27,-13.42,13.95
4040.0,0.10,-6.58,6.79
4050.0,0.02,-0.62,0.66
4060.0,0.10,-0.22,0.41
4070.0,0.06,-3.45,3.56
4080.0,0.21,-3.30,3.71
4090.0,0.32,-19.10,19.73
4100.0,0.16,-9.39,9.71
4110.0,0.29,-16.26,16.84
4120.0,0.07,-1.84,1.98
4130.0,0.12,-3.70,3.94
4140.0,0.44,-9.42,10.31
4150.0,0.41,-19.96,20.78
4160.0,0.02,-1.25,1.29
4170.0,0.10,-5.95,6.14
4180.0,0.12,-3.06,3.30
4190.0,0.08,-4.06,4.21
4200.0,0.45,-20.88,21.77
4210.0,0.24,-5.49,5.97
4220.0,0.27,-4.82,5.36
4230.0,0.22,-13.15,13.59
4240.0,0.35,-1.56,2.26
4250.0,0.08,-1.83,1.99
4260.0,0.04,-0.27,0.36
4270.0,0.40,-20.93,21.72
4280.0,0.00,0.00,0.00
4290.0,0.22,-3.92,4.35
4300.0,0.12,-6.57,6.80
4310.0,0.35,-19.71,20.40
4320.0,0.07,-4.70,4.85
4330.0,0.24,-11.85,12.33
4340.0,0.32,-18.14,18.78
4350.0,0.34,-15.57,16.25
4360.0,0.46,-6.54,7.46
4370.0,0.23,-7.72,8.19
4380.0,0.59,-6.73,7.92
4390.0,0.23,-5.18,5.65
4400.0,0.55,-6.45,7.55
4410.0,0.37,-0.90,1.64
4420.0,0.31,-14.65,15.26
4430.0,0.01,-0.31,0.32
4440.0,0.12,-1.47,1.72
4450.0,0.02,-1.25,1.29
4460.0,0.07,-3.11,3.25
4470.0,0.26,-15.65,16.17
4480.0,0.01,-0.31,0.32
4490.0,0.18,-4.91,5.27
4500.0,0.45,-11.97,12.86
