trial,mean,ci_down,ci_up
0.0,0.05,0.03,0.08
10.0,0.07,0.04,0.09
20.0,0.05,0.03,0.07
30.0,0.06,0.03,0.08
40.0,0.05,0.02,0.08
50.0,0.05,0.02,0.07
60.0,0.04,0.02,0.07
70.0,0.05,0.03,0.08
80.0,0.05,0.03,0.08
90.0,0.05,0.02,0.08
100.0,0.04,0.02,0.07
110.0,0.07,0.04,0.10
120.0,0.05,0.02,0.08
130.0,0.05,0.03,0.08
140.0,0.06,0.03,0.09
150.0,0.06,0.03,0.09
160.0,0.05,0.02,0.08
170.0,0.06,0.03,0.09
180.0,0.05,0.02,0.08
190.0,0.07,0.04,0.10
200.0,0.06,0.03,0.09
210.0,0.06,0.03,0.09
220.0,0.06,0.03,0.08
230.0,0.06,0.03,0.09
240.0,0.05,0.02,0.08
250.0,0.06,0.03,0.09
260.0,0.06,0.03,0.08
270.0,0.06,0.03,0.09
280.0,0.07,0.03,0.10
290.0,0.06,0.03,0.09
300.0,0.05,0.02,0.08
310.0,0.05,0.02,0.07
320.0,0.06,0.02,0.09
330.0,0.04,0.02,0.06
340.0,0.08,0.04,0.11
350.0,0.06,0.03,0.09
360.0,0.06,0.03,0.08
370.0,0.08,0.05,0.11
380.0,0.06,0.03,0.09
390.0,0.04,0.02,0.07
400.0,0.06,0.03,0.09
410.0,0.06,0.03,0.09
420.0,0.05,0.03,0.07
430.0,0.05,0.02,0.07
440.0,0.05,0.03,0.08
450.0,0.06,0.04,0.09
460.0,0.06,0.03,0.09
470.0,0.05,0.02,0.07
480.0,0.06,0.03,0.09
490.0,0.05,0.02,0.07
500.0,0.06,0.03,0.09
510.0,0.06,0.03,0.09
520.0,0.06,0.03,0.09
530.0,0.07,0.04,0.10
540.0,0.06,0.03,0.09
550.0,0.05,0.03,0.08
560.0,0.05,0.02,0.08
570.0,0.07,0.04,0.10
580.0,0.06,0.03,0.08
590.0,0.04,0.02,0.06
600.0,0.07,0.03,0.10
610.0,0.05,0.03,0.07
620.0,0.04,0.02,0.07
630.0,0.05,0.03,0.08
640.0,0.05,0.03,0.08
650.0,0.07,0.04,0.10
660.0,0.07,0.04,0.10
670.0,0.06,0.03,0.10
680.0,0.06,0.03,0.09
690.0,0.08,0.05,0.11
700.0,0.06,0.04,0.09
710.0,0.05,0.03,0.07
720.0,0.07,0.04,0.10
730.0,0.05,0.02,0.07
740.0,0.05,0.03,0.08
750.0,0.07,0.04,0.10
760.0,0.06,0.03,0.09
770.0,0.04,0.02,0.07
780.0,0.05,0.03,0.08
790.0,0.06,0.04,0.09
800.0,0.05,0.03,0.08
810.0,0.06,0.03,0.09
820.0,0.08,0.04,0.11
830.0,0.07,0.04,0.11
840.0,0.05,0.02,0.07
850.0,0.09,0.06,0.13
860.0,0.07,0.03,0.10
870.0,0.05,0.03,0.07
880.0,0.07,0.04,0.10
890.0,0.06,0.04,0.09
900.0,0.06,0.03,0.09
910.0,0.06,0.03,0.09
920.0,0.06,0.02,0.09
930.0,0.05,0.02,0.07
940.0,0.05,0.02,0.08
950.0,0.05,0.02,0.07
960.0,0.07,0.04,0.11
970.0,0.05,0.03,0.08
980.0,0.04,0.02,0.06
990.0,0.05,0.03,0.08
1000.0,0.05,0.03,0.08
1010.0,0.06,0.03,0.09
1020.0,0.06,0.03,0.09
1030.0,0.06,0.02,0.09
1040.0,0.05,0.02,0.08
1050.0,0.06,0.03,0.09
1060.0,0.06,0.03,0.08
1070.0,0.07,0.04,0.10
1080.0,0.04,0.02,0.07
1090.0,0.05,0.02,0.07
1100.0,0.07,0.03,0.10
1110.0,0.06,0.03,0.09
1120.0,0.05,0.03,0.08
1130.0,0.08,0.04,0.11
1140.0,0.05,0.03,0.08
1150.0,0.06,0.03,0.08
1160.0,0.07,0.04,0.10
1170.0,0.04,0.01,0.07
1180.0,0.04,0.02,0.06
1190.0,0.05,0.02,0.07
1200.0,0.04,0.02,0.05
1210.0,0.05,0.02,0.07
1220.0,0.06,0.03,0.09
1230.0,0.06,0.03,0.09
1240.0,0.06,0.03,0.09
1250.0,0.05,0.02,0.08
1260.0,0.06,0.03,0.09
1270.0,0.05,0.02,0.08
1280.0,0.07,0.04,0.10
1290.0,0.05,0.03,0.08
1300.0,0.05,0.02,0.07
1310.0,0.04,0.02,0.05
1320.0,0.05,0.03,0.08
1330.0,0.06,0.03,0.09
1340.0,0.05,0.02,0.08
1350.0,0.06,0.03,0.09
1360.0,0.06,0.03,0.10
1370.0,0.06,0.03,0.09
1380.0,0.08,0.05,0.11
1390.0,0.06,0.03,0.09
1400.0,0.05,0.02,0.08
1410.0,0.06,0.03,0.09
1420.0,0.04,0.02,0.07
1430.0,0.05,0.02,0.08
1440.0,0.06,0.04,0.08
1450.0,0.06,0.03,0.09
1460.0,0.06,0.03,0.09
1470.0,0.08,0.04,0.12
1480.0,0.07,0.04,0.10
1490.0,0.05,0.03,0.07
1500.0,0.06,0.03,0.09
1510.0,0.05,0.03,0.07
1520.0,0.06,0.04,0.08
1530.0,0.09,0.05,0.12
1540.0,0.06,0.03,0.09
1550.0,0.06,0.04,0.09
1560.0,0.07,0.04,0.10
1570.0,0.04,0.02,0.06
1580.0,0.05,0.03,0.08
1590.0,0.06,0.03,0.08
1600.0,0.06,0.03,0.09
1610.0,0.04,0.02,0.06
1620.0,0.06,0.03,0.09
1630.0,0.06,0.03,0.08
1640.0,0.07,0.04,0.09
1650.0,0.04,0.01,0.06
1660.0,0.04,0.02,0.07
1670.0,0.05,0.03,0.08
1680.0,0.05,0.03,0.08
1690.0,0.06,0.04,0.09
1700.0,0.04,0.02,0.07
1710.0,0.06,0.03,0.09
1720.0,0.04,0.02,0.07
1730.0,0.06,0.03,0.09
1740.0,0.06,0.03,0.09
1750.0,0.04,0.02,0.07
1760.0,0.06,0.03,0.10
1770.0,0.06,0.03,0.09
1780.0,0.07,0.03,0.10
1790.0,0.06,0.03,0.08
1800.0,0.06,0.03,0.09
1810.0,0.09,0.05,0.12
1820.0,0.05,0.03,0.08
1830.0,0.06,0.04,0.08
1840.0,0.05,0.02,0.07
1850.0,0.08,0.04,0.12
1860.0,0.06,0.03,0.08
1870.0,0.05,0.03,0.08
1880.0,0.08,0.05,0.12
1890.0,0.05,0.02,0.07
1900.0,0.05,0.03,0.08
1910.0,0.07,0.04,0.10
1920.0,0.07,0.04,0.09
1930.0,0.03,0.02,0.05
1940.0,0.04,0.02,0.06
1950.0,0.07,0.04,0.10
1960.0,0.07,0.04,0.10
1970.0,0.07,0.03,0.10
1980.0,0.04,0.02,0.06
1990.0,0.06,0.04,0.09
2000.0,0.04,0.02,0.06
2010.0,0.05,0.03,0.08
2020.0,0.06,0.03,0.08
2030.0,0.07,0.03,0.10
2040.0,0.07,0.04,0.10
2050.0,0.06,0.04,0.09
2060.0,0.07,0.04,0.11
2070.0,0.06,0.02,0.10
2080.0,0.05,0.03,0.07
2090.0,0.05,0.03,0.08
2100.0,0.07,0.04,0.10
2110.0,0.07,0.03,0.10
2120.0,0.06,0.03,0.09
2130.0,0.06,0.03,0.09
2140.0,0.04,0.02,0.07
2150.0,0.05,0.02,0.07
2160.0,0.05,0.03,0.08
2170.0,0.07,0.04,0.10
2180.0,0.09,0.06,0.12
2190.0,0.04,0.02,0.06
2200.0,0.06,0.03,0.09
2210.0,0.06,0.02,0.09
2220.0,0.05,0.02,0.07
2230.0,0.07,0.04,0.10
2240.0,0.06,0.03,0.09
2250.0,0.04,0.02,0.06
2260.0,0.06,0.03,0.09
2270.0,0.05,0.02,0.08
2280.0,0.06,0.03,0.08
2290.0,0.06,0.03,0.09
2300.0,0.09,0.06,0.12
2310.0,0.06,0.03,0.09
2320.0,0.07,0.04,0.10
2330.0,0.05,0.02,0.07
2340.0,0.04,0.02,0.07
2350.0,0.07,0.04,0.10
2360.0,0.07,0.04,0.10
2370.0,0.05,0.02,0.07
2380.0,0.05,0.02,0.09
2390.0,0.05,0.03,0.08
2400.0,0.05,0.03,0.08
2410.0,0.05,0.03,0.07
2420.0,0.05,0.02,0.08
2430.0,0.05,0.03,0.08
2440.0,0.08,0.04,0.11
2450.0,0.06,0.04,0.09
2460.0,0.06,0.03,0.09
2470.0,0.07,0.04,0.10
2480.0,0.06,0.03,0.08
2490.0,0.06,0.03,0.09
2500.0,0.04,0.02,0.07
2510.0,0.05,0.02,0.07
2520.0,0.06,0.03,0.09
2530.0,0.06,0.02,0.09
2540.0,0.05,0.02,0.08
2550.0,0.08,0.05,0.12
2560.0,0.06,0.03,0.09
2570.0,0.05,0.02,0.08
2580.0,0.05,0.03,0.08
2590.0,0.05,0.02,0.08
2600.0,0.06,0.04,0.09
2610.0,0.06,0.03,0.09
2620.0,0.07,0.04,0.09
2630.0,0.06,0.03,0.09
2640.0,0.07,0.04,0.10
2650.0,0.05,0.02,0.07
2660.0,0.05,0.02,0.08
2670.0,0.07,0.04,0.10
2680.0,0.06,0.03,0.09
2690.0,0.06,0.03,0.09
2700.0,0.03,0.01,0.05
2710.0,0.05,0.02,0.08
2720.0,0.06,0.03,0.09
2730.0,0.09,0.05,0.13
2740.0,0.06,0.03,0.09
2750.0,0.04,0.02,0.07
2760.0,0.06,0.03,0.08
2770.0,0.07,0.04,0.11
2780.0,0.07,0.04,0.10
2790.0,0.06,0.04,0.09
2800.0,0.06,0.03,0.09
2810.0,0.05,0.03,0.08
2820.0,0.04,0.02,0.06
2830.0,0.06,0.03,0.09
2840.0,0.06,0.03,0.09
2850.0,0.05,0.03,0.07
2860.0,0.08,0.04,0.11
2870.0,0.06,0.03,0.08
2880.0,0.06,0.03,0.09
2890.0,0.07,0.04,0.10
2900.0,0.05,0.02,0.08
2910.0,0.07,0.05,0.10
2920.0,0.04,0.02,0.06
2930.0,0.06,0.03,0.08
2940.0,0.05,0.02,0.07
2950.0,0.06,0.03,0.10
2960.0,0.07,0.04,0.10
2970.0,0.04,0.02,0.07
2980.0,0.05,0.02,0.07
2990.0,0.05,0.03,0.08
3000.0,0.05,0.02,0.08
3010.0,0.06,0.03,0.09
3020.0,0.05,0.02,0.07
3030.0,0.06,0.03,0.09
3040.0,0.06,0.03,0.08
3050.0,0.06,0.03,0.10
3060.0,0.04,0.02,0.06
3070.0,0.05,0.02,0.08
3080.0,0.06,0.03,0.09
3090.0,0.06,0.03,0.09
3100.0,0.05,0.03,0.08
3110.0,0.08,0.04,0.12
3120.0,0.06,0.03,0.09
3130.0,0.06,0.03,0.09
3140.0,0.04,0.02,0.07
3150.0,0.05,0.03,0.08
3160.0,0.05,0.02,0.07
3170.0,0.06,0.02,0.09
3180.0,0.07,0.04,0.11
3190.0,0.06,0.03,0.09
3200.0,0.06,0.03,0.09
3210.0,0.04,0.01,0.06
3220.0,0.05,0.03,0.07
3230.0,0.07,0.04,0.10
3240.0,0.06,0.03,0.08
3250.0,0.05,0.02,0.07
3260.0,0.06,0.04,0.09
3270.0,0.05,0.02,0.08
3280.0,0.05,0.02,0.07
3290.0,0.09,0.05,0.12
3300.0,0.06,0.03,0.09
3310.0,0.06,0.03,0.09
3320.0,0.04,0.02,0.06
3330.0,0.04,0.02,0.07
3340.0,0.07,0.04,0.10
3350.0,0.06,0.03,0.09
3360.0,0.07,0.04,0.09
3370.0,0.07,0.03,0.11
3380.0,0.06,0.03,0.10
3390.0,0.06,0.03,0.09
3400.0,0.08,0.04,0.11
3410.0,0.05,0.03,0.08
3420.0,0.05,0.02,0.07
3430.0,0.04,0.02,0.06
3440.0,0.05,0.03,0.07
3450.0,0.04,0.02,0.07
3460.0,0.05,0.03,0.07
3470.0,0.06,0.03,0.09
3480.0,0.08,0.04,0.11
3490.0,0.06,0.03,0.08
3500.0,0.06,0.04,0.09
3510.0,0.05,0.03,0.08
3520.0,0.06,0.03,0.09
3530.0,0.06,0.03,0.09
3540.0,0.05,0.03,0.07
3550.0,0.07,0.04,0.10
3560.0,0.05,0.03,0.07
3570.0,0.07,0.04,0.11
3580.0,0.06,0.03,0.09
3590.0,0.07,0.03,0.10
3600.0,0.07,0.04,0.10
3610.0,0.05,0.02,0.07
3620.0,0.05,0.02,0.08
3630.0,0.05,0.02,0.07
3640.0,0.06,0.04,0.09
3650.0,0.06,0.03,0.09
3660.0,0.05,0.02,0.08
3670.0,0.06,0.03,0.09
3680.0,0.04,0.02,0.06
3690.0,0.08,0.04,0.11
3700.0,0.07,0.04,0.10
3710.0,0.07,0.03,0.10
3720.0,0.08,0.05,0.10
3730.0,0.05,0.02,0.08
3740.0,0.05,0.03,0.08
3750.0,0.04,0.02,0.07
3760.0,0.06,0.03,0.09
3770.0,0.06,0.03,0.09
3780.0,0.08,0.05,0.11
3790.0,0.06,0.03,0.08
3800.0,0.06,0.03,0.09
3810.0,0.07,0.04,0.11
3820.0,0.06,0.03,0.09
3830.0,0.08,0.04,0.12
3840.0,0.06,0.03,0.09
3850.0,0.05,0.03,0.08
3860.0,0.06,0.03,0.09
3870.0,0.06,0.03,0.09
3880.0,0.06,0.03,0.09
3890.0,0.06,0.03,0.08
3900.0,0.05,0.03,0.07
3910.0,0.07,0.04,0.10
3920.0,0.06,0.03,0.10
3930.0,0.07,0.04,0.10
3940.0,0.07,0.04,0.10
3950.0,0.04,0.02,0.06
3960.0,0.07,0.04,0.10
3970.0,0.07,0.04,0.09
3980.0,0.05,0.03,0.08
3990.0,0.04,0.02,0.06
4000.0,0.05,0.03,0.08
4010.0,0.04,0.02,0.07
4020.0,0.06,0.03,0.09
4030.0,0.07,0.04,0.11
4040.0,0.05,0.02,0.07
4050.0,0.05,0.03,0.08
4060.0,0.05,0.03,0.07
4070.0,0.06,0.03,0.09
4080.0,0.07,0.04,0.10
4090.0,0.06,0.04,0.09
4100.0,0.05,0.03,0.08
4110.0,0.07,0.03,0.11
4120.0,0.07,0.04,0.11
4130.0,0.07,0.03,0.10
4140.0,0.06,0.03,0.09
4150.0,0.07,0.04,0.10
4160.0,0.05,0.02,0.07
4170.0,0.06,0.03,0.09
4180.0,0.05,0.03,0.08
4190.0,0.06,0.03,0.08
4200.0,0.08,0.05,0.12
4210.0,0.05,0.02,0.08
4220.0,0.06,0.03,0.09
4230.0,0.05,0.02,0.07
4240.0,0.06,0.04,0.09
4250.0,0.07,0.04,0.10
4260.0,0.05,0.02,0.08
4270.0,0.06,0.04,0.09
4280.0,0.07,0.03,0.10
4290.0,0.06,0.03,0.08
4300.0,0.05,0.03,0.08
4310.0,0.05,0.03,0.07
4320.0,0.05,0.02,0.08
4330.0,0.06,0.04,0.08
4340.0,0.05,0.03,0.08
4350.0,0.06,0.03,0.09
4360.0,0.05,0.03,0.08
4370.0,0.06,0.03,0.09
4380.0,0.05,0.02,0.08
4390.0,0.04,0.02,0.06
4400.0,0.05,0.02,0.07
4410.0,0.06,0.03,0.08
4420.0,0.06,0.04,0.09
4430.0,0.07,0.04,0.10
4440.0,0.07,0.05,0.10
4450.0,0.05,0.03,0.07
4460.0,0.06,0.03,0.08
4470.0,0.07,0.03,0.10
4480.0,0.08,0.05,0.11
4490.0,0.04,0.02,0.06
4500.0,0.07,0.04,0.10
