trial,mean,ci_down,ci_up
0.0,62.33,59.40,65.26
10.0,60.79,58.12,63.47
20.0,59.91,57.39,62.42
30.0,60.05,57.48,62.61
40.0,60.10,57.79,62.40
50.0,59.55,57.43,61.66
60.0,58.90,57.07,60.74
70.0,59.72,57.36,62.09
80.0,58.80,56.33,61.27
90.0,58.77,56.37,61.16
100.0,58.29,55.81,60.77
110.0,59.21,56.56,61.86
120.0,58.54,56.20,60.89
130.0,58.93,56.57,61.30
140.0,58.53,56.27,60.79
150.0,57.91,55.81,60.02
160.0,57.70,55.37,60.04
170.0,58.89,56.66,61.12
180.0,58.63,56.48,60.79
190.0,57.49,55.59,59.39
200.0,57.55,55.18,59.93
210.0,57.44,54.62,60.26
220.0,57.09,55.10,59.08
230.0,56.02,53.56,58.49
240.0,57.36,55.61,59.12
250.0,57.36,54.99,59.73
260.0,58.14,55.50,60.78
270.0,57.76,55.33,60.19
280.0,57.56,54.98,60.15
290.0,56.13,54.14,58.13
300.0,57.05,54.51,59.59
310.0,57.01,54.96,59.05
320.0,56.43,53.97,58.89
330.0,56.03,53.41,58.65
340.0,55.66,53.51,57.82
350.0,57.06,54.61,59.51
360.0,56.53,54.57,58.48
370.0,56.02,53.85,58.19
380.0,56.38,54.26,58.50
390.0,56.71,54.24,59.18
400.0,55.45,52.99,57.91
410.0,55.55,53.28,57.83
420.0,55.96,53.43,58.49
430.0,56.01,53.40,58.62
440.0,56.47,54.28,58.66
450.0,56.83,54.71,58.94
460.0,57.18,55.03,59.33
470.0,56.25,54.10,58.41
480.0,55.99,53.63,58.35
490.0,55.23,52.90,57.57
500.0,56.34,54.31,58.37
510.0,55.15,53.16,57.14
520.0,55.46,53.02,57.89
530.0,55.47,52.85,58.08
540.0,55.15,53.10,57.19
550.0,56.62,54.88,58.36
560.0,55.13,52.93,57.32
570.0,54.67,52.51,56.84
580.0,55.85,53.23,58.47
590.0,55.22,53.03,57.41
600.0,55.83,53.36,58.30
610.0,54.87,52.78,56.97
620.0,55.42,53.36,57.49
630.0,56.05,53.65,58.46
640.0,55.17,53.27,57.07
650.0,55.30,53.31,57.30
660.0,55.09,53.02,57.17
670.0,55.26,52.81,57.72
680.0,53.92,51.46,56.38
690.0,54.79,52.53,57.05
700.0,54.88,52.72,57.03
710.0,55.41,53.58,57.24
720.0,56.08,54.01,58.14
730.0,55.15,52.69,57.60
740.0,54.98,52.54,57.43
750.0,53.45,51.22,55.68
760.0,54.93,52.84,57.02
770.0,54.88,52.48,57.28
780.0,55.78,53.73,57.83
790.0,54.71,52.83,56.60
800.0,54.17,51.84,56.50
810.0,56.07,54.02,58.11
820.0,54.88,53.16,56.60
830.0,54.41,52.57,56.25
840.0,54.52,52.43,56.60
850.0,54.94,53.15,56.74
860.0,54.61,52.43,56.80
870.0,54.58,52.30,56.86
880.0,54.85,52.78,56.92
890.0,53.76,51.69,55.84
900.0,54.18,51.78,56.58
910.0,53.83,51.75,55.91
920.0,55.63,53.65,57.61
930.0,54.16,52.26,56.06
940.0,54.34,52.35,56.34
950.0,54.90,52.64,57.17
960.0,55.13,53.15,57.11
970.0,55.40,53.30,57.50
980.0,54.82,52.50,57.15
990.0,53.94,51.43,56.45
1000.0,54.51,52.66,56.36
1010.0,54.99,53.35,56.62
1020.0,53.16,51.21,55.11
1030.0,53.46,51.36,55.56
1040.0,54.62,52.45,56.78
1050.0,55.47,53.32,57.62
1060.0,54.68,52.54,56.82
1070.0,54.39,52.38,56.41
1080.0,52.92,50.97,54.86
1090.0,54.58,52.35,56.81
1100.0,53.63,51.82,55.43
1110.0,53.75,51.56,55.95
1120.0,55.10,52.85,57.35
1130.0,53.86,51.47,56.25
1140.0,53.58,51.53,55.62
1150.0,54.43,52.34,56.52
1160.0,53.69,51.56,55.83
1170.0,54.08,52.35,55.81
1180.0,54.33,52.50,56.16
1190.0,55.66,53.47,57.86
1200.0,54.63,52.12,57.14
1210.0,52.57,50.68,54.46
1220.0,53.38,51.16,55.61
1230.0,53.32,51.34,55.30
1240.0,53.70,51.89,55.51
1250.0,55.26,52.84,57.67
1260.0,54.85,52.64,57.06
1270.0,52.69,50.45,54.93
1280.0,56.21,53.91,58.51
1290.0,54.37,52.23,56.50
1300.0,53.63,51.57,55.69
1310.0,54.61,52.35,56.87
1320.0,53.59,51.17,56.01
1330.0,53.96,51.72,56.19
1340.0,53.52,51.35,55.69
1350.0,54.60,52.48,56.72
1360.0,54.18,52.02,56.35
1370.0,53.63,51.58,55.67
1380.0,54.16,52.07,56.24
1390.0,53.19,50.82,55.56
1400.0,53.33,51.01,55.65
1410.0,54.36,52.37,56.34
1420.0,54.42,52.12,56.71
1430.0,55.38,53.19,57.57
1440.0,54.02,52.01,56.04
1450.0,55.01,52.87,57.15
1460.0,53.99,51.89,56.10
1470.0,53.00,51.17,54.84
1480.0,54.76,52.48,57.04
1490.0,53.46,51.59,55.34
1500.0,53.43,51.37,55.49
1510.0,53.96,51.77,56.16
1520.0,52.71,50.38,55.04
1530.0,53.95,51.70,56.19
1540.0,53.66,51.61,55.71
1550.0,53.90,51.62,56.18
1560.0,54.00,51.79,56.21
1570.0,53.96,51.92,56.00
1580.0,53.12,50.96,55.29
1590.0,53.50,51.63,55.37
1600.0,53.35,51.17,55.52
1610.0,54.92,52.63,57.21
1620.0,53.74,51.45,56.04
1630.0,52.77,50.81,54.73
1640.0,53.74,51.80,55.68
1650.0,53.09,50.89,55.29
1660.0,53.34,51.29,55.40
1670.0,53.73,51.57,55.90
1680.0,53.71,51.26,56.16
1690.0,53.30,51.35,55.25
1700.0,54.00,51.67,56.32
1710.0,52.76,50.63,54.90
1720.0,53.42,51.42,55.41
1730.0,53.41,51.22,55.60
1740.0,53.78,51.59,55.98
1750.0,53.81,51.73,55.89
1760.0,54.99,52.90,57.09
1770.0,53.83,51.56,56.10
1780.0,54.61,52.46,56.77
1790.0,52.97,50.73,55.21
1800.0,54.08,51.99,56.17
1810.0,53.53,51.63,55.43
1820.0,53.65,51.79,55.52
1830.0,53.48,51.32,55.63
1840.0,53.50,51.44,55.55
1850.0,53.64,51.75,55.53
1860.0,53.81,51.59,56.03
1870.0,53.58,51.49,55.67
1880.0,53.24,51.12,55.37
1890.0,53.88,51.82,55.94
1900.0,54.16,52.18,56.13
1910.0,53.30,51.35,55.25
1920.0,53.42,51.43,55.40
1930.0,53.63,51.77,55.49
1940.0,52.50,50.65,54.35
1950.0,53.30,51.09,55.51
1960.0,53.29,51.14,55.45
1970.0,52.98,51.15,54.80
1980.0,54.22,52.44,56.01
1990.0,52.44,50.65,54.23
2000.0,53.45,51.14,55.75
2010.0,54.03,51.69,56.37
2020.0,53.70,51.56,55.84
2030.0,52.80,50.78,54.83
2040.0,53.15,51.11,55.20
2050.0,52.65,50.74,54.57
2060.0,53.66,51.36,55.96
2070.0,53.26,51.13,55.38
2080.0,53.97,51.48,56.46
2090.0,53.27,51.15,55.40
2100.0,53.75,51.75,55.74
2110.0,54.02,52.21,55.83
2120.0,52.14,50.08,54.20
2130.0,54.03,51.83,56.24
2140.0,54.04,51.92,56.16
2150.0,53.93,51.84,56.02
2160.0,53.47,51.35,55.59
2170.0,52.96,50.99,54.93
2180.0,52.90,50.68,55.12
2190.0,52.68,50.78,54.59
2200.0,52.78,50.50,55.05
2210.0,53.41,51.39,55.42
2220.0,54.02,51.89,56.15
2230.0,52.75,50.96,54.54
2240.0,53.16,50.62,55.70
2250.0,53.62,51.43,55.82
2260.0,52.80,50.69,54.91
2270.0,52.95,50.85,55.06
2280.0,53.52,51.43,55.60
2290.0,53.08,50.94,55.21
2300.0,52.75,50.63,54.88
2310.0,54.15,52.12,56.18
2320.0,52.81,50.71,54.92
2330.0,52.92,51.12,54.72
2340.0,52.69,50.73,54.65
2350.0,52.21,50.16,54.25
2360.0,52.80,50.75,54.85
2370.0,53.59,51.43,55.74
2380.0,52.19,50.22,54.15
2390.0,53.28,51.13,55.43
2400.0,52.79,50.87,54.71
2410.0,52.70,50.66,54.75
2420.0,53.47,51.57,55.36
2430.0,52.73,51.21,54.25
2440.0,52.67,50.69,54.66
2450.0,53.50,51.67,55.33
2460.0,53.72,51.53,55.90
2470.0,53.81,51.19,56.44
2480.0,53.64,51.59,55.69
2490.0,53.50,51.15,55.86
2500.0,53.09,51.32,54.85
2510.0,52.97,50.66,55.28
2520.0,53.11,51.14,55.07
2530.0,53.49,51.45,55.53
2540.0,53.68,51.59,55.77
2550.0,52.54,50.37,54.71
2560.0,52.56,50.48,54.64
2570.0,52.74,50.65,54.83
2580.0,52.84,50.92,54.76
2590.0,53.54,51.21,55.88
2600.0,52.94,50.88,54.99
2610.0,53.73,51.76,55.70
2620.0,52.81,50.66,54.95
2630.0,52.80,50.52,55.08
2640.0,52.70,50.54,54.87
2650.0,52.77,50.73,54.80
2660.0,53.83,51.90,55.77
2670.0,53.69,51.34,56.05
2680.0,52.96,50.74,55.18
2690.0,53.02,50.90,55.14
2700.0,54.61,52.26,56.95
2710.0,53.32,51.01,55.63
2720.0,54.06,51.82,56.30
2730.0,52.21,49.62,54.80
2740.0,53.17,50.74,55.59
2750.0,53.55,51.41,55.69
2760.0,52.21,50.52,53.89
2770.0,53.70,51.44,55.96
2780.0,54.09,51.85,56.33
2790.0,53.23,51.07,55.40
2800.0,53.19,51.01,55.38
2810.0,52.54,50.40,54.68
2820.0,52.56,50.58,54.54
2830.0,53.52,51.05,55.99
2840.0,52.69,50.87,54.51
2850.0,52.67,50.78,54.56
2860.0,53.39,51.23,55.56
2870.0,52.36,50.06,54.66
2880.0,53.33,51.53,55.14
2890.0,53.10,50.71,55.49
2900.0,53.02,50.92,55.12
2910.0,53.05,50.94,55.16
2920.0,52.79,50.40,55.17
2930.0,52.53,50.40,54.67
2940.0,52.81,50.75,54.86
2950.0,53.63,51.09,56.17
2960.0,53.07,51.08,55.06
2970.0,53.19,50.86,55.51
2980.0,52.30,49.98,54.62
2990.0,51.47,49.16,53.78
3000.0,52.73,50.35,55.12
3010.0,53.35,51.29,55.40
3020.0,52.87,50.50,55.25
3030.0,52.72,50.81,54.62
3040.0,53.84,51.44,56.25
3050.0,53.05,50.92,55.18
3060.0,53.28,51.00,55.56
3070.0,53.48,51.45,55.51
3080.0,52.89,50.61,55.17
3090.0,52.69,50.53,54.84
3100.0,53.18,51.16,55.19
3110.0,53.35,51.46,55.23
3120.0,53.06,50.76,55.36
3130.0,53.35,51.21,55.50
3140.0,53.49,51.38,55.60
3150.0,52.93,51.05,54.81
3160.0,53.43,51.42,55.44
3170.0,53.15,50.95,55.35
3180.0,52.66,50.91,54.40
3190.0,53.26,50.74,55.78
3200.0,52.88,50.70,55.07
3210.0,53.20,51.35,55.06
3220.0,53.49,51.28,55.70
3230.0,52.15,50.20,54.10
3240.0,53.12,51.19,55.05
3250.0,53.17,51.07,55.28
3260.0,53.13,50.66,55.61
3270.0,52.89,50.81,54.96
3280.0,54.31,52.06,56.56
3290.0,53.05,50.81,55.28
3300.0,53.13,50.69,55.57
3310.0,52.10,49.85,54.36
3320.0,52.03,50.05,54.02
3330.0,52.17,50.20,54.13
3340.0,52.51,50.19,54.84
3350.0,52.38,50.23,54.54
3360.0,54.56,52.14,56.97
3370.0,52.43,50.18,54.67
3380.0,52.24,50.10,54.38
3390.0,53.70,51.11,56.28
3400.0,53.54,51.36,55.71
3410.0,52.26,49.88,54.65
3420.0,53.03,51.14,54.92
3430.0,52.33,50.38,54.29
3440.0,52.91,50.97,54.85
3450.0,53.21,51.04,55.38
3460.0,52.46,50.51,54.42
3470.0,52.67,50.29,55.05
3480.0,52.55,50.56,54.54
3490.0,52.42,50.53,54.31
3500.0,52.78,50.52,55.04
3510.0,53.10,50.73,55.48
3520.0,53.45,51.38,55.51
3530.0,52.62,50.03,55.21
3540.0,52.52,50.16,54.88
3550.0,52.54,50.26,54.82
3560.0,52.36,50.15,54.58
3570.0,52.13,49.97,54.29
3580.0,51.53,49.44,53.62
3590.0,53.34,50.73,55.94
3600.0,52.94,50.61,55.26
3610.0,53.14,50.82,55.47
3620.0,52.99,50.86,55.12
3630.0,52.59,50.45,54.73
3640.0,52.48,50.48,54.47
3650.0,53.08,50.75,55.41
3660.0,52.18,50.15,54.21
3670.0,53.22,50.67,55.77
3680.0,52.22,49.80,54.64
3690.0,53.37,51.04,55.70
3700.0,52.11,50.48,53.73
3710.0,52.62,50.10,55.13
3720.0,52.19,50.22,54.16
3730.0,53.28,51.58,54.98
3740.0,52.29,50.56,54.03
3750.0,52.55,50.41,54.69
3760.0,51.60,49.31,53.90
3770.0,53.50,51.41,55.59
3780.0,53.21,50.69,55.74
3790.0,52.29,50.23,54.35
3800.0,52.41,50.18,54.64
3810.0,53.28,51.16,55.41
3820.0,53.14,50.79,55.49
3830.0,52.80,50.85,54.76
3840.0,52.85,50.96,54.74
3850.0,52.87,50.86,54.87
3860.0,52.55,49.94,55.17
3870.0,52.20,49.93,54.46
3880.0,52.58,50.41,54.75
3890.0,52.17,50.11,54.24
3900.0,52.49,50.39,54.58
3910.0,53.13,51.11,55.15
3920.0,52.81,50.90,54.72
3930.0,52.32,50.43,54.21
3940.0,52.72,50.65,54.79
3950.0,52.97,50.77,55.17
3960.0,52.90,50.83,54.97
3970.0,52.31,50.24,54.37
3980.0,53.47,51.02,55.92
3990.0,54.24,52.44,56.05
4000.0,52.38,50.26,54.50
4010.0,53.03,50.75,55.31
4020.0,52.81,50.47,55.16
4030.0,52.40,50.45,54.35
4040.0,52.92,50.67,55.16
4050.0,52.75,50.56,54.94
4060.0,53.51,51.87,55.16
4070.0,52.10,50.17,54.03
4080.0,52.03,49.93,54.13
4090.0,53.23,50.71,55.75
4100.0,53.53,51.45,55.62
4110.0,52.40,50.49,54.30
4120.0,52.83,50.68,54.99
4130.0,52.32,50.37,54.27
4140.0,52.18,50.23,54.14
4150.0,52.68,50.28,55.07
4160.0,52.55,50.29,54.82
4170.0,53.09,51.07,55.11
4180.0,52.83,51.00,54.67
4190.0,53.29,51.01,55.57
4200.0,52.15,49.75,54.55
4210.0,52.48,50.52,54.43
4220.0,52.25,50.33,54.16
4230.0,51.91,49.39,54.42
4240.0,53.32,51.42,55.23
4250.0,52.47,50.35,54.59
4260.0,52.52,50.18,54.85
4270.0,52.65,50.61,54.69
4280.0,53.03,51.10,54.97
4290.0,52.24,49.91,54.57
4300.0,52.27,50.26,54.29
4310.0,52.80,50.95,54.65
4320.0,51.68,49.49,53.87
4330.0,53.36,50.95,55.77
4340.0,51.84,49.65,54.03
4350.0,51.26,49.29,53.24
4360.0,53.34,51.40,55.28
4370.0,52.06,49.87,54.25
4380.0,52.91,51.13,54.69
4390.0,54.05,51.57,56.53
4400.0,52.84,50.57,55.10
4410.0,53.56,51.17,55.96
4420.0,52.39,50.54,54.23
4430.0,54.41,51.98,56.85
4440.0,51.77,49.35,54.19
4450.0,52.17,50.36,53.98
4460.0,51.68,49.66,53.70
4470.0,51.82,50.02,53.62
4480.0,52.91,50.78,55.04
4490.0,52.40,50.29,54.50
4500.0,53.04,50.56,55.53
