trial,mean,ci_down,ci_up
0.0,47.83,14.47,81.20
10.0,42.32,12.86,71.79
20.0,48.86,5.77,91.95
30.0,47.37,-5.00,99.74
40.0,47.63,-25.52,120.79
50.0,45.93,-20.90,112.75
60.0,42.85,-0.72,86.42
70.0,44.49,-13.21,102.18
80.0,44.71,18.32,71.10
90.0,39.09,20.14,58.03
100.0,46.95,24.08,69.82
110.0,43.41,5.84,80.98
120.0,41.05,-1.08,83.18
130.0,44.44,25.41,63.48
140.0,39.65,28.31,50.99
150.0,49.47,-21.45,120.39
160.0,47.86,10.37,85.35
170.0,46.94,-9.53,103.40
180.0,38.73,10.07,67.38
190.0,43.58,18.51,68.65
200.0,40.10,6.52,73.69
210.0,38.21,9.01,67.40
220.0,41.68,-6.68,90.03
230.0,45.30,-2.98,93.58
240.0,40.94,4.33,77.54
250.0,41.79,-19.04,102.63
260.0,40.81,25.06,56.56
270.0,44.88,15.20,74.56
280.0,41.97,-2.69,86.63
290.0,46.09,20.96,71.22
300.0,41.98,19.27,64.69
310.0,39.96,31.35,48.57
320.0,44.17,19.31,69.03
330.0,43.20,21.28,65.12
340.0,41.18,7.44,74.93
350.0,41.31,34.75,47.87
360.0,42.27,18.83,65.71
370.0,38.33,11.41,65.25
380.0,39.58,8.89,70.28
390.0,35.91,18.75,53.06
400.0,38.00,17.44,58.56
410.0,43.62,5.12,82.12
420.0,39.93,-7.92,87.78
430.0,44.78,34.88,54.69
440.0,41.26,9.53,72.99
450.0,40.61,-1.00,82.22
460.0,41.10,-4.90,87.09
470.0,37.14,14.66,59.62
480.0,42.48,-16.57,101.53
490.0,39.28,-13.23,91.80
500.0,44.27,1.38,87.15
510.0,40.50,28.74,52.27
520.0,41.84,-2.27,85.95
530.0,38.91,-0.59,78.41
540.0,39.76,32.95,46.58
550.0,38.68,30.37,46.98
560.0,35.98,6.38,65.57
570.0,40.34,10.63,70.04
580.0,41.62,16.46,66.78
590.0,43.03,2.09,83.97
600.0,39.73,20.69,58.77
610.0,36.34,23.28,49.41
620.0,39.41,6.59,72.23
630.0,35.97,19.55,52.38
640.0,38.67,6.86,70.49
650.0,40.96,23.91,58.01
660.0,42.37,36.14,48.61
670.0,39.50,16.37,62.64
680.0,39.41,7.42,71.41
690.0,42.72,9.44,76.01
700.0,36.79,18.82,54.75
710.0,40.19,2.78,77.59
720.0,40.45,24.44,56.45
730.0,37.18,33.80,40.56
740.0,40.02,24.69,55.34
750.0,41.06,12.21,69.90
760.0,40.04,31.20,48.87
770.0,38.70,-8.11,85.52
780.0,38.66,25.22,52.10
790.0,39.41,6.00,72.82
800.0,40.63,27.30,53.95
810.0,37.67,20.19,55.15
820.0,37.00,17.02,56.98
830.0,37.97,20.11,55.84
840.0,38.58,23.99,53.17
850.0,37.49,1.33,73.64
860.0,41.81,-11.48,95.10
870.0,36.89,23.54,50.24
880.0,41.70,3.01,80.39
890.0,37.58,5.07,70.09
900.0,40.18,-0.01,80.36
910.0,41.83,9.22,74.43
920.0,35.71,-1.83,73.26
930.0,36.76,-1.28,74.80
940.0,39.33,24.44,54.23
950.0,37.79,16.26,59.33
960.0,38.14,26.58,49.71
970.0,38.54,14.61,62.47
980.0,37.77,20.65,54.89
990.0,38.45,23.62,53.29
1000.0,39.55,25.93,53.17
1010.0,40.02,9.80,70.24
1020.0,36.18,4.09,68.28
1030.0,41.08,10.39,71.76
1040.0,37.90,-6.72,82.51
1050.0,42.54,26.04,59.04
1060.0,39.51,20.02,58.99
1070.0,37.78,-11.36,86.92
1080.0,39.26,27.76,50.76
1090.0,37.70,22.27,53.13
1100.0,40.37,2.60,78.13
1110.0,38.65,17.21,60.08
1120.0,41.28,17.93,64.64
1130.0,38.85,34.46,43.23
1140.0,39.17,35.20,43.15
1150.0,38.31,15.87,60.76
1160.0,35.84,10.66,61.02
1170.0,38.65,26.72,50.57
1180.0,44.42,15.32,73.51
1190.0,37.13,12.14,62.13
1200.0,39.53,22.43,56.62
1210.0,40.16,-0.98,81.30
1220.0,38.16,24.03,52.30
1230.0,39.01,22.49,55.53
1240.0,39.02,1.74,76.30
1250.0,34.02,0.51,67.54
1260.0,37.28,2.40,72.15
1270.0,39.94,15.43,64.44
1280.0,38.39,4.61,72.16
1290.0,40.62,31.48,49.76
1300.0,35.65,5.60,65.70
1310.0,36.05,12.98,59.11
1320.0,35.42,8.27,62.58
1330.0,34.28,4.88,63.68
1340.0,37.85,9.58,66.12
1350.0,41.75,-7.19,90.69
1360.0,35.72,28.19,43.25
1370.0,39.94,-5.11,85.00
1380.0,38.08,31.85,44.32
1390.0,34.27,20.40,48.14
1400.0,38.33,-2.06,78.72
1410.0,37.38,24.68,50.08
1420.0,41.73,13.48,69.99
1430.0,39.44,14.49,64.39
1440.0,38.26,17.51,59.01
1450.0,40.91,32.51,49.31
1460.0,38.81,5.87,71.76
1470.0,35.51,25.57,45.46
1480.0,39.35,22.90,55.79
1490.0,37.33,13.44,61.23
1500.0,42.56,26.66,58.46
1510.0,38.67,19.68,57.66
1520.0,39.13,26.02,52.23
1530.0,37.44,9.21,65.68
1540.0,38.07,13.71,62.42
1550.0,36.82,-1.90,75.54
1560.0,38.12,22.87,53.37
1570.0,37.20,29.26,45.15
1580.0,37.89,26.83,48.95
1590.0,39.46,10.91,68.00
1600.0,40.18,-14.63,94.99
1610.0,38.05,3.47,72.63
1620.0,35.53,16.24,54.83
1630.0,41.42,21.20,61.64
1640.0,38.90,24.64,53.16
1650.0,42.04,21.86,62.21
1660.0,38.58,32.88,44.27
1670.0,35.38,16.88,53.88
1680.0,36.08,4.96,67.20
1690.0,36.19,16.07,56.30
1700.0,36.88,24.81,48.94
1710.0,37.14,-1.00,75.29
1720.0,35.57,33.31,37.82
1730.0,37.86,8.68,67.05
1740.0,39.88,16.56,63.20
1750.0,42.92,40.97,44.88
1760.0,36.12,12.87,59.36
1770.0,41.89,11.67,72.10
1780.0,35.62,-0.32,71.56
1790.0,36.00,12.99,59.01
1800.0,37.49,22.68,52.29
1810.0,36.61,1.74,71.48
1820.0,40.56,29.30,51.82
1830.0,36.01,26.75,45.28
1840.0,39.00,-5.22,83.21
1850.0,42.14,-7.96,92.24
1860.0,36.21,14.73,57.69
1870.0,38.51,6.78,70.25
1880.0,33.86,20.35,47.37
1890.0,37.52,19.74,55.29
1900.0,38.50,29.84,47.16
1910.0,37.82,0.33,75.31
1920.0,37.62,30.11,45.12
1930.0,36.36,16.56,56.17
1940.0,37.66,-24.02,99.35
1950.0,35.54,13.42,57.66
1960.0,35.46,17.57,53.35
1970.0,38.22,29.88,46.56
1980.0,36.61,17.48,55.74
1990.0,37.39,-4.47,79.25
2000.0,36.44,30.74,42.14
2010.0,33.64,27.93,39.35
2020.0,36.82,15.71,57.93
2030.0,37.64,-6.21,81.49
2040.0,36.96,1.50,72.43
2050.0,39.18,32.75,45.60
2060.0,36.23,0.59,71.86
2070.0,35.47,19.47,51.47
2080.0,42.18,5.82,78.55
2090.0,34.71,9.36,60.07
2100.0,40.02,8.36,71.68
2110.0,35.43,21.05,49.81
2120.0,37.06,30.33,43.80
2130.0,39.68,18.38,60.97
2140.0,29.99,25.77,34.21
2150.0,36.80,27.99,45.61
2160.0,42.80,11.34,74.26
2170.0,37.13,29.00,45.26
2180.0,35.13,18.32,51.94
2190.0,35.79,12.34,59.24
2200.0,34.05,5.56,62.53
2210.0,34.86,4.64,65.08
2220.0,34.60,18.38,50.82
2230.0,39.63,3.82,75.44
2240.0,33.03,19.69,46.36
2250.0,37.42,30.69,44.15
2260.0,37.67,29.38,45.95
2270.0,35.67,26.21,45.14
2280.0,37.40,23.89,50.92
2290.0,37.07,8.54,65.60
2300.0,35.43,25.10,45.76
2310.0,36.11,23.36,48.85
2320.0,36.16,30.40,41.92
2330.0,37.15,-3.23,77.54
2340.0,38.30,28.98,47.62
2350.0,33.42,17.92,48.92
2360.0,34.81,14.40,55.21
2370.0,36.96,13.98,59.94
2380.0,33.93,26.73,41.13
2390.0,32.35,18.20,46.49
2400.0,35.99,31.85,40.13
2410.0,37.08,11.90,62.27
2420.0,31.41,18.16,44.66
2430.0,36.55,26.29,46.81
2440.0,35.44,15.67,55.22
2450.0,35.37,2.75,67.99
2460.0,36.35,32.16,40.54
2470.0,36.62,1.14,72.11
2480.0,39.72,8.34,71.09
2490.0,37.80,27.08,48.52
2500.0,35.05,8.89,61.21
2510.0,34.77,18.29,51.24
2520.0,36.51,22.30,50.72
2530.0,36.40,13.29,59.52
2540.0,32.24,14.27,50.21
2550.0,34.28,21.93,46.63
2560.0,36.60,14.00,59.20
2570.0,34.02,11.31,56.73
2580.0,35.84,17.68,54.01
2590.0,37.13,-1.05,75.31
2600.0,37.39,22.50,52.28
2610.0,33.61,9.17,58.06
2620.0,32.67,0.73,64.62
2630.0,38.41,20.67,56.15
2640.0,37.54,26.68,48.41
2650.0,36.48,-2.56,75.52
2660.0,32.43,13.72,51.14
2670.0,33.52,23.43,43.61
2680.0,37.33,23.91,50.76
2690.0,37.72,-3.08,78.51
2700.0,32.13,10.80,53.46
2710.0,34.90,23.96,45.84
2720.0,38.95,27.43,50.47
2730.0,35.46,10.25,60.67
2740.0,37.37,8.55,66.19
2750.0,37.04,19.90,54.19
2760.0,34.63,25.78,43.47
2770.0,33.70,15.16,52.24
2780.0,36.77,2.82,70.73
2790.0,34.07,13.16,54.99
2800.0,34.65,3.14,66.15
2810.0,32.93,-1.90,67.75
2820.0,35.34,20.47,50.21
2830.0,33.35,20.12,46.59
2840.0,38.51,4.95,72.06
2850.0,36.27,15.56,56.97
2860.0,37.74,24.68,50.79
2870.0,33.67,18.37,48.98
2880.0,35.14,20.02,50.26
2890.0,35.07,10.79,59.36
2900.0,36.42,18.01,54.82
2910.0,36.71,-6.26,79.69
2920.0,33.17,14.86,51.48
2930.0,35.19,21.44,48.95
2940.0,36.19,17.80,54.59
2950.0,36.96,11.23,62.69
2960.0,34.92,22.36,47.47
2970.0,33.47,19.52,47.42
2980.0,35.87,-4.32,76.07
2990.0,38.11,-1.09,77.31
3000.0,38.22,-5.87,82.31
3010.0,34.07,22.88,45.26
3020.0,37.28,-4.16,78.71
3030.0,33.22,12.73,53.71
3040.0,34.45,23.73,45.16
3050.0,36.25,19.01,53.48
3060.0,37.82,29.99,45.64
3070.0,32.90,20.56,45.23
3080.0,34.14,22.92,45.35
3090.0,35.29,14.24,56.34
3100.0,38.57,8.89,68.25
3110.0,34.71,30.42,39.00
3120.0,32.21,0.52,63.90
3130.0,32.52,7.24,57.80
3140.0,36.90,17.43,56.36
3150.0,35.03,11.14,58.92
3160.0,35.92,24.96,46.87
3170.0,34.11,17.69,50.53
3180.0,33.29,-1.19,67.78
3190.0,35.83,19.35,52.30
3200.0,34.96,22.65,47.27
3210.0,33.02,27.26,38.77
3220.0,32.60,27.51,37.69
3230.0,34.91,25.16,44.67
3240.0,33.11,20.70,45.51
3250.0,35.72,15.17,56.27
3260.0,36.48,14.84,58.11
3270.0,32.62,14.77,50.48
3280.0,36.07,30.46,41.67
3290.0,32.90,11.07,54.73
3300.0,35.46,1.67,69.25
3310.0,36.01,30.33,41.69
3320.0,35.90,7.69,64.12
3330.0,35.27,14.39,56.14
3340.0,33.65,9.25,58.05
3350.0,35.62,-0.28,71.51
3360.0,37.33,4.87,69.79
3370.0,36.78,19.08,54.49
3380.0,37.31,31.13,43.49
3390.0,36.64,11.72,61.56
3400.0,34.76,31.46,38.05
3410.0,36.76,27.06,46.46
3420.0,35.22,21.81,48.62
3430.0,34.64,23.86,45.42
3440.0,33.72,11.07,56.37
3450.0,32.20,16.91,47.49
3460.0,35.86,-21.69,93.40
3470.0,32.51,13.13,51.89
3480.0,34.16,20.97,47.35
3490.0,35.26,21.39,49.13
3500.0,36.94,21.89,51.99
3510.0,36.62,26.39,46.85
3520.0,32.88,-1.41,67.16
3530.0,33.50,26.04,40.95
3540.0,34.43,23.32,45.53
3550.0,37.85,11.48,64.22
3560.0,33.93,28.56,39.29
3570.0,34.44,18.17,50.71
3580.0,35.02,15.93,54.12
3590.0,34.35,9.34,59.35
3600.0,34.17,13.45,54.88
3610.0,36.75,13.39,60.12
3620.0,34.86,5.01,64.71
3630.0,34.27,16.26,52.29
3640.0,38.19,35.03,41.35
3650.0,32.38,6.16,58.60
3660.0,32.14,19.91,44.36
3670.0,38.49,22.63,54.35
3680.0,34.47,29.66,39.29
3690.0,37.17,0.47,73.87
3700.0,34.24,20.12,48.36
3710.0,36.72,1.44,72.00
3720.0,36.94,31.51,42.36
3730.0,34.78,16.21,53.35
3740.0,36.35,34.48,38.22
3750.0,35.41,16.69,54.13
3760.0,36.34,30.71,41.97
3770.0,33.72,13.98,53.47
3780.0,35.53,25.87,45.19
3790.0,32.53,17.67,47.38
3800.0,31.28,13.44,49.13
3810.0,36.81,3.05,70.56
3820.0,37.06,23.59,50.53
3830.0,31.42,27.73,35.11
3840.0,33.14,9.46,56.83
3850.0,37.72,27.21,48.24
3860.0,35.66,13.17,58.16
3870.0,31.81,16.22,47.40
3880.0,30.76,18.51,43.00
3890.0,36.14,24.69,47.60
3900.0,36.26,10.95,61.57
3910.0,34.56,17.54,51.58
3920.0,33.76,29.08,38.44
3930.0,38.05,22.66,53.44
3940.0,31.68,17.28,46.07
3950.0,32.24,21.43,43.06
3960.0,34.48,6.82,62.14
3970.0,30.57,25.32,35.81
3980.0,33.63,28.49,38.78
3990.0,33.06,25.32,40.80
4000.0,34.11,4.57,63.66
4010.0,32.65,22.38,42.92
4020.0,33.53,19.23,47.83
4030.0,33.47,14.29,52.66
4040.0,37.10,11.23,62.98
4050.0,31.83,12.99,50.66
4060.0,33.10,25.50,40.69
4070.0,34.71,14.20,55.23
4080.0,33.66,21.02,46.30
4090.0,35.52,27.55,43.49
4100.0,37.34,25.81,48.87
4110.0,31.88,13.09,50.67
4120.0,34.66,13.66,55.66
4130.0,33.35,22.03,44.66
4140.0,36.94,9.45,64.43
4150.0,33.17,14.13,52.21
4160.0,33.82,27.53,40.10
4170.0,34.81,24.22,45.41
4180.0,31.60,19.40,43.79
4190.0,31.86,11.08,52.65
4200.0,36.38,27.09,45.67
4210.0,33.51,14.34,52.68
4220.0,35.62,1.73,69.50
4230.0,35.44,18.95,51.93
4240.0,35.45,13.78,57.13
4250.0,34.10,27.19,41.01
4260.0,35.05,26.73,43.37
4270.0,36.71,33.76,39.66
4280.0,33.89,24.00,43.78
4290.0,36.58,31.54,41.62
4300.0,33.83,24.49,43.18
4310.0,35.34,28.42,42.26
4320.0,33.46,11.62,55.30
4330.0,34.43,23.93,44.93
4340.0,33.43,22.37,44.48
4350.0,34.23,-4.97,73.43
4360.0,33.61,19.71,47.51
4370.0,34.43,13.51,55.35
4380.0,30.99,19.21,42.77
4390.0,30.03,23.41,36.65
4400.0,35.01,26.94,43.09
4410.0,33.60,20.33,46.86
4420.0,30.80,19.59,42.01
4430.0,36.10,2.21,69.99
4440.0,34.91,14.40,55.42
4450.0,32.62,25.93,39.31
4460.0,34.08,15.21,52.95
4470.0,33.90,23.42,44.38
4480.0,31.81,19.06,44.56
4490.0,32.45,20.72,44.18
4500.0,35.98,23.92,48.03
