trial,mean,ci_down,ci_up
0.0,0.09,0.05,0.13
10.0,0.09,0.03,0.14
20.0,0.07,0.03,0.11
30.0,0.10,0.06,0.15
40.0,0.09,0.04,0.14
50.0,0.08,0.04,0.12
60.0,0.09,0.05,0.13
70.0,0.09,0.03,0.15
80.0,0.10,0.06,0.15
90.0,0.09,0.05,0.12
100.0,0.10,0.04,0.16
110.0,0.12,0.06,0.18
120.0,0.06,0.02,0.10
130.0,0.10,0.05,0.14
140.0,0.10,0.05,0.15
150.0,0.09,0.05,0.14
160.0,0.06,0.03,0.09
170.0,0.07,0.04,0.10
180.0,0.09,0.06,0.12
190.0,0.11,0.05,0.17
200.0,0.10,0.07,0.14
210.0,0.08,0.05,0.12
220.0,0.09,0.04,0.13
230.0,0.10,0.04,0.16
240.0,0.10,0.06,0.14
250.0,0.08,0.04,0.12
260.0,0.09,0.04,0.15
270.0,0.07,0.04,0.10
280.0,0.07,0.04,0.10
290.0,0.09,0.05,0.13
300.0,0.10,0.06,0.13
310.0,0.08,0.03,0.12
320.0,0.08,0.05,0.11
330.0,0.10,0.06,0.14
340.0,0.13,0.08,0.18
350.0,0.09,0.05,0.13
360.0,0.10,0.06,0.15
370.0,0.08,0.05,0.11
380.0,0.10,0.06,0.13
390.0,0.07,0.03,0.11
400.0,0.10,0.06,0.15
410.0,0.09,0.06,0.13
420.0,0.08,0.04,0.12
430.0,0.06,0.03,0.09
440.0,0.11,0.06,0.16
450.0,0.08,0.04,0.13
460.0,0.09,0.05,0.13
470.0,0.10,0.06,0.15
480.0,0.10,0.06,0.14
490.0,0.11,0.06,0.17
500.0,0.07,0.04,0.11
510.0,0.09,0.06,0.12
520.0,0.09,0.06,0.12
530.0,0.10,0.05,0.15
540.0,0.09,0.05,0.14
550.0,0.11,0.08,0.14
560.0,0.10,0.05,0.14
570.0,0.11,0.07,0.15
580.0,0.10,0.06,0.14
590.0,0.09,0.06,0.13
600.0,0.09,0.04,0.14
610.0,0.08,0.05,0.12
620.0,0.08,0.05,0.12
630.0,0.10,0.06,0.14
640.0,0.09,0.05,0.12
650.0,0.11,0.07,0.14
660.0,0.11,0.06,0.17
670.0,0.09,0.05,0.12
680.0,0.11,0.07,0.15
690.0,0.09,0.06,0.13
700.0,0.11,0.06,0.16
710.0,0.08,0.04,0.12
720.0,0.10,0.06,0.15
730.0,0.09,0.05,0.12
740.0,0.10,0.05,0.14
750.0,0.09,0.05,0.13
760.0,0.08,0.05,0.12
770.0,0.11,0.07,0.14
780.0,0.13,0.07,0.19
790.0,0.09,0.05,0.12
800.0,0.13,0.07,0.18
810.0,0.09,0.05,0.12
820.0,0.11,0.06,0.16
830.0,0.11,0.07,0.15
840.0,0.10,0.05,0.15
850.0,0.07,0.05,0.10
860.0,0.09,0.04,0.14
870.0,0.10,0.06,0.14
880.0,0.11,0.06,0.15
890.0,0.10,0.07,0.14
900.0,0.07,0.04,0.11
910.0,0.09,0.05,0.13
920.0,0.14,0.07,0.20
930.0,0.10,0.05,0.14
940.0,0.09,0.04,0.14
950.0,0.12,0.05,0.18
960.0,0.11,0.06,0.15
970.0,0.10,0.07,0.13
980.0,0.09,0.05,0.13
990.0,0.10,0.06,0.15
1000.0,0.09,0.05,0.14
1010.0,0.08,0.03,0.13
1020.0,0.09,0.06,0.13
1030.0,0.09,0.06,0.12
1040.0,0.11,0.06,0.16
1050.0,0.13,0.07,0.18
1060.0,0.08,0.05,0.12
1070.0,0.10,0.06,0.13
1080.0,0.08,0.05,0.10
1090.0,0.11,0.07,0.15
1100.0,0.10,0.06,0.14
1110.0,0.11,0.05,0.17
1120.0,0.09,0.05,0.13
1130.0,0.09,0.05,0.13
1140.0,0.07,0.04,0.11
1150.0,0.10,0.06,0.14
1160.0,0.09,0.05,0.14
1170.0,0.09,0.05,0.13
1180.0,0.09,0.05,0.13
1190.0,0.11,0.03,0.18
1200.0,0.10,0.07,0.13
1210.0,0.10,0.05,0.15
1220.0,0.09,0.04,0.13
1230.0,0.09,0.05,0.13
1240.0,0.11,0.05,0.17
1250.0,0.09,0.04,0.14
1260.0,0.09,0.05,0.13
1270.0,0.08,0.04,0.12
1280.0,0.09,0.06,0.13
1290.0,0.10,0.05,0.15
1300.0,0.08,0.04,0.11
1310.0,0.12,0.08,0.17
1320.0,0.10,0.06,0.14
1330.0,0.08,0.05,0.11
1340.0,0.08,0.05,0.11
1350.0,0.09,0.04,0.13
1360.0,0.11,0.07,0.16
1370.0,0.11,0.07,0.16
1380.0,0.09,0.05,0.12
1390.0,0.09,0.05,0.14
1400.0,0.13,0.05,0.21
1410.0,0.10,0.06,0.14
1420.0,0.10,0.05,0.14
1430.0,0.09,0.05,0.12
1440.0,0.09,0.05,0.13
1450.0,0.07,0.04,0.09
1460.0,0.10,0.05,0.15
1470.0,0.13,0.07,0.19
1480.0,0.08,0.05,0.11
1490.0,0.11,0.06,0.16
1500.0,0.08,0.04,0.11
1510.0,0.07,0.04,0.10
1520.0,0.11,0.06,0.16
1530.0,0.10,0.05,0.14
1540.0,0.10,0.06,0.14
1550.0,0.09,0.04,0.15
1560.0,0.10,0.07,0.14
1570.0,0.07,0.03,0.11
1580.0,0.10,0.06,0.13
1590.0,0.10,0.07,0.14
1600.0,0.10,0.04,0.17
1610.0,0.09,0.05,0.14
1620.0,0.11,0.06,0.15
1630.0,0.10,0.07,0.13
1640.0,0.07,0.03,0.12
1650.0,0.11,0.06,0.15
1660.0,0.11,0.06,0.15
1670.0,0.12,0.06,0.17
1680.0,0.10,0.06,0.14
1690.0,0.10,0.05,0.15
1700.0,0.10,0.06,0.15
1710.0,0.12,0.08,0.16
1720.0,0.10,0.06,0.15
1730.0,0.10,0.05,0.15
1740.0,0.10,0.06,0.14
1750.0,0.11,0.06,0.16
1760.0,0.12,0.06,0.19
1770.0,0.09,0.05,0.14
1780.0,0.10,0.06,0.14
1790.0,0.12,0.06,0.18
1800.0,0.10,0.06,0.14
1810.0,0.11,0.06,0.15
1820.0,0.09,0.04,0.14
1830.0,0.07,0.04,0.10
1840.0,0.08,0.04,0.12
1850.0,0.11,0.05,0.17
1860.0,0.10,0.06,0.15
1870.0,0.12,0.07,0.17
1880.0,0.09,0.04,0.14
1890.0,0.10,0.05,0.14
1900.0,0.10,0.06,0.13
1910.0,0.10,0.07,0.13
1920.0,0.07,0.03,0.10
1930.0,0.10,0.06,0.15
1940.0,0.11,0.06,0.15
1950.0,0.08,0.04,0.11
1960.0,0.11,0.07,0.16
1970.0,0.10,0.05,0.15
1980.0,0.11,0.08,0.15
1990.0,0.11,0.06,0.16
2000.0,0.10,0.06,0.15
2010.0,0.10,0.06,0.15
2020.0,0.09,0.05,0.13
2030.0,0.08,0.04,0.12
2040.0,0.09,0.06,0.12
2050.0,0.09,0.04,0.14
2060.0,0.09,0.05,0.13
2070.0,0.09,0.05,0.14
2080.0,0.09,0.04,0.14
2090.0,0.09,0.05,0.13
2100.0,0.09,0.04,0.13
2110.0,0.09,0.04,0.13
2120.0,0.12,0.07,0.16
2130.0,0.09,0.06,0.12
2140.0,0.10,0.07,0.13
2150.0,0.10,0.06,0.14
2160.0,0.10,0.05,0.14
2170.0,0.09,0.05,0.13
2180.0,0.08,0.05,0.11
2190.0,0.10,0.05,0.15
2200.0,0.12,0.06,0.17
2210.0,0.08,0.05,0.12
2220.0,0.09,0.04,0.13
2230.0,0.10,0.06,0.14
2240.0,0.10,0.05,0.14
2250.0,0.09,0.05,0.12
2260.0,0.10,0.04,0.17
2270.0,0.11,0.07,0.16
2280.0,0.11,0.07,0.15
2290.0,0.11,0.07,0.16
2300.0,0.08,0.04,0.12
2310.0,0.10,0.06,0.13
2320.0,0.09,0.05,0.12
2330.0,0.07,0.04,0.10
2340.0,0.10,0.07,0.14
2350.0,0.09,0.05,0.13
2360.0,0.09,0.05,0.13
2370.0,0.08,0.05,0.11
2380.0,0.08,0.05,0.12
2390.0,0.12,0.08,0.16
2400.0,0.10,0.06,0.15
2410.0,0.08,0.04,0.11
2420.0,0.12,0.07,0.18
2430.0,0.10,0.06,0.14
2440.0,0.07,0.03,0.10
2450.0,0.09,0.05,0.13
2460.0,0.09,0.04,0.15
2470.0,0.10,0.06,0.15
2480.0,0.13,0.08,0.17
2490.0,0.08,0.03,0.13
2500.0,0.06,0.03,0.09
2510.0,0.13,0.07,0.19
2520.0,0.08,0.05,0.12
2530.0,0.11,0.05,0.18
2540.0,0.09,0.04,0.14
2550.0,0.08,0.05,0.11
2560.0,0.08,0.04,0.12
2570.0,0.10,0.03,0.17
2580.0,0.10,0.07,0.13
2590.0,0.10,0.06,0.13
2600.0,0.10,0.06,0.14
2610.0,0.11,0.06,0.15
2620.0,0.09,0.05,0.14
2630.0,0.11,0.07,0.15
2640.0,0.09,0.05,0.14
2650.0,0.11,0.08,0.15
2660.0,0.10,0.06,0.15
2670.0,0.12,0.07,0.17
2680.0,0.06,0.03,0.09
2690.0,0.11,0.07,0.15
2700.0,0.09,0.05,0.12
2710.0,0.11,0.07,0.15
2720.0,0.09,0.04,0.14
2730.0,0.11,0.08,0.15
2740.0,0.09,0.05,0.14
2750.0,0.10,0.05,0.15
2760.0,0.09,0.05,0.13
2770.0,0.09,0.06,0.12
2780.0,0.10,0.05,0.15
2790.0,0.08,0.05,0.12
2800.0,0.10,0.04,0.15
2810.0,0.10,0.04,0.15
2820.0,0.11,0.06,0.16
2830.0,0.08,0.05,0.11
2840.0,0.11,0.07,0.16
2850.0,0.10,0.07,0.13
2860.0,0.08,0.06,0.11
2870.0,0.13,0.07,0.18
2880.0,0.09,0.05,0.12
2890.0,0.11,0.06,0.16
2900.0,0.09,0.05,0.12
2910.0,0.10,0.07,0.14
2920.0,0.08,0.05,0.12
2930.0,0.09,0.04,0.14
2940.0,0.11,0.07,0.14
2950.0,0.11,0.08,0.15
2960.0,0.08,0.05,0.11
2970.0,0.09,0.06,0.12
2980.0,0.12,0.08,0.17
2990.0,0.13,0.06,0.20
3000.0,0.11,0.08,0.15
3010.0,0.08,0.05,0.12
3020.0,0.12,0.07,0.18
3030.0,0.12,0.06,0.18
3040.0,0.08,0.04,0.12
3050.0,0.09,0.06,0.13
3060.0,0.10,0.07,0.14
3070.0,0.09,0.05,0.14
3080.0,0.10,0.06,0.13
3090.0,0.11,0.07,0.14
3100.0,0.07,0.03,0.11
3110.0,0.09,0.06,0.13
3120.0,0.08,0.04,0.12
3130.0,0.10,0.05,0.14
3140.0,0.10,0.07,0.13
3150.0,0.09,0.04,0.14
3160.0,0.11,0.05,0.17
3170.0,0.09,0.05,0.13
3180.0,0.13,0.08,0.18
3190.0,0.09,0.03,0.14
3200.0,0.07,0.03,0.11
3210.0,0.10,0.06,0.15
3220.0,0.08,0.05,0.11
3230.0,0.08,0.05,0.11
3240.0,0.10,0.05,0.14
3250.0,0.11,0.04,0.18
3260.0,0.12,0.07,0.16
3270.0,0.12,0.05,0.19
3280.0,0.09,0.05,0.14
3290.0,0.10,0.06,0.14
3300.0,0.10,0.05,0.14
3310.0,0.09,0.05,0.13
3320.0,0.10,0.06,0.15
3330.0,0.11,0.06,0.15
3340.0,0.11,0.07,0.14
3350.0,0.09,0.06,0.13
3360.0,0.09,0.06,0.13
3370.0,0.13,0.07,0.18
3380.0,0.11,0.07,0.15
3390.0,0.12,0.07,0.17
3400.0,0.11,0.08,0.14
3410.0,0.09,0.05,0.13
3420.0,0.11,0.06,0.16
3430.0,0.11,0.07,0.15
3440.0,0.11,0.08,0.15
3450.0,0.10,0.06,0.14
3460.0,0.09,0.05,0.12
3470.0,0.10,0.04,0.16
3480.0,0.10,0.05,0.15
3490.0,0.13,0.06,0.19
3500.0,0.10,0.05,0.15
3510.0,0.08,0.04,0.13
3520.0,0.11,0.06,0.17
3530.0,0.10,0.05,0.16
3540.0,0.10,0.05,0.14
3550.0,0.10,0.06,0.14
3560.0,0.11,0.07,0.14
3570.0,0.10,0.04,0.16
3580.0,0.08,0.04,0.12
3590.0,0.09,0.06,0.12
3600.0,0.10,0.07,0.13
3610.0,0.10,0.06,0.14
3620.0,0.11,0.07,0.16
3630.0,0.10,0.06,0.13
3640.0,0.07,0.04,0.10
3650.0,0.12,0.07,0.17
3660.0,0.10,0.05,0.15
3670.0,0.11,0.06,0.16
3680.0,0.10,0.06,0.15
3690.0,0.08,0.04,0.12
3700.0,0.11,0.06,0.17
3710.0,0.10,0.06,0.14
3720.0,0.10,0.05,0.15
3730.0,0.08,0.05,0.12
3740.0,0.09,0.04,0.14
3750.0,0.10,0.05,0.15
3760.0,0.12,0.06,0.18
3770.0,0.09,0.06,0.11
3780.0,0.08,0.05,0.11
3790.0,0.11,0.06,0.15
3800.0,0.10,0.06,0.15
3810.0,0.09,0.05,0.12
3820.0,0.09,0.06,0.12
3830.0,0.10,0.05,0.14
3840.0,0.10,0.07,0.14
3850.0,0.11,0.06,0.15
3860.0,0.12,0.08,0.17
3870.0,0.11,0.05,0.16
3880.0,0.08,0.05,0.12
3890.0,0.09,0.05,0.13
3900.0,0.09,0.06,0.13
3910.0,0.09,0.05,0.14
3920.0,0.11,0.06,0.16
3930.0,0.08,0.05,0.12
3940.0,0.09,0.05,0.14
3950.0,0.12,0.05,0.19
3960.0,0.10,0.06,0.14
3970.0,0.12,0.06,0.17
3980.0,0.10,0.06,0.15
3990.0,0.11,0.06,0.16
4000.0,0.10,0.06,0.14
4010.0,0.11,0.06,0.15
4020.0,0.12,0.08,0.16
4030.0,0.10,0.06,0.13
4040.0,0.09,0.05,0.13
4050.0,0.12,0.06,0.17
4060.0,0.10,0.05,0.16
4070.0,0.07,0.04,0.11
4080.0,0.06,0.03,0.09
4090.0,0.10,0.05,0.15
4100.0,0.10,0.07,0.14
4110.0,0.12,0.07,0.17
4120.0,0.10,0.05,0.15
4130.0,0.09,0.04,0.14
4140.0,0.09,0.04,0.14
4150.0,0.11,0.06,0.16
4160.0,0.12,0.06,0.17
4170.0,0.08,0.04,0.11
4180.0,0.10,0.05,0.14
4190.0,0.10,0.05,0.15
4200.0,0.11,0.08,0.14
4210.0,0.12,0.08,0.16
4220.0,0.11,0.07,0.14
4230.0,0.09,0.05,0.13
4240.0,0.08,0.04,0.12
4250.0,0.11,0.06,0.16
4260.0,0.10,0.05,0.15
4270.0,0.10,0.06,0.14
4280.0,0.09,0.04,0.15
4290.0,0.10,0.07,0.14
4300.0,0.12,0.08,0.15
4310.0,0.09,0.06,0.13
4320.0,0.09,0.04,0.14
4330.0,0.10,0.07,0.14
4340.0,0.09,0.05,0.13
4350.0,0.10,0.05,0.14
4360.0,0.08,0.05,0.11
4370.0,0.11,0.05,0.16
4380.0,0.09,0.05,0.14
4390.0,0.09,0.05,0.12
4400.0,0.10,0.06,0.14
4410.0,0.10,0.05,0.14
4420.0,0.08,0.03,0.13
4430.0,0.08,0.05,0.11
4440.0,0.11,0.05,0.17
4450.0,0.11,0.07,0.15
4460.0,0.11,0.05,0.16
4470.0,0.11,0.07,0.15
4480.0,0.08,0.05,0.11
4490.0,0.11,0.07,0.15
4500.0,0.10,0.06,0.14
