trial,mean,ci_down,ci_up
0.0,51.13,49.47,52.79
10.0,51.01,49.19,52.83
20.0,50.52,49.32,51.72
30.0,51.04,49.67,52.40
40.0,50.71,49.08,52.35
50.0,50.80,48.83,52.77
60.0,49.21,47.26,51.16
70.0,50.40,48.50,52.29
80.0,50.44,48.98,51.90
90.0,50.11,48.79,51.43
100.0,49.45,47.93,50.97
110.0,50.46,48.71,52.21
120.0,49.61,48.20,51.01
130.0,49.49,48.35,50.64
140.0,49.92,48.32,51.51
150.0,48.97,47.38,50.56
160.0,49.80,48.70,50.90
170.0,49.20,47.75,50.66
180.0,50.24,48.71,51.76
190.0,49.64,48.26,51.01
200.0,50.04,48.73,51.36
210.0,48.96,47.47,50.45
220.0,49.21,47.83,50.58
230.0,49.82,48.66,50.98
240.0,48.97,47.29,50.65
250.0,49.76,48.25,51.27
260.0,49.38,47.75,51.00
270.0,49.67,48.20,51.14
280.0,50.14,48.51,51.76
290.0,49.18,47.78,50.59
300.0,49.17,47.60,50.74
310.0,48.30,46.88,49.72
320.0,49.00,47.75,50.25
330.0,49.32,47.81,50.84
340.0,49.95,48.83,51.08
350.0,49.17,47.72,50.63
360.0,48.25,46.84,49.66
370.0,48.65,47.19,50.11
380.0,49.46,48.14,50.79
390.0,48.94,47.47,50.41
400.0,48.33,47.00,49.65
410.0,48.02,46.61,49.42
420.0,47.91,46.54,49.29
430.0,48.73,47.16,50.29
440.0,48.92,47.52,50.32
450.0,49.03,47.52,50.54
460.0,47.54,46.05,49.03
470.0,48.61,47.22,50.00
480.0,48.56,46.99,50.13
490.0,47.88,46.47,49.29
500.0,46.70,45.64,47.76
510.0,48.24,46.96,49.53
520.0,47.65,46.23,49.08
530.0,48.98,47.70,50.26
540.0,49.09,47.51,50.68
550.0,48.98,47.78,50.17
560.0,48.82,47.55,50.09
570.0,48.27,46.50,50.04
580.0,47.55,46.14,48.97
590.0,47.34,45.95,48.73
600.0,47.71,46.59,48.82
610.0,48.03,46.58,49.48
620.0,49.45,48.06,50.84
630.0,47.75,46.32,49.17
640.0,48.38,46.84,49.92
650.0,48.50,47.18,49.81
660.0,48.54,47.18,49.90
670.0,47.83,46.44,49.21
680.0,47.64,46.48,48.79
690.0,48.13,46.80,49.47
700.0,47.05,45.77,48.33
710.0,47.56,46.12,49.00
720.0,48.28,46.87,49.68
730.0,47.97,46.61,49.33
740.0,48.47,47.06,49.88
750.0,48.40,47.11,49.70
760.0,47.00,45.69,48.31
770.0,47.40,46.13,48.66
780.0,47.95,46.48,49.41
790.0,47.74,46.19,49.29
800.0,47.45,45.97,48.94
810.0,47.03,45.67,48.38
820.0,47.70,46.13,49.26
830.0,48.53,46.77,50.29
840.0,47.03,45.36,48.69
850.0,47.78,46.22,49.35
860.0,46.91,45.44,48.38
870.0,48.36,46.92,49.80
880.0,46.65,45.09,48.20
890.0,47.82,46.46,49.19
900.0,46.77,45.41,48.14
910.0,45.89,44.81,46.96
920.0,47.24,46.05,48.44
930.0,47.67,46.12,49.21
940.0,47.04,45.73,48.36
950.0,46.96,45.80,48.12
960.0,48.07,46.53,49.62
970.0,47.63,46.31,48.96
980.0,47.21,45.89,48.53
990.0,46.20,45.04,47.37
1000.0,46.01,44.71,47.32
1010.0,46.97,45.17,48.77
1020.0,47.11,45.87,48.36
1030.0,47.64,46.37,48.92
1040.0,46.99,45.55,48.43
1050.0,47.79,46.27,49.32
1060.0,46.77,45.47,48.07
1070.0,46.50,45.03,47.98
1080.0,47.17,45.73,48.61
1090.0,46.69,45.17,48.21
1100.0,46.82,45.31,48.33
1110.0,47.04,45.69,48.39
1120.0,46.29,44.96,47.62
1130.0,45.56,44.39,46.73
1140.0,47.59,46.16,49.02
1150.0,46.41,45.15,47.68
1160.0,47.39,45.84,48.94
1170.0,47.53,46.17,48.88
1180.0,46.94,45.72,48.15
1190.0,47.01,45.66,48.35
1200.0,47.41,45.93,48.89
1210.0,46.60,45.13,48.07
1220.0,47.04,45.84,48.24
1230.0,46.32,44.79,47.86
1240.0,47.56,46.41,48.71
1250.0,47.08,45.75,48.42
1260.0,47.04,45.83,48.25
1270.0,46.41,45.03,47.80
1280.0,45.78,44.50,47.07
1290.0,46.63,45.47,47.79
1300.0,46.62,44.90,48.34
1310.0,47.15,45.89,48.41
1320.0,46.84,45.34,48.33
1330.0,46.99,45.57,48.41
1340.0,46.96,45.26,48.67
1350.0,47.06,45.51,48.60
1360.0,47.04,45.80,48.28
1370.0,46.87,45.60,48.15
1380.0,46.60,45.08,48.11
1390.0,47.27,46.07,48.47
1400.0,46.77,45.46,48.09
1410.0,46.97,45.67,48.26
1420.0,46.62,45.25,48.00
1430.0,46.37,44.93,47.81
1440.0,46.13,44.97,47.29
1450.0,46.71,45.40,48.02
1460.0,46.21,44.91,47.52
1470.0,46.49,44.98,47.99
1480.0,46.76,45.42,48.11
1490.0,47.10,46.01,48.19
1500.0,47.00,45.68,48.33
1510.0,46.82,45.52,48.12
1520.0,46.76,45.41,48.11
1530.0,46.12,44.80,47.44
1540.0,46.86,45.58,48.13
1550.0,46.53,45.37,47.69
1560.0,46.38,44.81,47.96
1570.0,45.93,44.76,47.11
1580.0,45.57,44.34,46.81
1590.0,46.40,45.01,47.80
1600.0,46.11,44.52,47.70
1610.0,46.27,44.76,47.77
1620.0,45.89,44.57,47.20
1630.0,46.48,44.98,47.98
1640.0,46.95,45.43,48.47
1650.0,46.23,44.97,47.48
1660.0,46.16,44.68,47.64
1670.0,46.43,44.98,47.89
1680.0,46.99,45.82,48.16
1690.0,46.02,44.77,47.26
1700.0,46.87,45.60,48.14
1710.0,45.95,44.56,47.34
1720.0,45.86,44.41,47.32
1730.0,46.73,45.42,48.03
1740.0,46.19,44.83,47.56
1750.0,46.34,44.84,47.84
1760.0,46.14,44.74,47.53
1770.0,46.35,44.76,47.95
1780.0,46.42,44.86,47.97
1790.0,45.17,43.92,46.43
1800.0,46.43,45.07,47.79
1810.0,46.59,45.29,47.89
1820.0,46.69,45.24,48.13
1830.0,47.32,46.08,48.55
1840.0,46.08,44.81,47.36
1850.0,47.22,45.69,48.75
1860.0,47.39,46.14,48.65
1870.0,46.98,45.34,48.63
1880.0,46.54,45.12,47.97
1890.0,44.77,43.55,45.99
1900.0,46.69,45.44,47.94
1910.0,46.30,45.11,47.49
1920.0,46.36,44.94,47.78
1930.0,46.13,44.67,47.59
1940.0,46.11,44.68,47.54
1950.0,46.48,45.21,47.76
1960.0,46.90,45.57,48.24
1970.0,46.40,45.10,47.71
1980.0,46.74,45.32,48.16
1990.0,45.69,44.29,47.08
2000.0,46.71,45.10,48.31
2010.0,46.22,44.87,47.56
2020.0,45.63,44.26,47.01
2030.0,46.49,45.05,47.93
2040.0,45.66,44.42,46.90
2050.0,46.88,45.55,48.21
2060.0,47.05,45.53,48.57
2070.0,46.06,44.52,47.60
2080.0,45.76,44.16,47.36
2090.0,46.27,45.11,47.42
2100.0,45.60,44.30,46.90
2110.0,46.96,45.38,48.54
2120.0,45.18,43.54,46.81
2130.0,46.46,45.00,47.92
2140.0,45.93,44.69,47.18
2150.0,46.31,45.04,47.59
2160.0,45.98,44.63,47.33
2170.0,46.36,44.82,47.91
2180.0,46.22,44.70,47.74
2190.0,46.61,45.06,48.16
2200.0,46.01,44.48,47.54
2210.0,45.76,44.31,47.20
2220.0,46.04,44.36,47.72
2230.0,46.67,45.22,48.13
2240.0,46.33,44.94,47.73
2250.0,46.40,45.19,47.62
2260.0,45.78,44.24,47.32
2270.0,46.41,45.09,47.73
2280.0,46.16,44.56,47.75
2290.0,45.93,44.60,47.25
2300.0,46.12,44.76,47.48
2310.0,46.59,45.19,47.98
2320.0,46.80,45.64,47.95
2330.0,45.89,44.47,47.31
2340.0,46.23,44.74,47.72
2350.0,46.19,45.00,47.39
2360.0,46.01,44.63,47.38
2370.0,46.51,45.31,47.71
2380.0,45.42,44.32,46.51
2390.0,45.96,44.58,47.34
2400.0,46.34,44.97,47.70
2410.0,46.03,44.68,47.38
2420.0,46.14,44.96,47.33
2430.0,45.98,44.65,47.32
2440.0,46.17,45.02,47.32
2450.0,46.91,45.36,48.45
2460.0,46.37,45.07,47.68
2470.0,46.12,44.93,47.32
2480.0,46.78,45.28,48.29
2490.0,46.04,44.46,47.62
2500.0,46.63,44.99,48.26
2510.0,46.21,44.83,47.60
2520.0,45.60,44.16,47.05
2530.0,46.72,45.08,48.36
2540.0,45.81,44.59,47.03
2550.0,46.73,45.31,48.14
2560.0,46.65,45.10,48.20
2570.0,46.09,44.79,47.38
2580.0,45.47,44.21,46.73
2590.0,45.86,44.55,47.17
2600.0,45.94,44.81,47.07
2610.0,46.07,44.82,47.33
2620.0,46.67,45.34,48.00
2630.0,46.19,44.88,47.49
2640.0,46.34,44.98,47.71
2650.0,46.24,45.07,47.40
2660.0,45.73,44.45,47.02
2670.0,47.22,45.91,48.53
2680.0,46.31,45.11,47.51
2690.0,46.80,45.46,48.15
2700.0,46.23,44.94,47.52
2710.0,45.69,44.05,47.33
2720.0,46.22,45.03,47.42
2730.0,46.11,44.76,47.46
2740.0,45.66,44.23,47.09
2750.0,46.57,45.27,47.88
2760.0,45.82,44.68,46.95
2770.0,45.90,44.55,47.25
2780.0,46.18,44.92,47.43
2790.0,46.40,44.97,47.83
2800.0,45.39,44.35,46.43
2810.0,46.00,44.64,47.35
2820.0,46.16,44.89,47.44
2830.0,46.50,45.05,47.95
2840.0,45.69,44.12,47.26
2850.0,46.21,44.94,47.48
2860.0,46.13,44.84,47.43
2870.0,46.37,44.73,48.00
2880.0,46.55,45.22,47.88
2890.0,45.60,44.35,46.85
2900.0,46.11,44.72,47.50
2910.0,45.71,44.34,47.09
2920.0,44.89,43.97,45.82
2930.0,46.06,44.79,47.33
2940.0,45.45,44.01,46.88
2950.0,46.13,44.58,47.67
2960.0,45.28,43.90,46.66
2970.0,46.23,44.81,47.66
2980.0,45.21,43.89,46.53
2990.0,45.17,43.82,46.52
3000.0,45.59,44.13,47.06
3010.0,45.82,44.54,47.09
3020.0,45.80,44.57,47.03
3030.0,46.26,44.73,47.79
3040.0,46.11,44.84,47.39
3050.0,46.32,44.88,47.77
3060.0,46.28,44.77,47.79
3070.0,45.47,44.17,46.76
3080.0,46.03,44.61,47.46
3090.0,45.01,43.80,46.23
3100.0,45.04,43.95,46.14
3110.0,45.39,44.07,46.70
3120.0,46.59,45.42,47.76
3130.0,45.66,44.37,46.94
3140.0,46.10,44.82,47.37
3150.0,45.10,43.64,46.55
3160.0,46.37,45.06,47.69
3170.0,45.57,44.39,46.76
3180.0,46.14,44.78,47.50
3190.0,45.81,44.46,47.17
3200.0,45.96,44.75,47.17
3210.0,45.73,44.44,47.03
3220.0,45.79,44.27,47.32
3230.0,45.97,44.73,47.21
3240.0,45.43,44.32,46.53
3250.0,46.21,44.72,47.70
3260.0,46.15,44.60,47.69
3270.0,45.94,44.58,47.30
3280.0,46.18,44.80,47.56
3290.0,45.88,44.47,47.30
3300.0,45.06,43.90,46.23
3310.0,46.03,44.71,47.35
3320.0,46.41,44.98,47.85
3330.0,45.90,44.67,47.14
3340.0,45.99,44.59,47.39
3350.0,46.10,44.81,47.39
3360.0,45.91,44.73,47.09
3370.0,45.56,44.28,46.84
3380.0,46.20,44.64,47.76
3390.0,45.54,44.31,46.77
3400.0,46.50,45.20,47.79
3410.0,45.92,44.41,47.42
3420.0,45.93,44.45,47.41
3430.0,45.28,44.08,46.47
3440.0,45.70,44.50,46.90
3450.0,45.75,44.38,47.12
3460.0,46.45,45.17,47.74
3470.0,45.87,44.45,47.29
3480.0,45.57,44.28,46.86
3490.0,45.46,43.99,46.92
3500.0,46.33,44.76,47.90
3510.0,45.67,44.25,47.10
3520.0,46.70,45.19,48.22
3530.0,46.67,45.33,48.01
3540.0,44.99,43.64,46.34
3550.0,46.14,44.69,47.58
3560.0,44.84,43.38,46.30
3570.0,46.19,44.89,47.49
3580.0,45.52,44.26,46.79
3590.0,46.30,44.97,47.63
3600.0,45.54,44.13,46.94
3610.0,45.93,44.53,47.32
3620.0,45.84,44.72,46.95
3630.0,45.84,44.65,47.02
3640.0,45.44,43.98,46.90
3650.0,46.25,44.82,47.68
3660.0,44.86,43.74,45.99
3670.0,46.48,45.07,47.88
3680.0,45.44,44.21,46.68
3690.0,46.56,45.03,48.09
3700.0,46.00,44.58,47.43
3710.0,45.53,44.34,46.72
3720.0,45.50,43.93,47.07
3730.0,45.83,44.46,47.20
3740.0,46.14,44.89,47.39
3750.0,45.85,44.58,47.11
3760.0,47.35,45.93,48.77
3770.0,45.81,44.43,47.20
3780.0,44.94,43.71,46.18
3790.0,46.77,45.53,48.02
3800.0,45.72,44.36,47.09
3810.0,45.84,44.34,47.33
3820.0,45.85,44.58,47.12
3830.0,45.72,44.69,46.75
3840.0,45.06,43.84,46.29
3850.0,45.84,44.45,47.22
3860.0,45.79,44.25,47.33
3870.0,46.17,44.63,47.71
3880.0,46.51,45.00,48.01
3890.0,46.17,44.57,47.76
3900.0,45.33,44.02,46.65
3910.0,45.48,43.92,47.04
3920.0,46.03,44.74,47.33
3930.0,45.21,43.88,46.54
3940.0,45.38,43.94,46.82
3950.0,45.93,44.44,47.42
3960.0,45.64,44.20,47.08
3970.0,46.04,45.02,47.07
3980.0,45.48,44.14,46.82
3990.0,45.49,43.99,47.00
4000.0,46.03,44.64,47.42
4010.0,46.12,44.86,47.39
4020.0,46.18,44.61,47.76
4030.0,44.99,43.87,46.10
4040.0,46.00,44.54,47.45
4050.0,46.75,45.47,48.02
4060.0,46.53,45.11,47.95
4070.0,45.73,44.51,46.96
4080.0,45.42,44.21,46.63
4090.0,45.40,44.00,46.80
4100.0,47.19,45.78,48.61
4110.0,46.56,44.87,48.25
4120.0,45.96,44.63,47.30
4130.0,46.15,44.74,47.56
4140.0,45.22,44.00,46.45
4150.0,44.92,43.55,46.28
4160.0,45.44,44.14,46.74
4170.0,45.03,43.74,46.31
4180.0,46.11,44.79,47.43
4190.0,45.23,43.78,46.67
4200.0,45.73,44.34,47.12
4210.0,46.19,44.75,47.63
4220.0,45.17,43.69,46.65
4230.0,46.25,44.66,47.85
4240.0,46.52,45.26,47.78
4250.0,45.64,44.29,46.99
4260.0,45.70,44.41,46.99
4270.0,45.19,43.89,46.49
4280.0,45.95,44.47,47.44
4290.0,45.52,43.91,47.13
4300.0,45.99,44.49,47.49
4310.0,45.20,43.96,46.43
4320.0,45.86,44.57,47.14
4330.0,45.95,44.40,47.50
4340.0,44.88,43.56,46.20
4350.0,44.84,43.68,46.01
4360.0,45.98,44.71,47.25
4370.0,45.24,43.73,46.75
4380.0,45.53,43.96,47.10
4390.0,46.02,44.56,47.49
4400.0,46.27,44.81,47.73
4410.0,45.94,44.66,47.21
4420.0,45.32,43.91,46.72
4430.0,46.01,44.76,47.25
4440.0,46.33,44.91,47.75
4450.0,45.90,44.26,47.55
4460.0,45.50,44.17,46.83
4470.0,45.54,44.06,47.02
4480.0,45.91,44.40,47.42
4490.0,45.07,43.63,46.51
4500.0,45.87,44.60,47.13
