trial,mean,ci_down,ci_up
0.0,0.11,0.07,0.15
10.0,0.06,0.03,0.09
20.0,0.06,0.03,0.09
30.0,0.07,0.03,0.10
40.0,0.07,0.03,0.10
50.0,0.07,0.04,0.11
60.0,0.06,0.03,0.10
70.0,0.08,0.04,0.12
80.0,0.05,0.03,0.08
90.0,0.07,0.04,0.10
100.0,0.10,0.06,0.14
110.0,0.05,0.02,0.07
120.0,0.07,0.05,0.10
130.0,0.07,0.04,0.11
140.0,0.07,0.04,0.11
150.0,0.08,0.05,0.11
160.0,0.07,0.04,0.10
170.0,0.08,0.04,0.12
180.0,0.05,0.02,0.07
190.0,0.06,0.04,0.09
200.0,0.06,0.03,0.08
210.0,0.08,0.05,0.12
220.0,0.06,0.03,0.09
230.0,0.09,0.05,0.13
240.0,0.09,0.05,0.12
250.0,0.06,0.03,0.08
260.0,0.07,0.04,0.10
270.0,0.07,0.03,0.10
280.0,0.05,0.02,0.08
290.0,0.08,0.05,0.12
300.0,0.07,0.04,0.11
310.0,0.07,0.05,0.10
320.0,0.08,0.05,0.11
330.0,0.06,0.03,0.09
340.0,0.07,0.04,0.10
350.0,0.06,0.03,0.09
360.0,0.07,0.04,0.10
370.0,0.05,0.03,0.07
380.0,0.06,0.03,0.10
390.0,0.05,0.03,0.08
400.0,0.07,0.03,0.10
410.0,0.05,0.02,0.08
420.0,0.07,0.04,0.09
430.0,0.10,0.06,0.13
440.0,0.06,0.04,0.09
450.0,0.05,0.02,0.07
460.0,0.05,0.02,0.09
470.0,0.06,0.03,0.09
480.0,0.06,0.03,0.09
490.0,0.07,0.04,0.10
500.0,0.06,0.03,0.09
510.0,0.07,0.04,0.10
520.0,0.08,0.05,0.12
530.0,0.07,0.04,0.10
540.0,0.05,0.02,0.08
550.0,0.07,0.04,0.10
560.0,0.07,0.04,0.11
570.0,0.08,0.05,0.11
580.0,0.07,0.04,0.10
590.0,0.07,0.04,0.10
600.0,0.07,0.04,0.10
610.0,0.06,0.03,0.08
620.0,0.06,0.03,0.09
630.0,0.07,0.04,0.11
640.0,0.07,0.04,0.11
650.0,0.07,0.04,0.10
660.0,0.07,0.04,0.10
670.0,0.06,0.03,0.09
680.0,0.07,0.04,0.11
690.0,0.07,0.04,0.10
700.0,0.07,0.04,0.10
710.0,0.06,0.03,0.09
720.0,0.08,0.05,0.11
730.0,0.08,0.05,0.12
740.0,0.07,0.04,0.10
750.0,0.09,0.06,0.13
760.0,0.09,0.05,0.12
770.0,0.06,0.03,0.09
780.0,0.05,0.03,0.08
790.0,0.07,0.03,0.10
800.0,0.10,0.06,0.13
810.0,0.07,0.04,0.10
820.0,0.06,0.03,0.09
830.0,0.08,0.04,0.12
840.0,0.07,0.04,0.10
850.0,0.05,0.03,0.08
860.0,0.07,0.04,0.09
870.0,0.05,0.02,0.08
880.0,0.06,0.03,0.09
890.0,0.07,0.04,0.11
900.0,0.06,0.03,0.09
910.0,0.09,0.06,0.13
920.0,0.06,0.03,0.09
930.0,0.07,0.04,0.10
940.0,0.09,0.05,0.12
950.0,0.06,0.03,0.09
960.0,0.05,0.03,0.07
970.0,0.06,0.03,0.10
980.0,0.07,0.03,0.11
990.0,0.08,0.05,0.11
1000.0,0.06,0.03,0.09
1010.0,0.09,0.06,0.13
1020.0,0.07,0.03,0.10
1030.0,0.08,0.05,0.11
1040.0,0.05,0.03,0.08
1050.0,0.07,0.04,0.09
1060.0,0.05,0.03,0.07
1070.0,0.08,0.05,0.11
1080.0,0.09,0.05,0.13
1090.0,0.08,0.04,0.11
1100.0,0.10,0.06,0.14
1110.0,0.08,0.05,0.11
1120.0,0.07,0.03,0.10
1130.0,0.07,0.04,0.09
1140.0,0.10,0.06,0.14
1150.0,0.08,0.04,0.12
1160.0,0.06,0.03,0.09
1170.0,0.06,0.03,0.09
1180.0,0.07,0.03,0.11
1190.0,0.08,0.04,0.12
1200.0,0.07,0.04,0.11
1210.0,0.07,0.04,0.11
1220.0,0.08,0.04,0.12
1230.0,0.07,0.04,0.10
1240.0,0.06,0.03,0.08
1250.0,0.08,0.05,0.12
1260.0,0.07,0.03,0.10
1270.0,0.08,0.05,0.11
1280.0,0.08,0.05,0.11
1290.0,0.06,0.03,0.09
1300.0,0.06,0.03,0.09
1310.0,0.07,0.04,0.10
1320.0,0.06,0.03,0.09
1330.0,0.09,0.06,0.12
1340.0,0.07,0.04,0.11
1350.0,0.08,0.04,0.12
1360.0,0.07,0.04,0.10
1370.0,0.05,0.03,0.08
1380.0,0.06,0.03,0.09
1390.0,0.05,0.02,0.07
1400.0,0.07,0.04,0.10
1410.0,0.09,0.05,0.13
1420.0,0.08,0.04,0.12
1430.0,0.07,0.04,0.10
1440.0,0.09,0.06,0.13
1450.0,0.09,0.06,0.13
1460.0,0.07,0.04,0.10
1470.0,0.09,0.06,0.13
1480.0,0.08,0.05,0.11
1490.0,0.07,0.04,0.10
1500.0,0.07,0.04,0.10
1510.0,0.09,0.05,0.12
1520.0,0.05,0.03,0.08
1530.0,0.06,0.03,0.09
1540.0,0.08,0.05,0.11
1550.0,0.06,0.04,0.09
1560.0,0.07,0.04,0.11
1570.0,0.05,0.02,0.08
1580.0,0.09,0.05,0.12
1590.0,0.07,0.03,0.10
1600.0,0.06,0.03,0.09
1610.0,0.08,0.04,0.11
1620.0,0.07,0.03,0.11
1630.0,0.04,0.01,0.07
1640.0,0.05,0.02,0.08
1650.0,0.06,0.03,0.08
1660.0,0.07,0.04,0.09
1670.0,0.09,0.05,0.13
1680.0,0.09,0.06,0.13
1690.0,0.07,0.04,0.10
1700.0,0.06,0.03,0.09
1710.0,0.05,0.02,0.08
1720.0,0.06,0.03,0.09
1730.0,0.05,0.02,0.07
1740.0,0.05,0.03,0.08
1750.0,0.08,0.04,0.12
1760.0,0.06,0.03,0.09
1770.0,0.07,0.03,0.10
1780.0,0.05,0.03,0.08
1790.0,0.07,0.04,0.09
1800.0,0.06,0.04,0.09
1810.0,0.08,0.05,0.12
1820.0,0.07,0.04,0.10
1830.0,0.07,0.04,0.10
1840.0,0.08,0.04,0.11
1850.0,0.08,0.05,0.11
1860.0,0.06,0.02,0.09
1870.0,0.07,0.04,0.10
1880.0,0.07,0.03,0.11
1890.0,0.08,0.04,0.11
1900.0,0.07,0.04,0.10
1910.0,0.06,0.03,0.08
1920.0,0.07,0.04,0.11
1930.0,0.08,0.05,0.12
1940.0,0.05,0.02,0.07
1950.0,0.09,0.06,0.13
1960.0,0.08,0.05,0.12
1970.0,0.06,0.03,0.09
1980.0,0.05,0.02,0.07
1990.0,0.07,0.04,0.11
2000.0,0.07,0.04,0.10
2010.0,0.07,0.04,0.11
2020.0,0.07,0.04,0.10
2030.0,0.07,0.04,0.11
2040.0,0.08,0.04,0.12
2050.0,0.06,0.03,0.09
2060.0,0.09,0.05,0.12
2070.0,0.06,0.03,0.09
2080.0,0.07,0.04,0.11
2090.0,0.06,0.02,0.09
2100.0,0.07,0.04,0.11
2110.0,0.06,0.03,0.09
2120.0,0.08,0.05,0.11
2130.0,0.06,0.03,0.09
2140.0,0.08,0.05,0.11
2150.0,0.07,0.04,0.10
2160.0,0.08,0.04,0.12
2170.0,0.07,0.05,0.10
2180.0,0.06,0.03,0.08
2190.0,0.06,0.04,0.09
2200.0,0.08,0.05,0.11
2210.0,0.06,0.03,0.09
2220.0,0.09,0.06,0.12
2230.0,0.09,0.05,0.12
2240.0,0.07,0.04,0.10
2250.0,0.06,0.02,0.09
2260.0,0.06,0.03,0.09
2270.0,0.09,0.05,0.12
2280.0,0.08,0.04,0.12
2290.0,0.08,0.04,0.11
2300.0,0.07,0.05,0.10
2310.0,0.08,0.04,0.11
2320.0,0.06,0.03,0.09
2330.0,0.07,0.04,0.10
2340.0,0.07,0.04,0.11
2350.0,0.05,0.03,0.08
2360.0,0.08,0.04,0.12
2370.0,0.06,0.03,0.09
2380.0,0.08,0.05,0.12
2390.0,0.08,0.05,0.11
2400.0,0.07,0.04,0.10
2410.0,0.07,0.04,0.11
2420.0,0.06,0.03,0.08
2430.0,0.06,0.03,0.09
2440.0,0.07,0.03,0.10
2450.0,0.08,0.05,0.10
2460.0,0.07,0.03,0.10
2470.0,0.09,0.04,0.13
2480.0,0.05,0.02,0.07
2490.0,0.07,0.04,0.11
2500.0,0.08,0.05,0.11
2510.0,0.07,0.04,0.10
2520.0,0.07,0.04,0.10
2530.0,0.07,0.04,0.10
2540.0,0.07,0.04,0.11
2550.0,0.07,0.04,0.09
2560.0,0.08,0.05,0.11
2570.0,0.08,0.05,0.12
2580.0,0.06,0.03,0.09
2590.0,0.07,0.04,0.10
2600.0,0.07,0.04,0.11
2610.0,0.07,0.04,0.11
2620.0,0.08,0.05,0.11
2630.0,0.07,0.03,0.10
2640.0,0.09,0.06,0.13
2650.0,0.06,0.03,0.08
2660.0,0.08,0.04,0.11
2670.0,0.09,0.05,0.13
2680.0,0.07,0.04,0.09
2690.0,0.06,0.03,0.09
2700.0,0.06,0.03,0.09
2710.0,0.07,0.03,0.11
2720.0,0.04,0.02,0.06
2730.0,0.05,0.02,0.08
2740.0,0.08,0.05,0.12
2750.0,0.08,0.05,0.11
2760.0,0.07,0.04,0.10
2770.0,0.08,0.05,0.12
2780.0,0.05,0.02,0.08
2790.0,0.07,0.04,0.10
2800.0,0.08,0.04,0.11
2810.0,0.06,0.03,0.09
2820.0,0.08,0.04,0.12
2830.0,0.11,0.07,0.14
2840.0,0.08,0.04,0.11
2850.0,0.08,0.04,0.11
2860.0,0.08,0.05,0.12
2870.0,0.07,0.04,0.10
2880.0,0.09,0.05,0.12
2890.0,0.08,0.05,0.12
2900.0,0.07,0.04,0.11
2910.0,0.08,0.04,0.11
2920.0,0.09,0.05,0.13
2930.0,0.08,0.05,0.12
2940.0,0.06,0.03,0.09
2950.0,0.06,0.03,0.09
2960.0,0.05,0.02,0.07
2970.0,0.08,0.05,0.11
2980.0,0.08,0.05,0.12
2990.0,0.07,0.04,0.10
3000.0,0.09,0.06,0.12
3010.0,0.08,0.05,0.12
3020.0,0.06,0.04,0.09
3030.0,0.07,0.04,0.10
3040.0,0.05,0.02,0.07
3050.0,0.06,0.03,0.09
3060.0,0.09,0.05,0.12
3070.0,0.07,0.04,0.09
3080.0,0.07,0.04,0.11
3090.0,0.07,0.04,0.10
3100.0,0.08,0.05,0.11
3110.0,0.05,0.02,0.07
3120.0,0.08,0.04,0.11
3130.0,0.07,0.04,0.11
3140.0,0.07,0.04,0.10
3150.0,0.07,0.03,0.11
3160.0,0.08,0.05,0.10
3170.0,0.06,0.03,0.10
3180.0,0.07,0.04,0.11
3190.0,0.08,0.05,0.11
3200.0,0.07,0.04,0.11
3210.0,0.07,0.03,0.10
3220.0,0.06,0.02,0.09
3230.0,0.06,0.03,0.09
3240.0,0.08,0.04,0.12
3250.0,0.07,0.04,0.10
3260.0,0.07,0.03,0.10
3270.0,0.07,0.04,0.10
3280.0,0.05,0.02,0.08
3290.0,0.06,0.03,0.10
3300.0,0.07,0.04,0.10
3310.0,0.07,0.04,0.11
3320.0,0.08,0.05,0.12
3330.0,0.08,0.05,0.12
3340.0,0.09,0.05,0.12
3350.0,0.07,0.04,0.10
3360.0,0.06,0.03,0.08
3370.0,0.05,0.02,0.07
3380.0,0.07,0.04,0.10
3390.0,0.08,0.05,0.11
3400.0,0.08,0.05,0.11
3410.0,0.07,0.04,0.10
3420.0,0.06,0.03,0.09
3430.0,0.06,0.03,0.09
3440.0,0.06,0.03,0.09
3450.0,0.08,0.05,0.11
3460.0,0.10,0.06,0.13
3470.0,0.07,0.04,0.10
3480.0,0.06,0.03,0.09
3490.0,0.06,0.04,0.09
3500.0,0.06,0.03,0.09
3510.0,0.06,0.04,0.09
3520.0,0.08,0.05,0.12
3530.0,0.05,0.03,0.07
3540.0,0.10,0.06,0.13
3550.0,0.09,0.05,0.13
3560.0,0.08,0.05,0.12
3570.0,0.07,0.04,0.10
3580.0,0.08,0.05,0.11
3590.0,0.05,0.03,0.08
3600.0,0.08,0.05,0.11
3610.0,0.05,0.03,0.07
3620.0,0.07,0.03,0.11
3630.0,0.10,0.06,0.13
3640.0,0.05,0.02,0.09
3650.0,0.06,0.03,0.08
3660.0,0.08,0.04,0.11
3670.0,0.09,0.06,0.13
3680.0,0.07,0.04,0.09
3690.0,0.09,0.05,0.12
3700.0,0.08,0.05,0.11
3710.0,0.05,0.03,0.08
3720.0,0.06,0.03,0.09
3730.0,0.08,0.05,0.11
3740.0,0.07,0.04,0.10
3750.0,0.07,0.03,0.10
3760.0,0.09,0.05,0.12
3770.0,0.06,0.03,0.10
3780.0,0.07,0.04,0.10
3790.0,0.10,0.06,0.13
3800.0,0.06,0.03,0.09
3810.0,0.07,0.04,0.10
3820.0,0.06,0.04,0.09
3830.0,0.08,0.04,0.13
3840.0,0.08,0.05,0.11
3850.0,0.07,0.04,0.10
3860.0,0.08,0.05,0.12
3870.0,0.08,0.05,0.12
3880.0,0.10,0.06,0.14
3890.0,0.06,0.03,0.09
3900.0,0.05,0.02,0.08
3910.0,0.07,0.04,0.10
3920.0,0.08,0.05,0.12
3930.0,0.05,0.02,0.08
3940.0,0.08,0.05,0.11
3950.0,0.07,0.04,0.10
3960.0,0.09,0.05,0.13
3970.0,0.07,0.04,0.11
3980.0,0.07,0.04,0.11
3990.0,0.06,0.04,0.09
4000.0,0.06,0.02,0.09
4010.0,0.08,0.04,0.11
4020.0,0.10,0.06,0.14
4030.0,0.08,0.05,0.10
4040.0,0.06,0.03,0.08
4050.0,0.07,0.04,0.10
4060.0,0.10,0.07,0.13
4070.0,0.07,0.04,0.10
4080.0,0.08,0.05,0.11
4090.0,0.08,0.05,0.11
4100.0,0.08,0.05,0.12
4110.0,0.07,0.04,0.10
4120.0,0.06,0.03,0.09
4130.0,0.08,0.05,0.11
4140.0,0.06,0.03,0.09
4150.0,0.08,0.05,0.11
4160.0,0.08,0.05,0.11
4170.0,0.07,0.04,0.10
4180.0,0.08,0.04,0.12
4190.0,0.07,0.04,0.10
4200.0,0.08,0.04,0.11
4210.0,0.07,0.04,0.10
4220.0,0.04,0.02,0.07
4230.0,0.09,0.05,0.12
4240.0,0.06,0.03,0.09
4250.0,0.06,0.03,0.10
4260.0,0.06,0.03,0.09
4270.0,0.06,0.03,0.09
4280.0,0.06,0.03,0.08
4290.0,0.06,0.02,0.09
4300.0,0.06,0.03,0.09
4310.0,0.07,0.04,0.09
4320.0,0.08,0.05,0.11
4330.0,0.07,0.04,0.09
4340.0,0.05,0.03,0.08
4350.0,0.09,0.05,0.13
4360.0,0.06,0.03,0.10
4370.0,0.12,0.08,0.16
4380.0,0.07,0.04,0.10
4390.0,0.08,0.04,0.11
4400.0,0.08,0.04,0.11
4410.0,0.07,0.05,0.10
4420.0,0.08,0.05,0.12
4430.0,0.08,0.04,0.11
4440.0,0.05,0.03,0.08
4450.0,0.09,0.05,0.13
4460.0,0.06,0.04,0.09
4470.0,0.09,0.05,0.13
4480.0,0.07,0.03,0.11
4490.0,0.07,0.04,0.11
4500.0,0.08,0.05,0.11
