trial,mean,ci_down,ci_up
0.0,40.00,37.04,42.97
10.0,41.04,38.09,43.99
20.0,40.47,37.53,43.41
30.0,42.24,38.94,45.55
40.0,39.95,37.19,42.70
50.0,41.08,38.15,44.02
60.0,40.17,37.11,43.23
70.0,40.07,37.17,42.97
80.0,39.18,36.42,41.94
90.0,40.34,37.63,43.06
100.0,39.52,36.82,42.21
110.0,40.19,37.63,42.75
120.0,39.67,36.93,42.40
130.0,40.55,37.76,43.34
140.0,39.74,36.87,42.61
150.0,40.47,37.57,43.37
160.0,40.31,37.45,43.17
170.0,39.59,36.84,42.33
180.0,39.57,36.87,42.27
190.0,39.62,36.96,42.27
200.0,40.35,37.24,43.47
210.0,39.79,37.15,42.43
220.0,40.29,37.00,43.57
230.0,40.06,37.31,42.82
240.0,38.82,36.10,41.54
250.0,39.60,37.09,42.11
260.0,40.32,37.57,43.08
270.0,39.69,36.75,42.62
280.0,40.89,38.43,43.35
290.0,39.67,36.64,42.70
300.0,40.32,37.50,43.14
310.0,40.06,37.47,42.65
320.0,39.21,36.46,41.96
330.0,40.34,37.32,43.37
340.0,41.28,38.30,44.27
350.0,40.69,37.95,43.43
360.0,40.65,37.62,43.68
370.0,39.59,36.95,42.23
380.0,40.23,37.26,43.19
390.0,39.83,37.12,42.54
400.0,40.72,37.61,43.84
410.0,40.11,37.67,42.55
420.0,39.91,37.29,42.53
430.0,40.15,37.63,42.67
440.0,40.55,38.14,42.96
450.0,40.18,37.39,42.98
460.0,39.58,36.98,42.19
470.0,40.05,37.21,42.89
480.0,41.38,38.85,43.91
490.0,40.31,37.07,43.55
500.0,40.03,37.19,42.87
510.0,39.93,37.41,42.46
520.0,40.57,37.61,43.52
530.0,41.16,38.09,44.23
540.0,40.10,37.44,42.76
550.0,40.37,37.78,42.96
560.0,40.03,37.29,42.77
570.0,40.54,37.55,43.53
580.0,39.97,37.43,42.51
590.0,40.24,37.41,43.07
600.0,40.10,37.33,42.87
610.0,40.66,38.02,43.30
620.0,40.20,37.41,43.00
630.0,40.98,38.20,43.75
640.0,40.53,37.61,43.45
650.0,40.43,37.72,43.13
660.0,40.48,37.58,43.38
670.0,39.52,36.78,42.25
680.0,40.38,37.72,43.05
690.0,41.19,38.17,44.22
700.0,41.09,38.44,43.74
710.0,40.37,37.31,43.42
720.0,40.54,37.65,43.43
730.0,40.75,37.93,43.56
740.0,39.96,36.84,43.08
750.0,40.32,37.77,42.87
760.0,40.28,37.43,43.13
770.0,39.78,36.88,42.68
780.0,40.04,37.58,42.50
790.0,40.82,37.91,43.73
800.0,40.31,37.39,43.23
810.0,40.88,38.32,43.44
820.0,40.16,37.85,42.47
830.0,40.61,37.89,43.33
840.0,39.50,36.57,42.44
850.0,40.03,37.25,42.80
860.0,39.36,37.06,41.65
870.0,40.48,37.48,43.49
880.0,40.29,37.58,43.01
890.0,40.43,37.99,42.87
900.0,40.74,38.19,43.28
910.0,40.68,37.87,43.48
920.0,40.06,37.71,42.42
930.0,40.43,37.81,43.04
940.0,40.76,37.92,43.59
950.0,40.04,37.65,42.43
960.0,40.51,37.58,43.44
970.0,40.92,38.10,43.75
980.0,40.84,37.98,43.69
990.0,41.12,38.10,44.15
1000.0,40.07,37.41,42.72
1010.0,39.83,37.40,42.27
1020.0,41.50,38.65,44.35
1030.0,40.23,37.40,43.06
1040.0,40.44,38.08,42.80
1050.0,40.60,37.88,43.33
1060.0,41.26,38.83,43.68
1070.0,40.74,38.07,43.40
1080.0,40.90,37.97,43.83
1090.0,39.97,37.56,42.38
1100.0,40.74,37.99,43.50
1110.0,40.19,37.53,42.85
1120.0,40.65,38.07,43.23
1130.0,40.38,37.88,42.87
1140.0,40.23,37.77,42.70
1150.0,40.55,37.68,43.41
1160.0,39.97,37.28,42.67
1170.0,39.72,36.75,42.68
1180.0,40.41,37.61,43.21
1190.0,40.50,38.01,42.99
1200.0,40.53,37.70,43.37
1210.0,40.35,38.21,42.48
1220.0,40.62,37.68,43.55
1230.0,40.12,37.78,42.47
1240.0,40.96,38.45,43.46
1250.0,41.19,38.54,43.84
1260.0,40.14,37.44,42.83
1270.0,40.06,37.67,42.45
1280.0,40.08,37.50,42.66
1290.0,40.15,37.45,42.84
1300.0,40.19,37.66,42.73
1310.0,40.32,37.62,43.02
1320.0,41.20,38.21,44.19
1330.0,39.91,36.96,42.86
1340.0,39.58,37.04,42.12
1350.0,39.63,36.85,42.40
1360.0,40.59,37.69,43.50
1370.0,40.72,37.90,43.54
1380.0,40.70,38.20,43.19
1390.0,39.73,37.23,42.23
1400.0,39.96,37.27,42.64
1410.0,40.51,37.80,43.21
1420.0,40.57,38.07,43.08
1430.0,40.10,37.85,42.36
1440.0,40.11,37.64,42.59
1450.0,39.34,37.15,41.53
1460.0,40.14,37.72,42.55
1470.0,39.68,37.47,41.88
1480.0,40.41,37.80,43.03
1490.0,40.23,37.39,43.07
1500.0,40.12,37.52,42.72
1510.0,40.12,37.74,42.50
1520.0,40.84,37.85,43.82
1530.0,39.89,37.43,42.35
1540.0,40.01,37.41,42.62
1550.0,40.81,37.88,43.75
1560.0,39.98,37.56,42.39
1570.0,39.91,37.45,42.37
1580.0,40.53,37.65,43.42
1590.0,40.71,37.87,43.55
1600.0,40.27,37.70,42.84
1610.0,40.11,37.39,42.83
1620.0,40.74,38.22,43.26
1630.0,39.52,36.95,42.10
1640.0,41.20,38.36,44.04
1650.0,41.41,38.76,44.06
1660.0,39.62,36.92,42.32
1670.0,40.37,37.46,43.27
1680.0,39.98,37.71,42.24
1690.0,40.18,37.58,42.78
1700.0,40.14,37.23,43.05
1710.0,41.27,38.75,43.79
1720.0,40.40,38.03,42.76
1730.0,40.28,37.71,42.84
1740.0,40.11,37.88,42.34
1750.0,39.88,37.34,42.42
1760.0,39.86,37.26,42.46
1770.0,40.37,37.72,43.01
1780.0,40.32,37.60,43.04
1790.0,40.14,37.82,42.47
1800.0,39.38,36.56,42.21
1810.0,39.96,37.25,42.68
1820.0,40.79,38.23,43.35
1830.0,39.78,37.32,42.24
1840.0,39.92,37.43,42.42
1850.0,39.84,37.18,42.50
1860.0,40.21,37.82,42.61
1870.0,39.93,37.21,42.65
1880.0,41.40,38.59,44.20
1890.0,40.03,37.51,42.54
1900.0,39.78,37.03,42.54
1910.0,40.28,37.67,42.89
1920.0,40.05,37.38,42.71
1930.0,39.01,36.33,41.69
1940.0,39.67,37.31,42.03
1950.0,40.46,37.64,43.27
1960.0,40.34,37.84,42.83
1970.0,40.02,37.36,42.69
1980.0,40.13,37.57,42.70
1990.0,41.01,38.04,43.98
2000.0,40.40,37.50,43.30
2010.0,40.57,37.84,43.30
2020.0,40.56,37.98,43.14
2030.0,39.82,37.19,42.45
2040.0,40.52,37.66,43.38
2050.0,40.60,37.85,43.35
2060.0,40.64,37.90,43.37
2070.0,39.96,37.42,42.49
2080.0,39.89,37.07,42.71
2090.0,40.08,37.14,43.01
2100.0,40.23,37.53,42.92
2110.0,39.64,37.22,42.06
2120.0,40.14,37.60,42.68
2130.0,40.19,37.66,42.71
2140.0,39.74,37.07,42.41
2150.0,39.75,37.31,42.19
2160.0,39.37,36.74,42.00
2170.0,39.98,36.92,43.03
2180.0,40.36,37.74,42.98
2190.0,40.68,37.76,43.60
2200.0,41.09,38.43,43.74
2210.0,40.78,38.02,43.55
2220.0,40.02,37.28,42.76
2230.0,39.92,37.49,42.36
2240.0,40.09,37.61,42.56
2250.0,40.98,37.90,44.05
2260.0,40.18,37.86,42.51
2270.0,40.30,37.62,42.98
2280.0,40.00,37.15,42.86
2290.0,40.46,37.57,43.35
2300.0,40.61,37.86,43.37
2310.0,40.41,37.76,43.06
2320.0,40.56,37.96,43.17
2330.0,40.01,37.19,42.83
2340.0,39.56,36.99,42.13
2350.0,40.49,37.89,43.09
2360.0,40.03,37.04,43.02
2370.0,40.66,38.12,43.19
2380.0,39.69,37.00,42.37
2390.0,40.44,37.82,43.05
2400.0,40.24,37.66,42.81
2410.0,40.79,38.28,43.29
2420.0,39.73,37.41,42.05
2430.0,40.02,37.67,42.38
2440.0,40.80,38.22,43.38
2450.0,40.71,38.11,43.32
2460.0,40.91,38.08,43.74
2470.0,40.76,38.07,43.44
2480.0,39.61,36.89,42.33
2490.0,39.72,36.77,42.66
2500.0,39.87,37.02,42.71
2510.0,41.03,38.17,43.90
2520.0,39.52,37.24,41.80
2530.0,40.41,37.89,42.93
2540.0,39.40,37.33,41.47
2550.0,39.93,37.30,42.57
2560.0,40.30,37.62,42.97
2570.0,40.34,37.87,42.82
2580.0,40.32,37.39,43.25
2590.0,40.21,37.71,42.71
2600.0,40.09,37.47,42.71
2610.0,39.57,37.25,41.89
2620.0,39.25,36.68,41.81
2630.0,40.90,38.02,43.78
2640.0,39.89,37.12,42.66
2650.0,39.93,37.42,42.45
2660.0,40.33,37.62,43.04
2670.0,40.08,37.53,42.63
2680.0,39.83,37.40,42.27
2690.0,39.83,37.51,42.15
2700.0,40.50,37.96,43.04
2710.0,40.18,37.87,42.49
2720.0,40.10,37.67,42.54
2730.0,40.43,37.80,43.06
2740.0,40.23,37.88,42.58
2750.0,39.55,36.91,42.20
2760.0,39.64,37.28,41.99
2770.0,40.14,37.47,42.81
2780.0,40.17,37.65,42.69
2790.0,39.09,36.56,41.62
2800.0,39.95,37.48,42.42
2810.0,40.08,37.34,42.83
2820.0,39.79,37.40,42.19
2830.0,39.39,36.88,41.91
2840.0,39.93,37.27,42.58
2850.0,40.34,37.56,43.12
2860.0,39.28,36.64,41.92
2870.0,40.18,37.81,42.54
2880.0,40.17,37.45,42.89
2890.0,39.60,36.99,42.20
2900.0,40.04,37.50,42.58
2910.0,39.88,37.12,42.65
2920.0,40.79,37.99,43.60
2930.0,40.78,38.08,43.48
2940.0,40.50,37.86,43.14
2950.0,40.65,38.17,43.13
2960.0,40.49,37.81,43.17
2970.0,39.76,37.36,42.17
2980.0,40.05,37.63,42.48
2990.0,40.29,37.68,42.90
3000.0,39.87,37.40,42.33
3010.0,40.27,38.05,42.50
3020.0,40.11,37.44,42.78
3030.0,40.49,38.10,42.88
3040.0,40.16,37.59,42.72
3050.0,39.40,36.55,42.26
3060.0,39.76,37.31,42.21
3070.0,40.69,37.94,43.43
3080.0,39.62,36.82,42.42
3090.0,40.72,37.87,43.56
3100.0,39.95,36.94,42.96
3110.0,39.59,37.00,42.17
3120.0,40.53,37.65,43.42
3130.0,40.25,37.70,42.80
3140.0,40.42,37.74,43.10
3150.0,40.17,37.41,42.94
3160.0,39.97,37.40,42.54
3170.0,39.26,37.00,41.53
3180.0,40.33,37.79,42.86
3190.0,40.11,37.49,42.73
3200.0,40.62,37.96,43.28
3210.0,40.64,38.24,43.04
3220.0,39.71,36.86,42.56
3230.0,40.02,37.74,42.31
3240.0,40.44,37.64,43.24
3250.0,39.68,37.16,42.21
3260.0,40.09,37.31,42.87
3270.0,40.29,37.72,42.86
3280.0,40.20,37.57,42.84
3290.0,40.49,37.49,43.49
3300.0,40.26,37.61,42.92
3310.0,40.44,37.72,43.16
3320.0,40.80,38.42,43.17
3330.0,39.79,36.96,42.62
3340.0,39.14,36.60,41.69
3350.0,40.05,37.12,42.98
3360.0,39.32,36.74,41.90
3370.0,39.72,37.35,42.09
3380.0,40.09,37.62,42.55
3390.0,39.38,36.90,41.86
3400.0,39.85,37.53,42.17
3410.0,39.57,36.76,42.37
3420.0,39.93,37.39,42.46
3430.0,40.32,37.50,43.15
3440.0,40.74,38.26,43.23
3450.0,40.44,37.51,43.37
3460.0,40.20,37.51,42.88
3470.0,39.75,37.09,42.41
3480.0,39.46,37.04,41.88
3490.0,39.46,36.76,42.17
3500.0,40.19,37.50,42.87
3510.0,40.41,37.83,42.99
3520.0,40.23,37.65,42.82
3530.0,40.13,37.63,42.62
3540.0,40.31,37.92,42.70
3550.0,40.66,38.23,43.08
3560.0,39.95,37.50,42.41
3570.0,39.89,37.45,42.34
3580.0,40.38,37.78,42.98
3590.0,40.04,37.41,42.67
3600.0,40.18,37.65,42.70
3610.0,40.65,38.11,43.18
3620.0,40.09,37.56,42.63
3630.0,40.22,37.59,42.84
3640.0,39.90,37.37,42.43
3650.0,39.55,37.03,42.06
3660.0,40.30,37.38,43.22
3670.0,39.63,37.30,41.96
3680.0,39.91,37.47,42.34
3690.0,39.42,36.98,41.86
3700.0,40.49,37.81,43.17
3710.0,39.76,37.16,42.36
3720.0,39.82,37.30,42.34
3730.0,39.54,36.85,42.22
3740.0,39.48,36.93,42.03
3750.0,40.06,37.39,42.73
3760.0,40.60,37.75,43.44
3770.0,39.39,36.97,41.80
3780.0,39.57,37.06,42.07
3790.0,40.35,37.73,42.97
3800.0,39.97,37.44,42.50
3810.0,39.53,37.16,41.90
3820.0,39.61,37.01,42.20
3830.0,41.10,38.44,43.77
3840.0,39.93,37.16,42.70
3850.0,39.81,37.10,42.52
3860.0,40.36,37.64,43.09
3870.0,39.98,37.42,42.53
3880.0,40.27,37.48,43.05
3890.0,39.99,37.47,42.51
3900.0,40.81,38.03,43.58
3910.0,39.38,36.93,41.84
3920.0,39.74,36.95,42.53
3930.0,39.50,37.12,41.89
3940.0,39.50,37.33,41.68
3950.0,39.33,37.15,41.52
3960.0,39.53,36.71,42.35
3970.0,39.80,36.87,42.74
3980.0,39.78,37.04,42.53
3990.0,40.27,37.83,42.72
4000.0,40.08,37.41,42.76
4010.0,39.83,37.31,42.36
4020.0,39.72,37.52,41.93
4030.0,39.38,36.60,42.17
4040.0,39.73,36.94,42.53
4050.0,39.82,36.87,42.77
4060.0,39.61,36.72,42.51
4070.0,39.88,37.08,42.67
4080.0,40.66,37.87,43.44
4090.0,40.10,37.41,42.78
4100.0,40.70,38.29,43.11
4110.0,39.46,36.99,41.93
4120.0,39.55,37.30,41.80
4130.0,40.53,37.80,43.26
4140.0,39.54,37.09,41.98
4150.0,40.21,37.55,42.86
4160.0,40.39,37.87,42.91
4170.0,40.72,38.00,43.44
4180.0,40.24,37.58,42.90
4190.0,40.04,37.31,42.77
4200.0,39.59,36.71,42.47
4210.0,38.92,36.36,41.48
4220.0,39.93,37.28,42.58
4230.0,39.91,37.46,42.36
4240.0,39.91,37.39,42.43
4250.0,40.07,37.39,42.74
4260.0,39.39,36.84,41.94
4270.0,39.88,37.53,42.23
4280.0,39.79,37.15,42.43
4290.0,40.07,37.50,42.64
4300.0,39.96,37.40,42.53
4310.0,39.82,37.21,42.43
4320.0,39.93,37.59,42.27
4330.0,39.43,37.09,41.77
4340.0,39.07,36.57,41.57
4350.0,39.61,37.25,41.97
4360.0,39.40,36.89,41.92
4370.0,40.24,37.57,42.91
4380.0,39.68,37.21,42.15
4390.0,40.00,37.23,42.78
4400.0,39.32,36.71,41.92
4410.0,38.96,36.58,41.35
4420.0,39.92,37.48,42.37
4430.0,40.70,37.73,43.67
4440.0,40.42,37.85,42.98
4450.0,38.84,36.17,41.50
4460.0,40.14,37.52,42.76
4470.0,39.89,37.41,42.38
4480.0,39.68,37.20,42.16
4490.0,39.89,37.25,42.52
4500.0,40.34,37.64,43.04
