trial,mean,ci_down,ci_up
0.0,0.06,0.03,0.09
10.0,0.08,0.05,0.11
20.0,0.09,0.06,0.13
30.0,0.08,0.05,0.11
40.0,0.08,0.05,0.11
50.0,0.08,0.05,0.11
60.0,0.09,0.06,0.11
70.0,0.07,0.04,0.11
80.0,0.08,0.05,0.11
90.0,0.06,0.03,0.09
100.0,0.06,0.04,0.08
110.0,0.10,0.06,0.13
120.0,0.08,0.05,0.11
130.0,0.08,0.04,0.11
140.0,0.06,0.03,0.08
150.0,0.08,0.06,0.11
160.0,0.10,0.06,0.13
170.0,0.08,0.05,0.11
180.0,0.09,0.05,0.12
190.0,0.08,0.05,0.11
200.0,0.07,0.04,0.09
210.0,0.06,0.03,0.09
220.0,0.08,0.06,0.11
230.0,0.09,0.06,0.12
240.0,0.07,0.04,0.10
250.0,0.09,0.05,0.12
260.0,0.07,0.03,0.11
270.0,0.06,0.03,0.08
280.0,0.07,0.04,0.10
290.0,0.07,0.04,0.09
300.0,0.07,0.04,0.10
310.0,0.07,0.04,0.09
320.0,0.08,0.05,0.10
330.0,0.08,0.05,0.11
340.0,0.07,0.04,0.10
350.0,0.08,0.05,0.12
360.0,0.09,0.06,0.12
370.0,0.07,0.04,0.09
380.0,0.09,0.05,0.12
390.0,0.07,0.04,0.10
400.0,0.08,0.05,0.11
410.0,0.08,0.05,0.10
420.0,0.07,0.04,0.10
430.0,0.06,0.03,0.09
440.0,0.10,0.06,0.14
450.0,0.07,0.04,0.09
460.0,0.05,0.03,0.07
470.0,0.08,0.04,0.12
480.0,0.08,0.05,0.10
490.0,0.08,0.04,0.11
500.0,0.09,0.06,0.13
510.0,0.07,0.04,0.10
520.0,0.06,0.03,0.09
530.0,0.09,0.06,0.12
540.0,0.07,0.04,0.10
550.0,0.09,0.06,0.12
560.0,0.09,0.06,0.12
570.0,0.08,0.04,0.11
580.0,0.07,0.04,0.09
590.0,0.09,0.06,0.12
600.0,0.07,0.05,0.10
610.0,0.08,0.05,0.11
620.0,0.08,0.05,0.10
630.0,0.07,0.04,0.10
640.0,0.06,0.03,0.09
650.0,0.07,0.04,0.10
660.0,0.07,0.05,0.10
670.0,0.10,0.06,0.14
680.0,0.06,0.03,0.08
690.0,0.08,0.05,0.11
700.0,0.09,0.06,0.12
710.0,0.07,0.04,0.11
720.0,0.10,0.06,0.14
730.0,0.07,0.04,0.10
740.0,0.06,0.04,0.09
750.0,0.07,0.04,0.10
760.0,0.08,0.05,0.11
770.0,0.09,0.05,0.12
780.0,0.08,0.04,0.11
790.0,0.07,0.04,0.11
800.0,0.09,0.06,0.12
810.0,0.07,0.04,0.10
820.0,0.07,0.04,0.11
830.0,0.09,0.06,0.12
840.0,0.05,0.03,0.08
850.0,0.06,0.03,0.09
860.0,0.07,0.04,0.09
870.0,0.06,0.04,0.09
880.0,0.10,0.06,0.14
890.0,0.08,0.05,0.11
900.0,0.08,0.04,0.11
910.0,0.09,0.06,0.12
920.0,0.08,0.05,0.12
930.0,0.08,0.05,0.11
940.0,0.05,0.03,0.08
950.0,0.09,0.05,0.12
960.0,0.08,0.05,0.12
970.0,0.10,0.07,0.13
980.0,0.08,0.05,0.11
990.0,0.08,0.05,0.11
1000.0,0.08,0.05,0.11
1010.0,0.07,0.03,0.10
1020.0,0.08,0.05,0.11
1030.0,0.06,0.04,0.08
1040.0,0.06,0.03,0.09
1050.0,0.07,0.04,0.11
1060.0,0.06,0.03,0.09
1070.0,0.07,0.04,0.10
1080.0,0.07,0.04,0.09
1090.0,0.07,0.04,0.10
1100.0,0.06,0.04,0.09
1110.0,0.06,0.04,0.09
1120.0,0.10,0.07,0.13
1130.0,0.07,0.04,0.09
1140.0,0.09,0.06,0.12
1150.0,0.08,0.05,0.11
1160.0,0.08,0.05,0.11
1170.0,0.08,0.05,0.12
1180.0,0.08,0.05,0.12
1190.0,0.08,0.05,0.10
1200.0,0.07,0.04,0.10
1210.0,0.07,0.04,0.10
1220.0,0.06,0.03,0.09
1230.0,0.09,0.07,0.12
1240.0,0.09,0.06,0.12
1250.0,0.05,0.03,0.08
1260.0,0.06,0.03,0.08
1270.0,0.09,0.05,0.13
1280.0,0.09,0.06,0.12
1290.0,0.07,0.04,0.10
1300.0,0.08,0.04,0.11
1310.0,0.07,0.04,0.10
1320.0,0.08,0.05,0.12
1330.0,0.09,0.05,0.13
1340.0,0.08,0.04,0.12
1350.0,0.07,0.04,0.10
1360.0,0.09,0.05,0.12
1370.0,0.09,0.05,0.13
1380.0,0.06,0.03,0.09
1390.0,0.08,0.05,0.11
1400.0,0.05,0.03,0.08
1410.0,0.07,0.04,0.10
1420.0,0.07,0.04,0.10
1430.0,0.07,0.04,0.10
1440.0,0.08,0.05,0.11
1450.0,0.06,0.04,0.09
1460.0,0.09,0.05,0.12
1470.0,0.07,0.04,0.09
1480.0,0.07,0.04,0.09
1490.0,0.07,0.04,0.10
1500.0,0.07,0.04,0.10
1510.0,0.08,0.05,0.10
1520.0,0.09,0.05,0.12
1530.0,0.10,0.06,0.14
1540.0,0.07,0.04,0.10
1550.0,0.08,0.04,0.12
1560.0,0.10,0.07,0.14
1570.0,0.08,0.05,0.11
1580.0,0.07,0.04,0.09
1590.0,0.07,0.04,0.10
1600.0,0.08,0.05,0.12
1610.0,0.06,0.03,0.09
1620.0,0.06,0.03,0.09
1630.0,0.08,0.05,0.12
1640.0,0.07,0.04,0.10
1650.0,0.07,0.04,0.10
1660.0,0.08,0.05,0.12
1670.0,0.09,0.05,0.13
1680.0,0.08,0.04,0.11
1690.0,0.08,0.04,0.11
1700.0,0.07,0.05,0.10
1710.0,0.06,0.04,0.09
1720.0,0.08,0.04,0.12
1730.0,0.06,0.04,0.09
1740.0,0.08,0.05,0.10
1750.0,0.06,0.03,0.08
1760.0,0.10,0.06,0.14
1770.0,0.11,0.08,0.15
1780.0,0.07,0.05,0.10
1790.0,0.07,0.05,0.10
1800.0,0.09,0.06,0.12
1810.0,0.08,0.05,0.11
1820.0,0.05,0.03,0.07
1830.0,0.06,0.03,0.08
1840.0,0.07,0.05,0.10
1850.0,0.08,0.05,0.11
1860.0,0.07,0.04,0.10
1870.0,0.08,0.05,0.11
1880.0,0.05,0.03,0.07
1890.0,0.04,0.02,0.05
1900.0,0.08,0.04,0.11
1910.0,0.08,0.05,0.11
1920.0,0.07,0.04,0.10
1930.0,0.08,0.05,0.11
1940.0,0.09,0.06,0.11
1950.0,0.09,0.05,0.12
1960.0,0.06,0.03,0.08
1970.0,0.08,0.05,0.11
1980.0,0.07,0.04,0.10
1990.0,0.08,0.05,0.11
2000.0,0.05,0.03,0.08
2010.0,0.05,0.03,0.08
2020.0,0.09,0.06,0.12
2030.0,0.08,0.05,0.11
2040.0,0.05,0.02,0.08
2050.0,0.06,0.04,0.09
2060.0,0.09,0.06,0.12
2070.0,0.08,0.05,0.11
2080.0,0.09,0.06,0.13
2090.0,0.07,0.05,0.10
2100.0,0.07,0.04,0.10
2110.0,0.09,0.06,0.12
2120.0,0.06,0.03,0.09
2130.0,0.07,0.04,0.10
2140.0,0.07,0.04,0.09
2150.0,0.08,0.05,0.11
2160.0,0.08,0.05,0.11
2170.0,0.07,0.04,0.10
2180.0,0.07,0.04,0.10
2190.0,0.08,0.04,0.11
2200.0,0.09,0.06,0.13
2210.0,0.09,0.06,0.12
2220.0,0.08,0.05,0.11
2230.0,0.08,0.05,0.12
2240.0,0.08,0.05,0.11
2250.0,0.08,0.05,0.11
2260.0,0.08,0.05,0.11
2270.0,0.08,0.05,0.11
2280.0,0.08,0.04,0.11
2290.0,0.07,0.04,0.09
2300.0,0.07,0.03,0.10
2310.0,0.08,0.04,0.11
2320.0,0.07,0.04,0.10
2330.0,0.06,0.03,0.09
2340.0,0.08,0.05,0.11
2350.0,0.07,0.04,0.10
2360.0,0.07,0.04,0.10
2370.0,0.06,0.03,0.09
2380.0,0.08,0.05,0.11
2390.0,0.06,0.03,0.09
2400.0,0.06,0.03,0.09
2410.0,0.08,0.05,0.11
2420.0,0.07,0.04,0.10
2430.0,0.06,0.04,0.09
2440.0,0.08,0.05,0.11
2450.0,0.06,0.04,0.08
2460.0,0.06,0.03,0.08
2470.0,0.07,0.04,0.10
2480.0,0.08,0.05,0.11
2490.0,0.07,0.04,0.11
2500.0,0.08,0.05,0.10
2510.0,0.08,0.05,0.10
2520.0,0.07,0.04,0.10
2530.0,0.07,0.04,0.10
2540.0,0.07,0.04,0.11
2550.0,0.07,0.04,0.10
2560.0,0.09,0.06,0.12
2570.0,0.06,0.03,0.08
2580.0,0.07,0.04,0.11
2590.0,0.07,0.04,0.09
2600.0,0.10,0.06,0.13
2610.0,0.08,0.05,0.11
2620.0,0.07,0.04,0.09
2630.0,0.08,0.05,0.11
2640.0,0.09,0.05,0.13
2650.0,0.07,0.05,0.10
2660.0,0.08,0.05,0.11
2670.0,0.07,0.04,0.10
2680.0,0.09,0.06,0.12
2690.0,0.06,0.04,0.09
2700.0,0.08,0.05,0.10
2710.0,0.08,0.05,0.11
2720.0,0.08,0.05,0.12
2730.0,0.07,0.04,0.09
2740.0,0.08,0.04,0.12
2750.0,0.06,0.04,0.09
2760.0,0.09,0.05,0.12
2770.0,0.06,0.04,0.09
2780.0,0.06,0.03,0.08
2790.0,0.12,0.09,0.16
2800.0,0.07,0.04,0.11
2810.0,0.07,0.04,0.10
2820.0,0.06,0.03,0.09
2830.0,0.09,0.05,0.12
2840.0,0.06,0.03,0.08
2850.0,0.07,0.04,0.10
2860.0,0.08,0.04,0.11
2870.0,0.10,0.06,0.14
2880.0,0.08,0.05,0.11
2890.0,0.06,0.04,0.09
2900.0,0.08,0.05,0.11
2910.0,0.08,0.05,0.11
2920.0,0.08,0.05,0.11
2930.0,0.08,0.05,0.11
2940.0,0.06,0.03,0.09
2950.0,0.05,0.03,0.08
2960.0,0.08,0.05,0.11
2970.0,0.08,0.05,0.11
2980.0,0.07,0.03,0.10
2990.0,0.06,0.04,0.09
3000.0,0.06,0.03,0.09
3010.0,0.06,0.04,0.08
3020.0,0.07,0.04,0.10
3030.0,0.07,0.04,0.10
3040.0,0.07,0.04,0.10
3050.0,0.07,0.04,0.10
3060.0,0.10,0.06,0.13
3070.0,0.07,0.04,0.10
3080.0,0.08,0.05,0.10
3090.0,0.07,0.04,0.10
3100.0,0.06,0.03,0.08
3110.0,0.07,0.05,0.10
3120.0,0.09,0.06,0.12
3130.0,0.06,0.04,0.08
3140.0,0.10,0.06,0.14
3150.0,0.08,0.05,0.11
3160.0,0.07,0.04,0.09
3170.0,0.07,0.04,0.09
3180.0,0.08,0.05,0.11
3190.0,0.08,0.05,0.12
3200.0,0.08,0.05,0.11
3210.0,0.07,0.04,0.10
3220.0,0.09,0.06,0.12
3230.0,0.07,0.04,0.10
3240.0,0.07,0.04,0.10
3250.0,0.07,0.04,0.10
3260.0,0.08,0.05,0.11
3270.0,0.09,0.05,0.12
3280.0,0.07,0.04,0.10
3290.0,0.08,0.06,0.11
3300.0,0.08,0.04,0.11
3310.0,0.09,0.06,0.12
3320.0,0.07,0.05,0.10
3330.0,0.08,0.05,0.11
3340.0,0.09,0.06,0.12
3350.0,0.07,0.04,0.10
3360.0,0.06,0.04,0.08
3370.0,0.07,0.05,0.10
3380.0,0.07,0.04,0.10
3390.0,0.08,0.05,0.12
3400.0,0.09,0.06,0.12
3410.0,0.07,0.04,0.10
3420.0,0.09,0.06,0.12
3430.0,0.09,0.06,0.12
3440.0,0.08,0.05,0.11
3450.0,0.07,0.04,0.11
3460.0,0.09,0.05,0.12
3470.0,0.08,0.05,0.11
3480.0,0.08,0.05,0.11
3490.0,0.07,0.04,0.10
3500.0,0.06,0.03,0.09
3510.0,0.07,0.04,0.09
3520.0,0.05,0.02,0.08
3530.0,0.09,0.06,0.12
3540.0,0.07,0.04,0.09
3550.0,0.06,0.03,0.08
3560.0,0.08,0.05,0.11
3570.0,0.09,0.06,0.13
3580.0,0.10,0.06,0.13
3590.0,0.08,0.05,0.11
3600.0,0.10,0.06,0.13
3610.0,0.08,0.05,0.12
3620.0,0.07,0.04,0.10
3630.0,0.08,0.05,0.11
3640.0,0.06,0.03,0.09
3650.0,0.09,0.05,0.13
3660.0,0.06,0.03,0.10
3670.0,0.05,0.03,0.08
3680.0,0.06,0.03,0.09
3690.0,0.09,0.06,0.12
3700.0,0.09,0.05,0.12
3710.0,0.07,0.04,0.10
3720.0,0.07,0.04,0.10
3730.0,0.07,0.04,0.09
3740.0,0.08,0.05,0.11
3750.0,0.08,0.05,0.11
3760.0,0.09,0.06,0.13
3770.0,0.06,0.04,0.09
3780.0,0.06,0.03,0.09
3790.0,0.07,0.04,0.10
3800.0,0.06,0.03,0.08
3810.0,0.07,0.04,0.10
3820.0,0.07,0.04,0.10
3830.0,0.08,0.05,0.10
3840.0,0.07,0.04,0.09
3850.0,0.09,0.06,0.12
3860.0,0.07,0.04,0.09
3870.0,0.06,0.03,0.09
3880.0,0.08,0.05,0.11
3890.0,0.08,0.04,0.12
3900.0,0.08,0.05,0.10
3910.0,0.07,0.05,0.10
3920.0,0.09,0.05,0.13
3930.0,0.08,0.04,0.11
3940.0,0.09,0.05,0.12
3950.0,0.08,0.04,0.12
3960.0,0.09,0.06,0.11
3970.0,0.09,0.05,0.12
3980.0,0.06,0.04,0.09
3990.0,0.06,0.03,0.08
4000.0,0.08,0.05,0.11
4010.0,0.09,0.06,0.13
4020.0,0.08,0.05,0.11
4030.0,0.07,0.04,0.10
4040.0,0.09,0.06,0.12
4050.0,0.07,0.04,0.10
4060.0,0.09,0.06,0.12
4070.0,0.07,0.04,0.10
4080.0,0.07,0.04,0.10
4090.0,0.09,0.05,0.12
4100.0,0.06,0.04,0.09
4110.0,0.10,0.07,0.14
4120.0,0.09,0.05,0.13
4130.0,0.08,0.05,0.11
4140.0,0.09,0.06,0.12
4150.0,0.07,0.04,0.09
4160.0,0.08,0.05,0.11
4170.0,0.07,0.04,0.10
4180.0,0.06,0.03,0.08
4190.0,0.06,0.03,0.09
4200.0,0.08,0.05,0.12
4210.0,0.09,0.06,0.12
4220.0,0.06,0.03,0.09
4230.0,0.07,0.04,0.10
4240.0,0.08,0.05,0.11
4250.0,0.06,0.04,0.09
4260.0,0.07,0.04,0.10
4270.0,0.07,0.04,0.11
4280.0,0.10,0.07,0.14
4290.0,0.06,0.03,0.10
4300.0,0.06,0.03,0.08
4310.0,0.07,0.04,0.10
4320.0,0.07,0.04,0.09
4330.0,0.06,0.04,0.09
4340.0,0.07,0.04,0.09
4350.0,0.09,0.05,0.12
4360.0,0.06,0.04,0.09
4370.0,0.07,0.04,0.09
4380.0,0.06,0.04,0.09
4390.0,0.07,0.04,0.10
4400.0,0.08,0.04,0.11
4410.0,0.08,0.05,0.11
4420.0,0.06,0.04,0.08
4430.0,0.09,0.06,0.12
4440.0,0.08,0.05,0.11
4450.0,0.08,0.05,0.11
4460.0,0.08,0.05,0.11
4470.0,0.07,0.05,0.10
4480.0,0.08,0.05,0.10
4490.0,0.08,0.05,0.11
4500.0,0.06,0.04,0.09
