trial,mean,ci_down,ci_up
0.0,32.41,26.54,38.29
10.0,32.40,28.09,36.71
20.0,33.12,28.23,38.00
30.0,37.70,31.51,43.90
40.0,33.17,29.04,37.29
50.0,34.79,28.70,40.89
60.0,32.28,27.05,37.51
70.0,33.60,27.13,40.08
80.0,32.89,26.87,38.90
90.0,32.94,28.06,37.82
100.0,32.34,28.26,36.43
110.0,34.68,28.58,40.78
120.0,32.77,26.60,38.95
130.0,34.17,29.83,38.50
140.0,33.65,27.55,39.75
150.0,35.04,29.91,40.16
160.0,36.83,29.99,43.67
170.0,33.97,27.68,40.26
180.0,37.75,31.12,44.37
190.0,35.09,28.19,41.98
200.0,34.99,29.26,40.71
210.0,35.03,31.11,38.95
220.0,32.87,28.17,37.56
230.0,33.41,28.99,37.83
240.0,36.92,30.05,43.78
250.0,35.61,29.49,41.73
260.0,36.13,30.16,42.10
270.0,33.49,27.55,39.43
280.0,35.36,30.40,40.33
290.0,37.39,29.69,45.09
300.0,38.86,31.10,46.62
310.0,34.40,27.71,41.08
320.0,32.34,28.03,36.65
330.0,34.91,29.80,40.01
340.0,32.71,28.84,36.58
350.0,38.21,32.36,44.06
360.0,32.98,27.27,38.69
370.0,34.65,28.49,40.81
380.0,36.81,31.30,42.31
390.0,35.19,30.18,40.19
400.0,33.71,28.69,38.73
410.0,33.62,29.48,37.76
420.0,35.22,29.28,41.16
430.0,36.63,31.53,41.73
440.0,33.93,28.32,39.53
450.0,37.54,31.92,43.16
460.0,31.90,27.04,36.76
470.0,40.12,32.29,47.95
480.0,37.50,31.75,43.25
490.0,35.49,30.42,40.57
500.0,33.59,29.17,38.00
510.0,34.21,29.64,38.78
520.0,35.82,29.97,41.67
530.0,34.75,28.73,40.77
540.0,37.96,31.39,44.54
550.0,36.58,28.97,44.18
560.0,34.76,28.25,41.26
570.0,34.27,28.79,39.76
580.0,35.63,29.47,41.79
590.0,37.66,29.54,45.79
600.0,35.71,29.52,41.90
610.0,35.47,29.37,41.57
620.0,32.81,27.69,37.93
630.0,38.87,31.43,46.31
640.0,38.51,31.49,45.53
650.0,37.25,30.45,44.05
660.0,37.49,30.73,44.24
670.0,38.49,31.31,45.68
680.0,39.02,31.95,46.08
690.0,37.23,31.28,43.19
700.0,36.43,29.83,43.04
710.0,33.40,27.70,39.09
720.0,35.53,30.08,40.98
730.0,36.39,30.82,41.96
740.0,37.78,29.34,46.22
750.0,36.82,30.12,43.52
760.0,35.93,29.92,41.94
770.0,32.96,28.70,37.22
780.0,36.50,30.23,42.77
790.0,34.54,29.61,39.46
800.0,37.38,30.91,43.85
810.0,33.91,29.47,38.34
820.0,34.70,28.98,40.43
830.0,38.64,31.29,45.99
840.0,37.35,31.55,43.16
850.0,34.86,29.70,40.03
860.0,37.71,29.95,45.46
870.0,38.84,31.70,45.98
880.0,37.83,31.23,44.42
890.0,38.67,30.81,46.52
900.0,35.62,28.76,42.48
910.0,34.43,29.11,39.75
920.0,35.01,28.26,41.77
930.0,35.05,30.59,39.52
940.0,34.07,29.52,38.63
950.0,36.50,30.91,42.09
960.0,34.07,28.06,40.09
970.0,33.38,27.61,39.16
980.0,36.01,30.11,41.92
990.0,36.15,28.74,43.55
1000.0,31.80,27.75,35.85
1010.0,30.81,26.22,35.40
1020.0,32.25,27.63,36.86
1030.0,39.87,30.93,48.80
1040.0,37.00,30.74,43.25
1050.0,33.40,27.50,39.31
1060.0,37.02,31.09,42.95
1070.0,34.21,27.95,40.48
1080.0,36.57,30.21,42.93
1090.0,33.10,28.48,37.73
1100.0,38.24,30.25,46.23
1110.0,34.78,28.49,41.07
1120.0,35.53,29.43,41.62
1130.0,34.64,27.88,41.41
1140.0,37.96,30.90,45.02
1150.0,35.52,29.51,41.54
1160.0,40.60,32.64,48.57
1170.0,38.29,30.68,45.90
1180.0,40.55,33.36,47.74
1190.0,33.50,28.67,38.33
1200.0,35.92,29.13,42.71
1210.0,35.12,27.84,42.40
1220.0,35.56,28.11,43.01
1230.0,33.64,27.87,39.42
1240.0,41.56,33.33,49.78
1250.0,36.96,30.58,43.34
1260.0,36.39,29.64,43.14
1270.0,36.63,29.47,43.79
1280.0,36.58,28.48,44.68
1290.0,39.01,31.92,46.10
1300.0,34.56,29.45,39.68
1310.0,37.43,30.58,44.29
1320.0,36.29,28.23,44.35
1330.0,33.62,27.28,39.95
1340.0,39.56,31.35,47.76
1350.0,41.55,34.19,48.90
1360.0,35.84,29.91,41.78
1370.0,37.10,29.31,44.89
1380.0,35.29,30.66,39.93
1390.0,45.01,35.82,54.19
1400.0,35.57,30.35,40.78
1410.0,36.31,30.77,41.86
1420.0,42.04,34.56,49.53
1430.0,37.02,31.39,42.66
1440.0,37.63,30.43,44.82
1450.0,34.98,30.71,39.24
1460.0,40.31,32.48,48.13
1470.0,38.98,32.59,45.38
1480.0,36.20,29.32,43.07
1490.0,34.58,28.38,40.77
1500.0,38.57,32.83,44.32
1510.0,38.05,31.01,45.09
1520.0,36.97,30.65,43.29
1530.0,38.60,30.97,46.22
1540.0,37.08,31.61,42.55
1550.0,37.89,31.01,44.77
1560.0,36.46,30.31,42.60
1570.0,34.77,29.78,39.76
1580.0,38.39,33.00,43.78
1590.0,34.29,28.70,39.88
1600.0,36.05,29.10,43.01
1610.0,39.68,32.87,46.48
1620.0,34.91,29.12,40.69
1630.0,37.34,29.38,45.30
1640.0,35.70,31.22,40.19
1650.0,36.02,30.33,41.70
1660.0,34.81,30.06,39.56
1670.0,36.98,29.96,43.99
1680.0,37.44,29.55,45.33
1690.0,35.25,29.95,40.55
1700.0,38.37,30.57,46.18
1710.0,38.54,31.72,45.36
1720.0,35.18,29.49,40.87
1730.0,36.53,28.57,44.50
1740.0,37.29,31.09,43.48
1750.0,35.94,30.60,41.29
1760.0,35.13,30.20,40.05
1770.0,38.14,30.42,45.86
1780.0,36.50,30.95,42.05
1790.0,35.25,30.49,40.02
1800.0,34.59,29.12,40.05
1810.0,38.75,31.58,45.92
1820.0,33.98,27.85,40.12
1830.0,37.70,30.31,45.08
1840.0,38.08,31.16,45.01
1850.0,38.29,31.18,45.40
1860.0,37.91,30.89,44.92
1870.0,36.21,32.15,40.27
1880.0,37.37,29.73,45.00
1890.0,35.83,29.38,42.28
1900.0,36.77,29.98,43.56
1910.0,34.74,29.69,39.79
1920.0,32.78,29.48,36.08
1930.0,35.97,30.21,41.73
1940.0,36.67,30.36,42.99
1950.0,34.08,29.30,38.86
1960.0,37.12,28.48,45.76
1970.0,37.94,30.84,45.05
1980.0,35.17,28.43,41.91
1990.0,37.80,31.06,44.53
2000.0,37.96,30.62,45.30
2010.0,36.17,30.07,42.28
2020.0,34.84,28.76,40.93
2030.0,32.20,26.93,37.48
2040.0,36.06,29.75,42.37
2050.0,37.12,30.28,43.96
2060.0,33.10,27.20,39.00
2070.0,32.42,27.07,37.78
2080.0,37.54,30.55,44.54
2090.0,38.94,30.93,46.95
2100.0,40.78,34.17,47.40
2110.0,36.14,31.69,40.58
2120.0,37.00,32.22,41.78
2130.0,35.65,29.51,41.78
2140.0,36.97,31.87,42.06
2150.0,36.78,29.58,43.98
2160.0,38.02,30.64,45.41
2170.0,43.65,35.82,51.48
2180.0,31.77,27.79,35.75
2190.0,39.73,32.47,47.00
2200.0,38.98,32.65,45.30
2210.0,35.27,29.19,41.36
2220.0,33.48,28.69,38.27
2230.0,36.30,28.76,43.83
2240.0,36.71,29.36,44.07
2250.0,35.79,29.80,41.78
2260.0,35.81,28.56,43.05
2270.0,34.56,28.33,40.80
2280.0,38.02,30.93,45.11
2290.0,30.69,26.48,34.91
2300.0,36.52,30.02,43.02
2310.0,35.91,30.15,41.67
2320.0,36.68,29.47,43.89
2330.0,35.35,30.65,40.05
2340.0,35.67,30.27,41.07
2350.0,33.80,29.81,37.79
2360.0,35.29,29.72,40.86
2370.0,35.97,30.91,41.02
2380.0,36.22,30.47,41.98
2390.0,38.30,31.43,45.16
2400.0,35.73,29.78,41.68
2410.0,35.92,29.68,42.17
2420.0,35.99,29.45,42.53
2430.0,35.95,30.59,41.31
2440.0,35.58,29.04,42.12
2450.0,39.81,33.90,45.72
2460.0,36.35,29.82,42.87
2470.0,36.05,30.14,41.97
2480.0,35.80,30.39,41.22
2490.0,33.52,29.47,37.57
2500.0,35.41,28.99,41.84
2510.0,39.65,31.92,47.38
2520.0,36.04,30.78,41.29
2530.0,34.15,28.17,40.13
2540.0,32.25,27.05,37.45
2550.0,35.55,29.70,41.40
2560.0,37.71,31.62,43.81
2570.0,35.86,29.77,41.95
2580.0,35.35,29.91,40.79
2590.0,37.49,29.85,45.13
2600.0,34.72,29.73,39.71
2610.0,36.51,30.61,42.41
2620.0,39.16,32.57,45.75
2630.0,34.91,29.84,39.98
2640.0,33.01,27.61,38.41
2650.0,36.91,30.59,43.23
2660.0,36.13,29.28,42.98
2670.0,40.80,34.07,47.52
2680.0,35.03,30.65,39.40
2690.0,36.17,29.57,42.78
2700.0,33.88,28.03,39.73
2710.0,38.32,31.20,45.45
2720.0,34.15,29.82,38.47
2730.0,35.54,28.32,42.76
2740.0,35.99,28.95,43.04
2750.0,33.03,28.56,37.51
2760.0,34.34,28.20,40.49
2770.0,38.23,31.41,45.04
2780.0,34.67,29.47,39.87
2790.0,35.44,29.45,41.43
2800.0,33.43,28.50,38.36
2810.0,36.81,31.21,42.41
2820.0,38.04,33.47,42.60
2830.0,34.15,29.51,38.79
2840.0,36.25,30.25,42.25
2850.0,36.50,30.93,42.08
2860.0,37.87,30.63,45.11
2870.0,35.03,28.14,41.92
2880.0,37.37,29.97,44.78
2890.0,36.37,31.90,40.84
2900.0,35.05,28.53,41.57
2910.0,36.97,30.48,43.45
2920.0,33.54,28.60,38.47
2930.0,34.23,30.15,38.31
2940.0,39.51,31.98,47.05
2950.0,38.02,32.23,43.81
2960.0,36.86,29.89,43.83
2970.0,38.12,32.03,44.21
2980.0,36.76,28.98,44.54
2990.0,35.20,30.11,40.29
3000.0,37.27,30.55,44.00
3010.0,34.74,30.01,39.48
3020.0,37.74,30.26,45.23
3030.0,37.92,32.05,43.78
3040.0,38.25,31.86,44.63
3050.0,38.79,32.60,44.98
3060.0,32.74,27.83,37.66
3070.0,39.56,32.62,46.51
3080.0,37.40,31.04,43.76
3090.0,37.02,30.96,43.09
3100.0,38.39,32.07,44.71
3110.0,35.88,29.83,41.93
3120.0,36.92,30.73,43.12
3130.0,35.66,29.81,41.50
3140.0,38.26,32.17,44.34
3150.0,37.29,30.63,43.94
3160.0,32.47,28.03,36.91
3170.0,32.88,27.81,37.95
3180.0,32.96,27.87,38.06
3190.0,38.10,31.43,44.77
3200.0,33.21,27.69,38.73
3210.0,35.03,29.72,40.34
3220.0,38.08,31.35,44.82
3230.0,36.58,31.25,41.92
3240.0,34.03,29.15,38.92
3250.0,35.49,29.00,41.98
3260.0,36.04,31.03,41.05
3270.0,38.41,31.39,45.43
3280.0,36.76,30.86,42.66
3290.0,36.22,27.79,44.64
3300.0,36.75,29.81,43.70
3310.0,35.81,30.50,41.13
3320.0,35.93,29.86,42.00
3330.0,32.70,28.40,37.00
3340.0,33.76,28.34,39.18
3350.0,32.37,25.75,38.99
3360.0,36.24,30.38,42.11
3370.0,36.17,29.72,42.62
3380.0,36.61,30.72,42.50
3390.0,36.69,30.34,43.03
3400.0,32.29,28.51,36.07
3410.0,37.19,29.37,45.01
3420.0,37.39,30.51,44.27
3430.0,35.85,29.49,42.22
3440.0,36.23,31.08,41.38
3450.0,34.71,28.27,41.14
3460.0,36.63,31.10,42.15
3470.0,35.06,30.77,39.36
3480.0,36.15,28.96,43.34
3490.0,35.52,30.04,41.01
3500.0,36.60,31.44,41.77
3510.0,37.08,30.42,43.74
3520.0,34.29,31.14,37.45
3530.0,36.24,28.84,43.65
3540.0,35.59,30.42,40.77
3550.0,41.42,34.30,48.54
3560.0,37.49,30.66,44.31
3570.0,35.84,30.19,41.48
3580.0,36.18,30.82,41.54
3590.0,40.63,32.04,49.22
3600.0,37.93,32.12,43.73
3610.0,35.44,29.37,41.51
3620.0,38.12,32.30,43.93
3630.0,38.49,32.25,44.74
3640.0,34.87,29.65,40.10
3650.0,35.65,30.19,41.11
3660.0,36.51,31.45,41.56
3670.0,34.47,28.63,40.31
3680.0,38.67,31.46,45.88
3690.0,32.56,27.59,37.53
3700.0,37.01,31.67,42.36
3710.0,41.54,33.59,49.49
3720.0,38.24,29.76,46.73
3730.0,38.10,32.95,43.26
3740.0,35.86,29.56,42.16
3750.0,35.31,29.31,41.31
3760.0,38.59,32.63,44.56
3770.0,34.36,29.88,38.83
3780.0,39.15,32.93,45.36
3790.0,36.14,28.77,43.52
3800.0,35.16,29.01,41.32
3810.0,35.08,29.79,40.38
3820.0,33.41,28.34,38.47
3830.0,35.13,28.68,41.59
3840.0,36.83,32.06,41.61
3850.0,38.90,32.51,45.28
3860.0,36.79,31.23,42.34
3870.0,37.29,30.64,43.94
3880.0,39.19,32.93,45.44
3890.0,35.17,29.44,40.91
3900.0,36.30,31.45,41.14
3910.0,34.70,28.56,40.83
3920.0,35.05,29.40,40.70
3930.0,37.45,30.62,44.28
3940.0,37.11,31.55,42.67
3950.0,35.34,30.09,40.60
3960.0,35.59,30.47,40.71
3970.0,35.63,29.71,41.55
3980.0,35.71,28.86,42.56
3990.0,32.23,27.99,36.46
4000.0,35.98,30.21,41.76
4010.0,35.36,29.63,41.10
4020.0,38.03,29.77,46.29
4030.0,35.77,29.01,42.54
4040.0,34.32,28.62,40.03
4050.0,37.92,32.61,43.24
4060.0,33.91,29.52,38.30
4070.0,37.05,29.91,44.20
4080.0,38.16,31.51,44.80
4090.0,35.33,30.10,40.56
4100.0,34.82,28.88,40.77
4110.0,38.18,31.26,45.09
4120.0,38.56,32.17,44.94
4130.0,38.01,32.19,43.83
4140.0,35.00,30.16,39.83
4150.0,34.34,28.44,40.24
4160.0,37.74,30.34,45.14
4170.0,36.62,30.39,42.84
4180.0,37.13,31.17,43.09
4190.0,36.08,29.86,42.30
4200.0,37.85,31.41,44.30
4210.0,39.94,31.92,47.96
4220.0,35.68,29.72,41.63
4230.0,34.44,29.37,39.51
4240.0,38.06,31.88,44.24
4250.0,37.21,31.48,42.93
4260.0,34.61,29.53,39.70
4270.0,37.50,30.85,44.15
4280.0,36.91,31.22,42.61
4290.0,39.00,31.44,46.56
4300.0,34.40,28.70,40.10
4310.0,35.94,29.56,42.31
4320.0,34.69,29.53,39.85
4330.0,35.92,29.69,42.16
4340.0,34.21,28.29,40.14
4350.0,35.66,29.74,41.58
4360.0,39.04,31.12,46.97
4370.0,33.98,29.11,38.86
4380.0,38.12,31.70,44.53
4390.0,35.82,30.18,41.46
4400.0,37.41,31.79,43.03
4410.0,34.33,28.83,39.82
4420.0,36.87,29.29,44.46
4430.0,34.82,28.23,41.41
4440.0,37.84,31.28,44.41
4450.0,39.95,32.89,47.01
4460.0,32.38,27.27,37.50
4470.0,33.86,29.04,38.67
4480.0,36.65,30.67,42.63
4490.0,37.30,30.61,43.99
4500.0,36.29,30.40,42.18
