trial,mean,ci_down,ci_up
0.0,76.21,74.07,78.35
10.0,75.17,72.77,77.56
20.0,75.18,73.01,77.36
30.0,72.88,70.41,75.35
40.0,73.24,70.97,75.51
50.0,71.45,69.43,73.48
60.0,70.52,68.02,73.02
70.0,69.97,67.85,72.09
80.0,68.95,66.85,71.06
90.0,69.53,67.13,71.92
100.0,69.11,67.46,70.77
110.0,69.13,67.38,70.88
120.0,69.97,67.73,72.21
130.0,66.70,64.42,68.98
140.0,67.60,65.40,69.79
150.0,66.84,64.78,68.91
160.0,66.44,64.37,68.50
170.0,66.58,64.51,68.65
180.0,65.66,63.42,67.90
190.0,66.34,64.26,68.42
200.0,65.13,62.99,67.27
210.0,65.39,63.53,67.25
220.0,65.73,63.50,67.95
230.0,65.71,63.29,68.13
240.0,63.67,61.89,65.44
250.0,65.41,63.64,67.18
260.0,63.41,61.47,65.35
270.0,63.73,61.52,65.94
280.0,63.38,61.43,65.33
290.0,63.57,61.44,65.69
300.0,63.76,61.42,66.11
310.0,62.97,60.68,65.26
320.0,62.20,60.14,64.27
330.0,64.17,61.70,66.63
340.0,62.18,60.24,64.12
350.0,62.56,60.57,64.55
360.0,62.33,60.56,64.10
370.0,62.36,60.51,64.22
380.0,62.25,60.31,64.19
390.0,61.66,59.76,63.56
400.0,61.17,59.17,63.18
410.0,62.69,60.84,64.53
420.0,62.06,60.30,63.82
430.0,61.59,59.66,63.53
440.0,60.67,58.35,62.99
450.0,60.93,59.23,62.63
460.0,61.50,59.70,63.31
470.0,62.08,59.93,64.22
480.0,60.70,58.71,62.69
490.0,61.19,59.32,63.05
500.0,61.32,59.27,63.38
510.0,60.46,58.42,62.51
520.0,62.39,59.94,64.83
530.0,59.70,57.97,61.43
540.0,59.07,56.97,61.16
550.0,61.09,59.12,63.07
560.0,61.43,59.28,63.57
570.0,59.03,56.79,61.27
580.0,59.80,57.67,61.93
590.0,60.00,58.09,61.90
600.0,60.59,58.53,62.64
610.0,58.89,57.03,60.75
620.0,59.17,57.41,60.92
630.0,59.73,57.78,61.67
640.0,60.35,58.48,62.22
650.0,58.16,56.14,60.17
660.0,58.97,56.98,60.97
670.0,59.81,57.99,61.62
680.0,59.30,57.53,61.07
690.0,59.47,57.34,61.59
700.0,60.04,58.10,61.99
710.0,59.35,57.50,61.20
720.0,59.89,57.76,62.03
730.0,58.72,56.86,60.58
740.0,59.16,57.28,61.04
750.0,59.03,57.35,60.72
760.0,58.78,56.62,60.94
770.0,58.84,56.99,60.69
780.0,59.05,56.94,61.15
790.0,57.31,55.20,59.42
800.0,58.84,56.86,60.81
810.0,59.24,57.36,61.11
820.0,58.72,56.89,60.55
830.0,59.36,57.72,61.00
840.0,58.79,57.14,60.44
850.0,58.40,56.53,60.26
860.0,59.31,57.37,61.26
870.0,58.34,56.43,60.26
880.0,58.29,56.73,59.84
890.0,58.39,56.89,59.89
900.0,58.68,57.06,60.30
910.0,60.46,58.51,62.41
920.0,58.28,56.30,60.25
930.0,60.13,58.05,62.21
940.0,59.18,57.31,61.05
950.0,58.69,57.13,60.24
960.0,58.22,56.53,59.90
970.0,58.37,56.36,60.38
980.0,58.27,56.57,59.97
990.0,57.62,56.23,59.00
1000.0,57.84,56.18,59.51
1010.0,59.40,57.44,61.36
1020.0,58.15,56.43,59.87
1030.0,57.67,55.89,59.45
1040.0,57.05,54.99,59.12
1050.0,57.71,55.69,59.72
1060.0,57.38,55.50,59.26
1070.0,57.28,55.61,58.95
1080.0,57.49,56.05,58.93
1090.0,58.13,56.16,60.11
1100.0,57.79,55.72,59.86
1110.0,58.75,56.80,60.71
1120.0,56.26,54.59,57.92
1130.0,58.79,57.03,60.55
1140.0,58.83,56.62,61.03
1150.0,57.28,55.20,59.36
1160.0,56.60,54.66,58.54
1170.0,58.75,56.66,60.83
1180.0,56.83,55.05,58.60
1190.0,57.14,55.33,58.94
1200.0,57.78,55.58,59.98
1210.0,56.41,54.71,58.10
1220.0,58.12,56.04,60.20
1230.0,56.69,55.02,58.37
1240.0,58.08,56.56,59.60
1250.0,56.07,54.33,57.80
1260.0,56.52,54.52,58.52
1270.0,56.70,54.79,58.61
1280.0,56.25,54.51,57.98
1290.0,56.92,54.84,59.00
1300.0,57.50,55.33,59.67
1310.0,57.72,55.88,59.56
1320.0,56.37,54.56,58.18
1330.0,57.58,55.60,59.55
1340.0,57.69,55.53,59.85
1350.0,56.85,54.81,58.89
1360.0,56.18,54.20,58.16
1370.0,57.34,55.45,59.24
1380.0,56.74,54.88,58.60
1390.0,56.49,54.83,58.14
1400.0,56.76,54.94,58.57
1410.0,58.34,56.79,59.90
1420.0,57.54,55.68,59.40
1430.0,57.14,55.32,58.96
1440.0,56.99,55.03,58.96
1450.0,55.80,53.76,57.84
1460.0,57.60,55.51,59.69
1470.0,56.04,54.21,57.87
1480.0,57.34,55.64,59.04
1490.0,57.75,55.87,59.62
1500.0,56.39,54.70,58.08
1510.0,56.23,54.35,58.11
1520.0,56.88,55.06,58.69
1530.0,56.06,54.01,58.10
1540.0,56.17,54.81,57.52
1550.0,56.97,54.90,59.04
1560.0,56.65,54.85,58.44
1570.0,56.76,55.09,58.44
1580.0,55.78,54.58,56.99
1590.0,57.03,54.74,59.33
1600.0,56.56,54.86,58.25
1610.0,56.31,54.33,58.29
1620.0,56.13,54.48,57.78
1630.0,56.19,54.36,58.01
1640.0,56.81,55.08,58.54
1650.0,55.60,53.61,57.60
1660.0,55.72,53.80,57.64
1670.0,56.50,54.95,58.04
1680.0,56.22,54.49,57.95
1690.0,56.19,54.10,58.29
1700.0,56.30,54.54,58.05
1710.0,55.62,53.88,57.35
1720.0,55.94,54.09,57.80
1730.0,55.69,53.94,57.43
1740.0,56.16,54.03,58.29
1750.0,57.48,55.77,59.19
1760.0,55.62,54.08,57.15
1770.0,55.65,54.02,57.27
1780.0,55.27,53.78,56.76
1790.0,56.82,54.92,58.72
1800.0,56.43,54.79,58.07
1810.0,55.50,53.56,57.45
1820.0,55.25,53.19,57.31
1830.0,55.87,54.07,57.68
1840.0,56.30,54.78,57.81
1850.0,56.57,54.44,58.71
1860.0,56.86,54.99,58.73
1870.0,55.84,54.13,57.56
1880.0,57.24,55.15,59.33
1890.0,55.25,53.30,57.20
1900.0,56.32,54.57,58.08
1910.0,56.68,54.72,58.64
1920.0,55.78,54.03,57.54
1930.0,55.88,53.97,57.79
1940.0,55.97,54.05,57.89
1950.0,55.87,54.00,57.75
1960.0,54.74,53.13,56.36
1970.0,55.73,53.93,57.53
1980.0,55.87,54.11,57.62
1990.0,55.66,53.90,57.42
2000.0,55.56,53.61,57.51
2010.0,55.06,53.21,56.91
2020.0,55.60,53.99,57.21
2030.0,56.24,54.20,58.28
2040.0,57.14,54.79,59.48
2050.0,57.35,55.86,58.84
2060.0,56.72,54.85,58.60
2070.0,56.74,54.48,59.00
2080.0,57.10,55.09,59.12
2090.0,57.20,55.17,59.22
2100.0,55.37,53.04,57.70
2110.0,56.67,54.87,58.47
2120.0,56.06,54.21,57.91
2130.0,56.25,54.57,57.92
2140.0,56.19,54.43,57.95
2150.0,56.72,54.72,58.72
2160.0,56.00,54.41,57.60
2170.0,55.31,53.32,57.30
2180.0,56.35,54.37,58.33
2190.0,55.47,53.76,57.19
2200.0,55.85,54.14,57.57
2210.0,56.06,54.26,57.85
2220.0,55.65,53.80,57.51
2230.0,56.47,54.47,58.48
2240.0,55.12,53.22,57.01
2250.0,55.12,53.25,56.99
2260.0,57.15,55.35,58.95
2270.0,55.92,54.01,57.83
2280.0,56.08,53.99,58.18
2290.0,56.52,54.89,58.14
2300.0,55.53,53.71,57.36
2310.0,55.40,54.06,56.74
2320.0,55.52,53.83,57.21
2330.0,55.62,53.67,57.57
2340.0,56.84,54.98,58.70
2350.0,56.07,54.29,57.85
2360.0,55.30,53.37,57.24
2370.0,55.34,53.63,57.05
2380.0,55.24,53.54,56.93
2390.0,56.00,54.31,57.69
2400.0,56.53,54.52,58.54
2410.0,55.36,53.71,57.01
2420.0,56.82,55.27,58.38
2430.0,56.01,54.41,57.61
2440.0,55.95,53.81,58.09
2450.0,55.87,54.18,57.56
2460.0,56.00,54.34,57.67
2470.0,55.43,53.65,57.20
2480.0,55.58,53.85,57.31
2490.0,55.52,53.83,57.20
2500.0,55.85,54.02,57.67
2510.0,56.00,54.14,57.86
2520.0,56.51,54.59,58.43
2530.0,56.43,54.52,58.35
2540.0,56.45,54.79,58.12
2550.0,56.21,54.42,57.99
2560.0,55.70,53.70,57.69
2570.0,55.63,53.91,57.35
2580.0,55.32,53.61,57.02
2590.0,55.61,53.29,57.94
2600.0,55.42,53.68,57.16
2610.0,55.88,53.95,57.82
2620.0,55.25,53.58,56.92
2630.0,55.29,53.62,56.95
2640.0,55.77,53.82,57.72
2650.0,54.86,53.21,56.50
2660.0,55.91,53.86,57.96
2670.0,55.85,53.65,58.06
2680.0,55.63,53.91,57.36
2690.0,54.80,52.83,56.77
2700.0,55.40,53.70,57.09
2710.0,55.45,53.48,57.42
2720.0,55.73,53.76,57.71
2730.0,54.63,53.05,56.21
2740.0,55.62,53.71,57.52
2750.0,55.97,54.28,57.65
2760.0,54.97,53.44,56.49
2770.0,56.64,54.71,58.57
2780.0,55.45,53.43,57.48
2790.0,55.91,53.98,57.84
2800.0,56.76,54.80,58.72
2810.0,55.48,53.69,57.28
2820.0,55.58,53.69,57.48
2830.0,55.74,53.81,57.67
2840.0,56.40,54.69,58.10
2850.0,55.99,54.17,57.82
2860.0,56.06,54.43,57.69
2870.0,56.19,54.33,58.06
2880.0,55.50,53.80,57.20
2890.0,55.34,53.71,56.97
2900.0,55.83,54.10,57.56
2910.0,55.60,53.78,57.43
2920.0,55.24,53.43,57.06
2930.0,55.71,53.62,57.79
2940.0,55.62,53.84,57.41
2950.0,54.63,53.03,56.24
2960.0,55.10,53.29,56.91
2970.0,55.32,53.51,57.13
2980.0,56.26,54.27,58.25
2990.0,54.66,52.99,56.32
3000.0,58.01,55.83,60.20
3010.0,55.50,53.53,57.47
3020.0,54.72,52.87,56.56
3030.0,55.31,53.45,57.17
3040.0,54.86,53.35,56.36
3050.0,55.36,53.67,57.05
3060.0,56.21,54.19,58.22
3070.0,56.06,54.11,58.02
3080.0,56.10,54.35,57.85
3090.0,55.19,53.65,56.73
3100.0,55.05,52.87,57.23
3110.0,55.21,53.31,57.11
3120.0,54.94,53.58,56.29
3130.0,56.20,54.58,57.82
3140.0,55.20,53.73,56.66
3150.0,55.83,53.77,57.89
3160.0,54.65,52.60,56.70
3170.0,55.19,53.42,56.95
3180.0,55.60,54.11,57.08
3190.0,55.20,53.73,56.67
3200.0,55.70,54.03,57.36
3210.0,56.18,54.15,58.20
3220.0,56.09,54.10,58.08
3230.0,55.20,53.51,56.90
3240.0,55.11,53.49,56.73
3250.0,55.14,53.03,57.25
3260.0,55.61,53.65,57.58
3270.0,56.04,54.03,58.05
3280.0,55.95,54.20,57.69
3290.0,55.38,53.67,57.09
3300.0,55.65,53.95,57.36
3310.0,56.24,54.50,57.98
3320.0,56.03,54.27,57.78
3330.0,56.24,54.26,58.22
3340.0,56.17,54.42,57.93
3350.0,55.70,53.77,57.62
3360.0,55.62,53.80,57.43
3370.0,54.93,52.95,56.91
3380.0,55.18,53.00,57.35
3390.0,55.02,53.51,56.53
3400.0,54.25,52.72,55.79
3410.0,55.07,52.96,57.19
3420.0,54.63,52.76,56.50
3430.0,55.01,53.04,56.99
3440.0,55.77,53.90,57.63
3450.0,55.16,53.60,56.71
3460.0,54.76,53.23,56.30
3470.0,55.68,53.72,57.65
3480.0,55.74,53.81,57.67
3490.0,55.68,54.29,57.08
3500.0,54.92,53.38,56.45
3510.0,54.76,53.07,56.44
3520.0,56.77,54.89,58.66
3530.0,55.64,53.72,57.57
3540.0,55.85,54.10,57.60
3550.0,54.84,52.92,56.77
3560.0,55.92,54.02,57.82
3570.0,55.81,53.86,57.76
3580.0,55.69,53.90,57.47
3590.0,55.26,53.11,57.41
3600.0,54.68,52.70,56.66
3610.0,55.96,54.16,57.77
3620.0,54.78,53.00,56.57
3630.0,54.75,53.34,56.16
3640.0,55.62,53.98,57.26
3650.0,55.22,53.44,57.00
3660.0,54.74,52.81,56.68
3670.0,54.98,53.19,56.76
3680.0,55.51,53.87,57.15
3690.0,55.73,53.92,57.54
3700.0,55.16,53.66,56.66
3710.0,55.84,53.81,57.87
3720.0,55.83,54.02,57.65
3730.0,55.37,53.54,57.20
3740.0,54.51,52.48,56.54
3750.0,55.67,54.05,57.29
3760.0,55.26,53.53,56.98
3770.0,55.81,53.96,57.66
3780.0,54.58,52.75,56.42
3790.0,54.77,53.03,56.50
3800.0,54.82,52.91,56.74
3810.0,55.66,53.80,57.52
3820.0,54.50,52.88,56.13
3830.0,55.13,53.27,56.99
3840.0,54.82,52.97,56.67
3850.0,56.99,55.18,58.79
3860.0,54.82,52.94,56.70
3870.0,53.99,52.49,55.50
3880.0,54.84,52.68,56.99
3890.0,55.11,52.81,57.40
3900.0,55.08,53.22,56.93
3910.0,54.58,52.84,56.33
3920.0,55.05,53.31,56.80
3930.0,54.68,53.04,56.33
3940.0,54.79,53.06,56.52
3950.0,55.20,53.55,56.86
3960.0,54.98,52.98,56.98
3970.0,54.88,53.10,56.66
3980.0,56.52,54.31,58.74
3990.0,54.02,52.27,55.78
4000.0,55.34,53.51,57.18
4010.0,55.34,53.56,57.11
4020.0,55.26,53.54,56.98
4030.0,55.07,53.27,56.86
4040.0,55.46,53.80,57.13
4050.0,55.54,53.61,57.48
4060.0,55.23,53.47,56.99
4070.0,55.36,53.57,57.15
4080.0,54.88,53.11,56.66
4090.0,55.16,53.75,56.57
4100.0,55.78,53.85,57.70
4110.0,55.20,52.99,57.40
4120.0,55.36,53.57,57.14
4130.0,54.68,52.80,56.56
4140.0,55.76,53.73,57.79
4150.0,56.28,54.54,58.02
4160.0,55.17,53.28,57.07
4170.0,55.14,53.28,57.00
4180.0,55.34,53.65,57.02
4190.0,54.81,53.05,56.57
4200.0,55.46,53.63,57.29
4210.0,54.77,53.07,56.46
4220.0,55.08,52.94,57.22
4230.0,56.03,54.06,58.01
4240.0,56.68,54.63,58.74
4250.0,54.28,52.62,55.95
4260.0,55.29,53.64,56.95
4270.0,54.26,52.53,56.00
4280.0,54.59,53.08,56.10
4290.0,54.00,51.89,56.12
4300.0,55.15,53.32,56.98
4310.0,54.14,52.51,55.76
4320.0,55.18,53.13,57.24
4330.0,54.72,52.85,56.58
4340.0,54.57,52.84,56.30
4350.0,55.03,53.03,57.03
4360.0,54.89,53.06,56.72
4370.0,55.03,53.56,56.50
4380.0,55.56,54.01,57.10
4390.0,55.35,53.70,57.00
4400.0,56.05,54.28,57.82
4410.0,54.83,53.11,56.55
4420.0,53.87,52.13,55.61
4430.0,55.93,54.19,57.66
4440.0,55.00,53.32,56.69
4450.0,56.01,54.10,57.93
4460.0,54.76,53.10,56.42
4470.0,55.18,53.49,56.87
4480.0,54.96,53.10,56.83
4490.0,53.18,51.48,54.88
4500.0,55.97,53.91,58.04
