episodes,mean,ci_down,ci_up
0.0,176.17,163.16,189.18
100.0,371.06,355.04,387.08
200.0,571.15,554.00,588.30
300.0,769.38,750.89,787.87
400.0,971.38,952.89,989.87
500.0,1173.38,1154.89,1191.87
600.0,1375.38,1356.89,1393.87
700.0,1571.92,1552.84,1591.00
800.0,1764.67,1743.40,1785.94
900.0,1951.95,1926.37,1977.53
1000.0,2133.93,2100.99,2166.87
1100.0,2303.21,2260.36,2346.06
1200.0,2456.09,2402.26,2509.92
1300.0,2594.47,2528.83,2660.11
1400.0,2721.93,2643.53,2800.33
1500.0,2834.85,2742.33,2927.37
1600.0,2929.57,2824.05,3035.09
1700.0,3013.41,2895.29,3131.53
1800.0,3084.53,2955.08,3213.98
1900.0,3146.53,3007.53,3285.53
2000.0,3204.91,3055.74,3354.08
2100.0,3254.19,3096.58,3411.80
2200.0,3298.05,3133.61,3462.49
2300.0,3334.63,3165.45,3503.81
2400.0,3365.75,3192.36,3539.14
2500.0,3393.25,3216.81,3569.69
2600.0,3418.93,3240.00,3597.86
2700.0,3444.61,3263.02,3626.20
2800.0,3468.47,3284.97,3651.97
2900.0,3492.29,3307.72,3676.86
3000.0,3512.49,3327.91,3697.07
3100.0,3532.69,3348.11,3717.27
3200.0,3552.89,3368.30,3737.48
3300.0,3573.09,3388.49,3757.69
3400.0,3593.29,3408.68,3777.90
3500.0,3613.49,3428.87,3798.11
3600.0,3633.69,3449.06,3818.32
3700.0,3653.89,3469.25,3838.53
3800.0,3674.09,3489.44,3858.74
3900.0,3694.29,3509.63,3878.95
4000.0,3714.49,3529.82,3899.16
