episodes,mean,ci_down,ci_up
0.0,-347.63,-446.88,-248.38
100.0,-406.18,-521.42,-290.93
200.0,-459.93,-588.41,-331.46
300.0,-495.69,-627.31,-364.06
400.0,-525.38,-658.28,-392.48
500.0,-554.27,-687.12,-421.43
600.0,-582.13,-714.45,-449.81
700.0,-585.52,-717.86,-453.17
800.0,-613.10,-748.57,-477.62
900.0,-625.02,-764.25,-485.80
1000.0,-613.57,-756.02,-471.13
1100.0,-588.40,-738.01,-438.79
1200.0,-554.89,-713.16,-396.61
1300.0,-494.00,-663.19,-324.82
1400.0,-413.46,-594.59,-232.33
1500.0,-316.06,-510.66,-121.45
1600.0,-195.77,-402.96,11.42
1700.0,-61.39,-281.66,158.87
1800.0,86.09,-146.81,319.00
1900.0,245.80,2.54,489.05
2000.0,410.97,156.00,665.94
2100.0,586.74,320.44,853.04
2200.0,762.75,488.03,1037.48
2300.0,951.23,668.30,1234.16
2400.0,1152.95,862.12,1443.78
2500.0,1358.88,1060.59,1657.18
2600.0,1566.41,1260.69,1872.14
2700.0,1774.65,1461.36,2087.93
2800.0,1985.59,1665.24,2305.95
2900.0,2198.07,1870.74,2525.40
3000.0,2414.61,2081.53,2747.68
3100.0,2632.97,2294.10,2971.83
3200.0,2851.32,2506.53,3196.12
3300.0,3070.10,2719.19,3421.01
3400.0,3289.57,2932.59,3646.56
3500.0,3509.05,3145.87,3872.23
3600.0,3730.35,3361.03,4099.67
3700.0,3951.65,3576.08,4327.21
3800.0,4173.65,3791.85,4555.44
3900.0,4396.35,4008.43,4784.28
4000.0,4619.76,4225.72,5013.80
