episodes,mean,ci_down,ci_up
0.0,135.11,117.50,152.72
5.0,141.50,124.45,158.55
10.0,180.11,168.40,191.82
15.0,192.95,185.16,200.74
20.0,194.56,187.37,201.75
25.0,194.45,187.15,201.75
30.0,190.98,182.37,199.59
35.0,196.40,190.12,202.68
40.0,198.29,193.16,203.42
45.0,196.48,190.28,202.68
50.0,196.53,190.39,202.67
55.0,198.28,193.14,203.42
60.0,192.62,184.55,200.69
65.0,198.32,193.24,203.40
70.0,202.00,202.00,202.00
75.0,202.00,202.00,202.00
80.0,200.15,196.52,203.78
85.0,202.00,202.00,202.00
90.0,202.00,202.00,202.00
95.0,202.00,202.00,202.00
100.0,202.00,202.00,202.00
105.0,202.00,202.00,202.00
110.0,200.16,196.55,203.77
115.0,200.16,196.55,203.77
120.0,202.00,202.00,202.00
125.0,202.00,202.00,202.00
130.0,202.00,202.00,202.00
135.0,202.00,202.00,202.00
140.0,202.00,202.00,202.00
145.0,202.00,202.00,202.00
150.0,202.00,202.00,202.00
155.0,202.00,202.00,202.00
160.0,202.00,202.00,202.00
165.0,200.19,196.64,203.74
170.0,202.00,202.00,202.00
175.0,202.00,202.00,202.00
180.0,202.00,202.00,202.00
185.0,202.00,202.00,202.00
190.0,202.00,202.00,202.00
195.0,202.00,202.00,202.00
200.0,202.00,202.00,202.00
205.0,200.13,196.46,203.80
210.0,202.00,202.00,202.00
215.0,202.00,202.00,202.00
220.0,202.00,202.00,202.00
225.0,202.00,202.00,202.00
230.0,202.00,202.00,202.00
235.0,202.00,202.00,202.00
240.0,202.00,202.00,202.00
245.0,202.00,202.00,202.00
250.0,202.00,202.00,202.00
255.0,202.00,202.00,202.00
260.0,200.45,197.41,203.49
265.0,202.00,202.00,202.00
270.0,202.00,202.00,202.00
275.0,202.00,202.00,202.00
280.0,202.00,202.00,202.00
285.0,202.00,202.00,202.00
290.0,202.00,202.00,202.00
295.0,202.00,202.00,202.00
300.0,200.11,196.40,203.82
305.0,202.00,202.00,202.00
310.0,202.00,202.00,202.00
315.0,200.18,196.61,203.75
320.0,200.10,196.37,203.83
325.0,202.00,202.00,202.00
330.0,202.00,202.00,202.00
335.0,200.14,196.49,203.79
340.0,198.66,194.03,203.29
345.0,202.00,202.00,202.00
350.0,202.00,202.00,202.00
355.0,200.18,196.61,203.75
360.0,202.00,202.00,202.00
365.0,202.00,202.00,202.00
370.0,202.00,202.00,202.00
375.0,202.00,202.00,202.00
380.0,202.00,202.00,202.00
385.0,202.00,202.00,202.00
390.0,202.00,202.00,202.00
395.0,202.00,202.00,202.00
400.0,202.00,202.00,202.00
405.0,202.00,202.00,202.00
410.0,202.00,202.00,202.00
415.0,202.00,202.00,202.00
420.0,202.00,202.00,202.00
425.0,202.00,202.00,202.00
430.0,200.02,196.13,203.91
435.0,200.02,196.13,203.91
440.0,200.02,196.13,203.91
445.0,200.02,196.13,203.91
450.0,202.00,202.00,202.00
455.0,198.35,193.31,203.39
460.0,200.22,196.73,203.71
465.0,200.22,196.73,203.71
470.0,202.00,202.00,202.00
475.0,202.00,202.00,202.00
480.0,202.00,202.00,202.00
485.0,202.00,202.00,202.00
490.0,202.00,202.00,202.00
495.0,202.00,202.00,202.00
500.0,202.00,202.00,202.00
505.0,202.00,202.00,202.00
510.0,202.00,202.00,202.00
515.0,202.00,202.00,202.00
520.0,202.00,202.00,202.00
525.0,202.00,202.00,202.00
530.0,202.00,202.00,202.00
535.0,202.00,202.00,202.00
540.0,200.20,196.67,203.73
545.0,200.18,196.61,203.75
550.0,202.00,202.00,202.00
555.0,202.00,202.00,202.00
560.0,202.00,202.00,202.00
565.0,200.18,196.61,203.75
570.0,198.36,193.33,203.39
575.0,200.18,196.61,203.75
580.0,200.18,196.61,203.75
585.0,200.18,196.61,203.75
590.0,200.18,196.61,203.75
595.0,202.00,202.00,202.00
600.0,200.18,196.61,203.75
605.0,200.18,196.61,203.75
610.0,198.36,193.33,203.39
615.0,196.58,190.50,202.66
620.0,196.56,190.46,202.66
625.0,196.56,190.46,202.66
630.0,198.38,193.38,203.38
635.0,196.54,190.42,202.66
640.0,194.57,187.38,201.76
645.0,196.54,190.42,202.66
650.0,198.36,193.33,203.39
655.0,196.54,190.42,202.66
660.0,200.18,196.61,203.75
665.0,198.36,193.33,203.39
670.0,200.18,196.61,203.75
675.0,200.18,196.61,203.75
680.0,200.18,196.61,203.75
685.0,200.18,196.61,203.75
690.0,200.18,196.61,203.75
695.0,202.00,202.00,202.00
700.0,202.00,202.00,202.00
705.0,198.21,192.97,203.45
710.0,200.18,196.61,203.75
715.0,198.22,193.00,203.44
720.0,198.36,193.33,203.39
725.0,198.36,193.33,203.39
730.0,196.42,190.16,202.68
735.0,194.60,187.45,201.75
740.0,198.36,193.33,203.39
745.0,200.18,196.61,203.75
750.0,198.36,193.33,203.39
755.0,196.54,190.42,202.66
760.0,196.54,190.42,202.66
765.0,196.54,190.42,202.66
770.0,196.54,190.42,202.66
775.0,194.72,187.68,201.76
780.0,194.58,187.40,201.76
785.0,194.72,187.68,201.76
790.0,194.72,187.68,201.76
795.0,192.92,185.11,200.73
800.0,192.90,185.07,200.73
805.0,191.10,182.59,199.61
810.0,189.30,180.17,198.43
815.0,191.08,182.55,199.61
820.0,187.48,177.77,197.19
825.0,191.12,182.62,199.62
830.0,192.90,185.07,200.73
835.0,191.08,182.55,199.61
840.0,192.90,185.07,200.73
845.0,194.72,187.68,201.76
850.0,190.94,182.30,199.58
855.0,189.26,180.10,198.42
860.0,192.90,185.07,200.73
865.0,192.92,185.11,200.73
870.0,192.75,184.79,200.71
875.0,190.94,182.30,199.58
880.0,187.44,177.70,197.18
885.0,187.24,177.36,197.12
890.0,187.24,177.36,197.12
895.0,183.64,172.77,194.51
900.0,178.20,166.05,190.35
905.0,180.18,168.52,191.84
910.0,169.28,155.50,183.06
915.0,174.72,161.91,187.53
920.0,172.90,159.75,186.05
925.0,180.18,168.52,191.84
930.0,183.82,173.06,194.58
935.0,185.62,175.34,195.90
940.0,180.04,168.30,191.78
945.0,183.80,173.03,194.57
950.0,182.00,170.78,193.22
955.0,178.36,166.30,190.42
960.0,178.34,166.26,190.42
965.0,176.54,164.09,188.99
970.0,171.10,157.63,184.57
975.0,165.64,151.29,179.99
980.0,169.28,155.50,183.06
985.0,171.08,157.60,184.56
990.0,169.26,155.47,183.05
995.0,171.06,157.57,184.55
1000.0,169.24,155.45,183.03
1005.0,165.62,151.27,179.97
1010.0,167.42,153.33,181.51
1015.0,163.80,149.18,178.42
1020.0,160.16,145.06,175.26
1025.0,160.02,144.86,175.18
1030.0,160.02,144.86,175.18
1035.0,158.20,142.82,173.58
1040.0,161.98,147.11,176.85
1045.0,160.16,145.06,175.26
1050.0,161.98,147.11,176.85
1055.0,158.36,143.04,173.68
1060.0,161.98,147.11,176.85
1065.0,151.06,134.94,167.18
1070.0,154.70,138.96,170.44
1075.0,151.06,134.94,167.18
1080.0,143.78,127.04,160.52
1085.0,149.24,132.95,165.53
1090.0,145.62,129.03,162.21
1095.0,138.23,121.08,155.38
1100.0,140.18,123.19,157.17
1105.0,140.16,123.16,157.16
1110.0,147.44,131.00,163.88
1115.0,149.24,132.95,165.53
1120.0,149.24,132.95,165.53
1125.0,151.06,134.94,167.18
1130.0,145.46,128.82,162.10
1135.0,149.24,132.95,165.53
1140.0,141.96,125.08,158.84
1145.0,140.14,123.14,157.14
1150.0,138.32,121.20,155.44
1155.0,140.14,123.14,157.14
1160.0,140.14,123.14,157.14
1165.0,138.32,121.20,155.44
1170.0,140.14,123.14,157.14
1175.0,138.30,121.17,155.43
1180.0,138.30,121.17,155.43
1185.0,138.30,121.17,155.43
1190.0,132.84,115.41,150.27
1195.0,123.78,106.01,141.55
1200.0,125.43,107.68,143.18
1205.0,121.92,104.10,139.74
1210.0,125.56,107.84,143.28
1215.0,121.92,104.10,139.74
1220.0,127.38,109.72,145.04
1225.0,129.22,111.63,146.81
1230.0,125.56,107.84,143.28
1235.0,123.76,105.99,141.53
1240.0,123.78,106.01,141.55
1245.0,118.36,100.48,136.24
1250.0,116.48,98.56,134.40
1255.0,116.48,98.56,134.40
1260.0,114.66,96.73,132.59
1265.0,114.66,96.73,132.59
1270.0,114.64,96.70,132.58
1275.0,116.48,98.56,134.40
1280.0,111.02,93.07,128.97
1285.0,107.42,89.49,125.35
1290.0,105.60,87.69,123.51
1295.0,103.80,85.92,121.68
1300.0,101.98,84.13,119.83
1305.0,105.58,87.67,123.49
1310.0,105.42,87.48,123.36
1315.0,107.40,89.47,125.33
1320.0,100.12,82.30,117.94
1325.0,101.94,84.08,119.80
1330.0,101.96,84.11,119.81
1335.0,96.54,78.84,114.24
1340.0,96.48,78.77,114.19
1345.0,94.66,77.01,112.31
1350.0,94.68,77.03,112.33
1355.0,92.84,75.26,110.42
1360.0,94.64,76.98,112.30
1365.0,94.64,76.98,112.30
1370.0,91.02,73.51,108.53
1375.0,87.40,70.07,104.73
1380.0,85.60,68.38,102.82
1385.0,85.60,68.38,102.82
1390.0,85.62,68.40,102.84
1395.0,89.26,71.85,106.67
1400.0,91.06,73.56,108.56
1405.0,92.88,75.30,110.46
1410.0,94.68,77.03,112.33
1415.0,94.68,77.03,112.33
1420.0,87.40,70.07,104.73
1425.0,85.60,68.38,102.82
1430.0,81.98,64.99,98.97
1435.0,78.34,61.60,95.08
1440.0,76.52,59.93,93.11
1445.0,80.18,63.31,97.05
1450.0,81.98,64.99,98.97
1455.0,82.00,65.01,98.99
1460.0,80.16,63.29,97.03
1465.0,81.96,64.96,98.96
1470.0,76.52,59.93,93.11
1475.0,81.96,64.96,98.96
1480.0,80.16,63.29,97.03
1485.0,76.52,59.93,93.11
1490.0,78.34,61.60,95.08
1495.0,76.52,59.93,93.11
1500.0,76.52,59.93,93.11
1505.0,78.34,61.60,95.08
1510.0,76.50,59.90,93.10
1515.0,80.14,63.27,97.01
1520.0,81.96,64.96,98.96
1525.0,80.16,63.29,97.03
1530.0,74.72,58.28,91.16
1535.0,78.36,61.63,95.09
1540.0,82.00,65.01,98.99
1545.0,74.72,58.28,91.16
1550.0,74.72,58.28,91.16
1555.0,72.90,56.62,89.18
1560.0,71.08,54.97,87.19
1565.0,74.72,58.28,91.16
1570.0,69.34,53.42,85.26
1575.0,65.66,50.13,81.19
1580.0,69.30,53.38,85.22
1585.0,71.12,55.02,87.22
1590.0,72.94,56.67,89.21
1595.0,72.94,56.67,89.21
1600.0,74.74,58.30,91.18
1605.0,72.92,56.64,89.20
1610.0,72.92,56.64,89.20
1615.0,71.10,55.00,87.20
1620.0,69.28,53.36,85.20
1625.0,71.10,55.00,87.20
1630.0,67.48,51.75,83.21
1635.0,65.64,50.11,81.17
1640.0,65.64,50.11,81.17
1645.0,63.82,48.50,79.14
1650.0,65.64,50.11,81.17
1655.0,65.64,50.11,81.17
1660.0,65.66,50.13,81.19
1665.0,65.66,50.13,81.19
1670.0,67.48,51.75,83.21
1675.0,67.48,51.75,83.21
1680.0,65.66,50.13,81.19
1685.0,60.20,45.34,75.06
1690.0,58.38,43.77,72.99
1695.0,56.60,42.26,70.94
1700.0,51.12,37.65,64.59
1705.0,54.70,40.63,68.77
1710.0,56.50,42.15,70.85
1715.0,56.50,42.15,70.85
1720.0,60.12,45.25,74.99
1725.0,60.14,45.28,75.00
1730.0,58.32,43.71,72.93
1735.0,60.14,45.28,75.00
1740.0,60.14,45.28,75.00
1745.0,60.14,45.28,75.00
1750.0,54.70,40.63,68.77
1755.0,52.88,39.10,66.66
1760.0,52.88,39.10,66.66
1765.0,47.45,34.64,60.26
1770.0,51.12,37.65,64.59
1775.0,49.30,36.15,62.45
1780.0,47.46,34.65,60.27
1785.0,49.26,36.11,62.41
1790.0,51.06,37.58,64.54
1795.0,51.06,37.58,64.54
1800.0,47.44,34.63,60.25
1805.0,45.62,33.17,58.07
1810.0,45.62,33.17,58.07
1815.0,49.24,36.09,62.39
1820.0,49.24,36.09,62.39
1825.0,49.28,36.13,62.43
1830.0,45.64,33.19,58.09
1835.0,49.28,36.13,62.43
1840.0,49.28,36.13,62.43
1845.0,45.66,33.22,58.10
1850.0,47.44,34.63,60.25
1855.0,45.62,33.17,58.07
1860.0,49.26,36.11,62.41
1865.0,45.62,33.17,58.07
1870.0,45.62,33.17,58.07
1875.0,47.42,34.61,60.23
1880.0,45.62,33.17,58.07
1885.0,45.62,33.17,58.07
1890.0,45.62,33.17,58.07
1895.0,43.80,31.74,55.86
1900.0,43.80,31.74,55.86
1905.0,40.18,28.96,51.40
1910.0,38.36,27.60,49.12
1915.0,38.36,27.60,49.12
1920.0,38.34,27.58,49.10
1925.0,38.34,27.58,49.10
1930.0,38.34,27.58,49.10
1935.0,38.34,27.58,49.10
1940.0,40.16,28.93,51.39
1945.0,41.98,30.32,53.64
1950.0,38.36,27.60,49.12
1955.0,40.16,28.93,51.39
1960.0,40.16,28.93,51.39
1965.0,40.16,28.93,51.39
1970.0,36.52,26.25,46.79
1975.0,38.32,27.56,49.08
1980.0,38.32,27.56,49.08
1985.0,38.32,27.56,49.08
1990.0,40.14,28.91,51.37
1995.0,40.14,28.91,51.37
2000.0,38.34,27.58,49.10
2005.0,38.34,27.58,49.10
2010.0,38.34,27.58,49.10
2015.0,38.34,27.58,49.10
2020.0,38.34,27.58,49.10
2025.0,38.34,27.58,49.10
2030.0,38.34,27.58,49.10
2035.0,34.72,24.99,44.45
2040.0,36.54,26.27,46.81
2045.0,38.36,27.60,49.12
2050.0,36.52,26.25,46.79
2055.0,38.28,27.51,49.05
2060.0,38.28,27.51,49.05
2065.0,36.48,26.21,46.75
2070.0,36.48,26.21,46.75
2075.0,36.48,26.21,46.75
2080.0,34.68,24.95,44.41
2085.0,36.48,26.21,46.75
2090.0,36.48,26.21,46.75
2095.0,38.30,27.53,49.07
2100.0,40.08,28.85,51.31
2105.0,41.92,30.26,53.58
2110.0,38.30,27.53,49.07
2115.0,38.30,27.53,49.07
2120.0,38.30,27.53,49.07
2125.0,38.30,27.53,49.07
2130.0,34.66,24.92,44.40
2135.0,36.48,26.21,46.75
2140.0,38.30,27.53,49.07
2145.0,38.30,27.53,49.07
2150.0,38.30,27.53,49.07
2155.0,40.12,28.89,51.35
2160.0,40.12,28.89,51.35
2165.0,40.10,28.87,51.33
2170.0,40.10,28.87,51.33
2175.0,40.10,28.87,51.33
2180.0,40.10,28.87,51.33
2185.0,36.46,26.19,46.73
2190.0,36.46,26.19,46.73
2195.0,36.46,26.19,46.73
2200.0,36.46,26.19,46.73
2205.0,34.64,24.90,44.38
2210.0,34.64,24.90,44.38
2215.0,34.64,24.90,44.38
2220.0,36.46,26.19,46.73
2225.0,38.28,27.51,49.05
2230.0,36.46,26.19,46.73
2235.0,34.66,24.92,44.40
2240.0,34.66,24.92,44.40
2245.0,32.84,23.68,42.00
2250.0,36.48,26.21,46.75
2255.0,34.66,24.92,44.40
2260.0,34.66,24.92,44.40
2265.0,36.48,26.21,46.75
2270.0,36.48,26.21,46.75
2275.0,32.84,23.68,42.00
2280.0,32.84,23.68,42.00
2285.0,32.84,23.68,42.00
2290.0,31.02,22.50,39.54
2295.0,31.02,22.50,39.54
2300.0,32.84,23.68,42.00
2305.0,31.02,22.50,39.54
2310.0,31.02,22.50,39.54
2315.0,32.84,23.68,42.00
2320.0,32.84,23.68,42.00
2325.0,32.84,23.68,42.00
2330.0,34.66,24.92,44.40
2335.0,34.66,24.92,44.40
2340.0,34.66,24.92,44.40
2345.0,36.48,26.21,46.75
2350.0,34.66,24.92,44.40
2355.0,34.66,24.92,44.40
2360.0,32.84,23.68,42.00
2365.0,32.84,23.68,42.00
2370.0,31.02,22.50,39.54
2375.0,31.02,22.50,39.54
2380.0,31.02,22.50,39.54
2385.0,31.02,22.50,39.54
2390.0,31.02,22.50,39.54
2395.0,32.84,23.68,42.00
2400.0,32.84,23.68,42.00
2405.0,32.84,23.68,42.00
2410.0,36.48,26.21,46.75
2415.0,32.84,23.68,42.00
2420.0,31.02,22.50,39.54
2425.0,31.02,22.50,39.54
2430.0,31.02,22.50,39.54
2435.0,31.02,22.50,39.54
2440.0,31.02,22.50,39.54
2445.0,31.02,22.50,39.54
2450.0,31.02,22.50,39.54
2455.0,31.02,22.50,39.54
2460.0,29.20,21.38,37.02
2465.0,29.20,21.38,37.02
2470.0,29.20,21.38,37.02
2475.0,31.02,22.50,39.54
2480.0,31.02,22.50,39.54
2485.0,31.02,22.50,39.54
2490.0,31.02,22.50,39.54
2495.0,31.02,22.50,39.54
2500.0,31.02,22.50,39.54
2505.0,32.84,23.68,42.00
2510.0,32.84,23.68,42.00
2515.0,34.66,24.92,44.40
2520.0,32.84,23.68,42.00
2525.0,32.84,23.68,42.00
2530.0,32.84,23.68,42.00
2535.0,31.02,22.50,39.54
2540.0,31.02,22.50,39.54
2545.0,29.20,21.38,37.02
2550.0,31.02,22.50,39.54
2555.0,31.02,22.50,39.54
2560.0,32.84,23.68,42.00
2565.0,32.84,23.68,42.00
2570.0,31.02,22.50,39.54
2575.0,31.02,22.50,39.54
2580.0,29.20,21.38,37.02
2585.0,29.20,21.38,37.02
2590.0,29.20,21.38,37.02
2595.0,29.20,21.38,37.02
2600.0,29.20,21.38,37.02
2605.0,29.20,21.38,37.02
2610.0,29.20,21.38,37.02
2615.0,31.02,22.50,39.54
2620.0,31.02,22.50,39.54
2625.0,29.20,21.38,37.02
2630.0,31.02,22.50,39.54
2635.0,31.02,22.50,39.54
2640.0,29.20,21.38,37.02
2645.0,29.20,21.38,37.02
2650.0,29.20,21.38,37.02
2655.0,29.20,21.38,37.02
2660.0,29.20,21.38,37.02
2665.0,29.20,21.38,37.02
2670.0,29.20,21.38,37.02
2675.0,29.20,21.38,37.02
2680.0,29.20,21.38,37.02
2685.0,29.20,21.38,37.02
2690.0,27.38,20.35,34.41
2695.0,27.38,20.35,34.41
2700.0,27.38,20.35,34.41
2705.0,27.38,20.35,34.41
2710.0,27.38,20.35,34.41
2715.0,27.38,20.35,34.41
2720.0,27.38,20.35,34.41
2725.0,29.20,21.38,37.02
2730.0,29.20,21.38,37.02
2735.0,29.20,21.38,37.02
2740.0,29.20,21.38,37.02
2745.0,27.38,20.35,34.41
2750.0,27.38,20.35,34.41
2755.0,27.38,20.35,34.41
2760.0,27.38,20.35,34.41
2765.0,27.38,20.35,34.41
2770.0,27.38,20.35,34.41
2775.0,27.38,20.35,34.41
2780.0,27.38,20.35,34.41
2785.0,27.38,20.35,34.41
2790.0,27.38,20.35,34.41
2795.0,27.38,20.35,34.41
2800.0,27.42,20.39,34.45
2805.0,27.40,20.37,34.43
2810.0,29.20,21.38,37.02
2815.0,29.20,21.38,37.02
2820.0,29.20,21.38,37.02
2825.0,31.00,22.48,39.52
2830.0,31.00,22.48,39.52
2835.0,31.00,22.48,39.52
2840.0,31.00,22.48,39.52
2845.0,27.38,20.35,34.41
2850.0,27.38,20.35,34.41
2855.0,27.38,20.35,34.41
2860.0,27.38,20.35,34.41
2865.0,27.38,20.35,34.41
2870.0,27.38,20.35,34.41
2875.0,27.38,20.35,34.41
2880.0,27.38,20.35,34.41
2885.0,27.38,20.35,34.41
2890.0,29.20,21.38,37.02
2895.0,29.22,21.40,37.04
2900.0,29.20,21.38,37.02
2905.0,27.38,20.35,34.41
2910.0,27.38,20.35,34.41
2915.0,27.38,20.35,34.41
2920.0,27.38,20.35,34.41
2925.0,27.38,20.35,34.41
2930.0,27.38,20.35,34.41
2935.0,27.38,20.35,34.41
2940.0,27.38,20.35,34.41
2945.0,27.38,20.35,34.41
2950.0,25.58,19.46,31.70
2955.0,23.76,18.74,28.78
2960.0,27.38,20.35,34.41
2965.0,27.38,20.35,34.41
2970.0,27.38,20.35,34.41
2975.0,27.38,20.35,34.41
2980.0,25.56,19.44,31.68
2985.0,25.56,19.44,31.68
2990.0,25.56,19.44,31.68
2995.0,25.56,19.44,31.68
3000.0,25.56,19.44,31.68
3005.0,27.38,20.35,34.41
3010.0,27.38,20.35,34.41
3015.0,27.38,20.35,34.41
3020.0,27.38,20.35,34.41
3025.0,25.56,19.44,31.68
3030.0,25.56,19.44,31.68
3035.0,25.56,19.44,31.68
3040.0,25.56,19.44,31.68
3045.0,25.56,19.44,31.68
3050.0,25.56,19.44,31.68
3055.0,25.56,19.44,31.68
3060.0,25.56,19.44,31.68
3065.0,25.56,19.44,31.68
3070.0,25.56,19.44,31.68
3075.0,25.56,19.44,31.68
3080.0,25.58,19.46,31.70
3085.0,25.58,19.46,31.70
3090.0,27.40,20.37,34.43
3095.0,27.40,20.37,34.43
3100.0,27.40,20.37,34.43
3105.0,27.38,20.35,34.41
3110.0,27.38,20.35,34.41
3115.0,27.38,20.35,34.41
3120.0,27.38,20.35,34.41
3125.0,25.56,19.44,31.68
3130.0,25.56,19.44,31.68
3135.0,25.56,19.44,31.68
3140.0,25.56,19.44,31.68
3145.0,25.56,19.44,31.68
3150.0,25.56,19.44,31.68
3155.0,25.56,19.44,31.68
3160.0,25.56,19.44,31.68
3165.0,25.56,19.44,31.68
3170.0,25.56,19.44,31.68
3175.0,25.56,19.44,31.68
3180.0,25.56,19.44,31.68
3185.0,25.56,19.44,31.68
3190.0,23.74,18.72,28.76
3195.0,23.74,18.72,28.76
3200.0,23.74,18.72,28.76
3205.0,23.74,18.72,28.76
3210.0,23.74,18.72,28.76
3215.0,23.74,18.72,28.76
3220.0,23.74,18.72,28.76
3225.0,21.92,18.35,25.49
3230.0,23.74,18.72,28.76
3235.0,23.74,18.72,28.76
3240.0,23.74,18.72,28.76
3245.0,23.74,18.72,28.76
3250.0,21.92,18.35,25.49
3255.0,21.92,18.35,25.49
3260.0,21.92,18.35,25.49
3265.0,21.92,18.35,25.49
3270.0,21.92,18.35,25.49
3275.0,21.92,18.35,25.49
3280.0,23.74,18.72,28.76
3285.0,21.92,18.35,25.49
3290.0,21.92,18.35,25.49
3295.0,21.92,18.35,25.49
3300.0,21.92,18.35,25.49
3305.0,21.92,18.35,25.49
3310.0,21.92,18.35,25.49
3315.0,21.92,18.35,25.49
3320.0,21.92,18.35,25.49
3325.0,21.92,18.35,25.49
3330.0,21.92,18.35,25.49
3335.0,21.92,18.35,25.49
3340.0,21.92,18.35,25.49
3345.0,21.92,18.35,25.49
3350.0,25.54,19.42,31.66
3355.0,27.36,20.33,34.39
3360.0,27.36,20.33,34.39
3365.0,27.36,20.33,34.39
3370.0,25.56,19.44,31.68
3375.0,25.56,19.44,31.68
3380.0,23.74,18.72,28.76
3385.0,23.74,18.72,28.76
3390.0,23.74,18.72,28.76
3395.0,23.74,18.72,28.76
3400.0,21.92,18.35,25.49
3405.0,21.92,18.35,25.49
3410.0,21.92,18.35,25.49
3415.0,21.92,18.35,25.49
3420.0,21.92,18.35,25.49
3425.0,21.92,18.35,25.49
3430.0,21.92,18.35,25.49
3435.0,21.92,18.35,25.49
3440.0,21.92,18.35,25.49
3445.0,23.74,18.72,28.76
3450.0,21.92,18.35,25.49
3455.0,21.92,18.35,25.49
3460.0,21.92,18.35,25.49
3465.0,21.92,18.35,25.49
3470.0,21.92,18.35,25.49
3475.0,21.92,18.35,25.49
3480.0,21.92,18.35,25.49
3485.0,21.92,18.35,25.49
3490.0,21.92,18.35,25.49
3495.0,21.92,18.35,25.49
3500.0,21.92,18.35,25.49
3505.0,21.92,18.35,25.49
3510.0,21.92,18.35,25.49
3515.0,21.92,18.35,25.49
3520.0,21.92,18.35,25.49
3525.0,21.92,18.35,25.49
3530.0,21.92,18.35,25.49
3535.0,21.92,18.35,25.49
3540.0,21.92,18.35,25.49
3545.0,21.92,18.35,25.49
3550.0,21.92,18.35,25.49
3555.0,21.92,18.35,25.49
3560.0,21.92,18.35,25.49
3565.0,21.92,18.35,25.49
3570.0,21.92,18.35,25.49
3575.0,21.92,18.35,25.49
3580.0,21.92,18.35,25.49
3585.0,21.92,18.35,25.49
3590.0,21.92,18.35,25.49
3595.0,21.92,18.35,25.49
3600.0,21.92,18.35,25.49
3605.0,21.92,18.35,25.49
3610.0,21.92,18.35,25.49
3615.0,21.92,18.35,25.49
3620.0,21.92,18.35,25.49
3625.0,21.92,18.35,25.49
3630.0,21.92,18.35,25.49
3635.0,21.92,18.35,25.49
3640.0,21.92,18.35,25.49
3645.0,21.92,18.35,25.49
3650.0,21.92,18.35,25.49
3655.0,21.92,18.35,25.49
3660.0,21.92,18.35,25.49
3665.0,21.92,18.35,25.49
3670.0,21.92,18.35,25.49
3675.0,21.92,18.35,25.49
3680.0,23.74,18.72,28.76
3685.0,23.74,18.72,28.76
3690.0,21.92,18.35,25.49
3695.0,21.92,18.35,25.49
3700.0,21.92,18.35,25.49
3705.0,21.92,18.35,25.49
3710.0,20.12,20.03,20.21
3715.0,20.12,20.03,20.21
3720.0,20.12,20.03,20.21
3725.0,20.12,20.03,20.21
3730.0,20.12,20.03,20.21
3735.0,21.92,18.35,25.49
3740.0,21.92,18.35,25.49
3745.0,21.92,18.35,25.49
3750.0,21.92,18.35,25.49
3755.0,21.92,18.35,25.49
3760.0,21.92,18.35,25.49
3765.0,21.92,18.35,25.49
3770.0,21.92,18.35,25.49
3775.0,21.92,18.35,25.49
3780.0,21.92,18.35,25.49
3785.0,21.92,18.35,25.49
3790.0,21.92,18.35,25.49
3795.0,21.92,18.35,25.49
3800.0,21.92,18.35,25.49
3805.0,21.92,18.35,25.49
3810.0,21.92,18.35,25.49
3815.0,20.12,20.03,20.21
3820.0,20.12,20.03,20.21
3825.0,20.12,20.03,20.21
3830.0,20.12,20.03,20.21
3835.0,20.12,20.03,20.21
3840.0,21.92,18.35,25.49
3845.0,21.92,18.35,25.49
3850.0,21.92,18.35,25.49
3855.0,21.92,18.35,25.49
3860.0,21.92,18.35,25.49
3865.0,23.74,18.72,28.76
3870.0,20.12,20.03,20.21
3875.0,20.12,20.03,20.21
3880.0,20.12,20.03,20.21
3885.0,20.12,20.03,20.21
3890.0,20.12,20.03,20.21
3895.0,20.12,20.03,20.21
3900.0,20.12,20.03,20.21
3905.0,20.12,20.03,20.21
3910.0,20.12,20.03,20.21
3915.0,20.12,20.03,20.21
3920.0,20.12,20.03,20.21
3925.0,20.12,20.03,20.21
3930.0,20.12,20.03,20.21
3935.0,20.12,20.03,20.21
3940.0,20.12,20.03,20.21
3945.0,20.12,20.03,20.21
3950.0,20.12,20.03,20.21
3955.0,20.12,20.03,20.21
3960.0,20.12,20.03,20.21
3965.0,20.12,20.03,20.21
3970.0,20.12,20.03,20.21
3975.0,20.12,20.03,20.21
3980.0,20.12,20.03,20.21
3985.0,20.12,20.03,20.21
3990.0,20.12,20.03,20.21
3995.0,20.12,20.03,20.21
4000.0,20.12,20.03,20.21
