episodes,mean,ci_down,ci_up
0.0,-347.63,-446.88,-248.38
100.0,-58.55,-93.75,-23.34
200.0,-53.76,-89.64,-17.87
300.0,-35.76,-67.91,-3.60
400.0,-29.69,-62.52,3.14
500.0,-28.89,-51.56,-6.23
600.0,-27.86,-45.94,-9.78
700.0,-3.39,-11.20,4.42
800.0,-27.58,-69.59,14.43
900.0,-11.93,-50.89,27.04
1000.0,11.45,-8.37,31.26
1100.0,25.17,4.18,46.17
1200.0,33.51,4.86,62.17
1300.0,60.88,37.21,84.56
1400.0,80.54,57.60,103.49
1500.0,97.40,74.10,120.70
1600.0,120.29,97.13,143.45
1700.0,134.38,111.46,157.29
1800.0,147.49,125.83,169.15
1900.0,159.71,139.07,180.34
2000.0,165.17,144.94,185.40
2100.0,175.77,157.15,194.39
2200.0,176.01,154.58,197.44
2300.0,188.48,166.72,210.23
2400.0,201.72,187.69,215.76
2500.0,205.93,193.31,218.56
2600.0,207.53,195.64,219.42
2700.0,208.23,196.40,220.06
2800.0,210.95,199.94,221.96
2900.0,212.48,201.56,223.40
3000.0,216.54,207.58,225.50
3100.0,218.36,209.30,227.42
3200.0,218.36,209.30,227.42
3300.0,218.77,209.67,227.88
3400.0,219.48,210.48,228.47
3500.0,219.48,210.48,228.47
3600.0,221.30,212.50,230.10
3700.0,221.30,212.50,230.10
3800.0,222.00,213.32,230.68
3900.0,222.70,214.01,231.40
4000.0,223.41,214.84,231.97
