trial,mean,ci_down,ci_up
0.0,61.26,49.23,73.28
10.0,60.37,49.09,71.65
20.0,63.35,51.20,75.50
30.0,59.07,46.08,72.06
40.0,57.62,44.29,70.95
50.0,59.36,46.29,72.43
60.0,58.46,44.77,72.16
70.0,58.05,50.45,65.65
80.0,57.93,49.72,66.14
90.0,62.42,47.53,77.31
100.0,56.69,47.52,65.87
110.0,59.30,46.87,71.72
120.0,57.84,44.98,70.71
130.0,60.47,46.73,74.22
140.0,58.34,48.71,67.97
150.0,55.71,48.24,63.18
160.0,54.46,44.96,63.97
170.0,59.46,49.99,68.93
180.0,53.44,44.01,62.87
190.0,57.84,47.30,68.37
200.0,57.91,48.40,67.43
210.0,60.68,46.88,74.49
220.0,55.50,46.49,64.51
230.0,59.25,48.82,69.68
240.0,58.29,47.99,68.59
250.0,59.78,45.63,73.94
260.0,61.21,48.49,73.92
270.0,56.72,50.56,62.89
280.0,57.00,43.36,70.63
290.0,57.69,47.43,67.95
300.0,55.38,45.13,65.64
310.0,59.97,48.95,70.98
320.0,55.77,46.00,65.53
330.0,54.83,45.81,63.86
340.0,57.44,47.46,67.42
350.0,57.25,46.56,67.94
360.0,59.41,49.06,69.77
370.0,58.30,46.21,70.39
380.0,52.23,38.74,65.73
390.0,55.83,44.65,67.01
400.0,56.08,43.51,68.66
410.0,52.83,45.73,59.92
420.0,58.08,47.31,68.84
430.0,56.33,48.63,64.04
440.0,56.07,46.37,65.77
450.0,56.28,46.01,66.55
460.0,56.31,49.32,63.31
470.0,53.69,43.02,64.36
480.0,56.43,44.26,68.60
490.0,54.96,44.67,65.25
500.0,58.37,48.20,68.53
510.0,55.70,47.49,63.91
520.0,53.90,45.50,62.31
530.0,53.53,46.07,60.98
540.0,52.64,43.29,61.99
550.0,55.56,45.22,65.89
560.0,56.19,45.18,67.20
570.0,56.77,45.72,67.82
580.0,57.10,48.18,66.02
590.0,55.37,44.14,66.59
600.0,53.03,43.74,62.32
610.0,53.16,41.87,64.46
620.0,54.62,43.87,65.38
630.0,52.88,45.72,60.05
640.0,54.00,45.04,62.96
650.0,54.49,46.26,62.72
660.0,54.51,46.69,62.34
670.0,55.40,44.95,65.86
680.0,56.61,44.47,68.74
690.0,56.59,48.21,64.98
700.0,55.44,45.46,65.42
710.0,52.90,41.75,64.05
720.0,56.75,44.38,69.12
730.0,54.00,42.94,65.06
740.0,53.04,40.29,65.79
750.0,57.58,46.50,68.65
760.0,55.15,43.93,66.36
770.0,54.16,44.71,63.62
780.0,53.19,44.20,62.17
790.0,54.76,45.10,64.43
800.0,51.80,43.85,59.76
810.0,54.78,46.18,63.37
820.0,52.66,42.90,62.41
830.0,55.30,42.36,68.24
840.0,55.60,46.72,64.48
850.0,52.93,42.83,63.03
860.0,54.31,45.27,63.34
870.0,52.94,43.44,62.44
880.0,54.87,42.11,67.63
890.0,54.55,47.23,61.87
900.0,51.28,42.69,59.87
910.0,52.79,45.60,59.97
920.0,53.06,44.14,61.97
930.0,54.85,41.80,67.91
940.0,54.83,44.51,65.15
950.0,54.88,44.86,64.91
960.0,55.10,43.74,66.46
970.0,54.74,45.59,63.88
980.0,54.81,42.86,66.76
990.0,56.24,46.55,65.93
1000.0,51.70,41.62,61.78
1010.0,54.04,43.37,64.71
1020.0,52.06,45.74,58.38
1030.0,55.54,42.61,68.47
1040.0,52.84,44.40,61.28
1050.0,54.88,42.35,67.40
1060.0,52.81,43.88,61.74
1070.0,51.68,43.57,59.79
1080.0,53.19,48.05,58.33
1090.0,55.53,45.17,65.89
1100.0,50.63,44.23,57.03
1110.0,52.29,43.87,60.72
1120.0,53.57,42.51,64.64
1130.0,53.27,42.40,64.14
1140.0,50.40,43.18,57.62
1150.0,57.47,45.95,68.99
1160.0,51.74,41.97,61.51
1170.0,50.72,43.05,58.39
1180.0,54.35,44.41,64.30
1190.0,52.55,41.89,63.20
1200.0,50.99,42.42,59.57
1210.0,54.04,43.23,64.84
1220.0,55.94,46.77,65.11
1230.0,50.89,41.38,60.40
1240.0,52.39,41.76,63.02
1250.0,50.82,40.26,61.38
1260.0,52.53,45.06,60.01
1270.0,51.66,44.14,59.19
1280.0,55.31,42.02,68.59
1290.0,52.55,44.13,60.98
1300.0,52.60,41.78,63.41
1310.0,52.43,43.56,61.29
1320.0,50.60,37.28,63.92
1330.0,51.34,42.09,60.60
1340.0,54.44,45.00,63.87
1350.0,51.36,43.99,58.74
1360.0,50.58,42.45,58.71
1370.0,52.92,44.76,61.08
1380.0,49.78,42.40,57.16
1390.0,52.08,42.98,61.19
1400.0,49.74,41.69,57.80
1410.0,52.00,44.02,59.98
1420.0,51.24,42.23,60.24
1430.0,51.35,43.75,58.96
1440.0,53.56,43.36,63.76
1450.0,50.94,42.86,59.02
1460.0,52.66,41.90,63.43
1470.0,49.45,40.75,58.15
1480.0,52.87,45.29,60.45
1490.0,51.91,42.93,60.88
1500.0,51.64,41.85,61.44
1510.0,51.16,42.15,60.16
1520.0,53.60,44.33,62.87
1530.0,50.63,41.67,59.59
1540.0,50.47,44.11,56.83
1550.0,51.97,41.38,62.56
1560.0,51.84,44.43,59.25
1570.0,48.74,39.95,57.53
1580.0,49.63,41.40,57.87
1590.0,51.48,44.25,58.71
1600.0,49.74,40.84,58.64
1610.0,52.55,42.15,62.95
1620.0,48.83,40.24,57.42
1630.0,49.95,42.02,57.88
1640.0,52.02,43.04,61.01
1650.0,51.29,43.54,59.05
1660.0,52.27,43.55,61.00
1670.0,50.38,40.16,60.60
1680.0,51.08,38.73,63.42
1690.0,50.31,44.16,56.46
1700.0,53.47,44.64,62.30
1710.0,49.47,42.02,56.92
1720.0,51.42,42.27,60.57
1730.0,52.84,46.24,59.44
1740.0,46.79,40.02,53.56
1750.0,50.28,41.19,59.36
1760.0,51.56,43.72,59.40
1770.0,54.14,41.57,66.71
1780.0,49.05,40.14,57.97
1790.0,52.64,41.76,63.52
1800.0,52.99,42.86,63.12
1810.0,49.17,42.04,56.29
1820.0,49.11,40.43,57.80
1830.0,51.35,39.13,63.58
1840.0,51.62,41.73,61.51
1850.0,49.10,40.62,57.58
1860.0,50.10,40.15,60.05
1870.0,50.68,42.26,59.10
1880.0,51.94,42.82,61.06
1890.0,49.91,42.51,57.31
1900.0,51.13,43.22,59.03
1910.0,53.65,46.49,60.81
1920.0,51.85,44.31,59.40
1930.0,51.33,40.94,61.72
1940.0,52.77,44.31,61.22
1950.0,50.62,42.78,58.45
1960.0,48.89,41.70,56.07
1970.0,51.24,44.33,58.15
1980.0,49.62,39.63,59.61
1990.0,52.21,43.78,60.63
2000.0,48.92,41.21,56.63
2010.0,51.19,43.70,58.68
2020.0,50.59,40.23,60.95
2030.0,51.96,43.28,60.64
2040.0,48.63,37.26,60.00
2050.0,50.22,41.27,59.16
2060.0,49.74,39.39,60.09
2070.0,51.07,39.39,62.75
2080.0,49.99,41.47,58.50
2090.0,46.57,39.02,54.13
2100.0,52.31,41.46,63.16
2110.0,48.84,41.70,55.98
2120.0,47.62,40.60,54.64
2130.0,49.20,41.86,56.54
2140.0,48.36,41.31,55.42
2150.0,50.69,41.47,59.91
2160.0,49.54,39.71,59.38
2170.0,50.40,43.57,57.24
2180.0,48.32,39.74,56.91
2190.0,48.46,44.98,51.95
2200.0,50.41,43.49,57.33
2210.0,49.07,43.00,55.14
2220.0,46.66,40.88,52.44
2230.0,47.31,40.03,54.58
2240.0,48.33,39.06,57.59
2250.0,47.55,40.94,54.16
2260.0,47.15,37.10,57.19
2270.0,46.27,40.49,52.04
2280.0,49.81,43.36,56.25
2290.0,47.45,39.96,54.93
2300.0,48.48,41.83,55.13
2310.0,49.51,42.22,56.80
2320.0,50.44,42.47,58.41
2330.0,48.11,43.60,52.62
2340.0,46.61,39.25,53.97
2350.0,49.59,40.71,58.46
2360.0,49.74,41.60,57.87
2370.0,47.95,40.21,55.70
2380.0,48.84,40.46,57.21
2390.0,47.73,39.04,56.42
2400.0,48.66,38.67,58.66
2410.0,48.37,39.88,56.86
2420.0,49.88,41.16,58.60
2430.0,48.25,40.76,55.75
2440.0,46.81,42.62,51.00
2450.0,48.50,41.33,55.68
2460.0,48.15,42.56,53.73
2470.0,48.99,39.18,58.79
2480.0,47.41,40.37,54.44
2490.0,48.17,38.79,57.54
2500.0,45.81,39.08,52.54
2510.0,47.38,37.09,57.68
2520.0,47.98,42.97,53.00
2530.0,48.18,39.30,57.05
2540.0,48.46,40.70,56.22
2550.0,46.39,39.79,53.00
2560.0,49.08,40.67,57.49
2570.0,48.18,38.02,58.34
2580.0,48.03,39.03,57.02
2590.0,47.24,37.24,57.25
2600.0,50.48,42.49,58.47
2610.0,44.48,39.74,49.22
2620.0,47.39,37.54,57.24
2630.0,47.43,40.63,54.24
2640.0,48.22,39.22,57.21
2650.0,47.37,39.56,55.18
2660.0,49.09,39.98,58.20
2670.0,46.99,40.53,53.45
2680.0,46.52,39.26,53.78
2690.0,46.89,38.13,55.65
2700.0,46.89,41.31,52.48
2710.0,49.03,44.13,53.93
2720.0,50.38,40.17,60.58
2730.0,47.07,42.95,51.19
2740.0,46.54,39.03,54.05
2750.0,50.05,41.59,58.50
2760.0,47.70,40.84,54.56
2770.0,47.07,38.14,56.00
2780.0,46.22,39.45,52.99
2790.0,44.23,38.97,49.49
2800.0,46.40,38.75,54.06
2810.0,47.41,40.13,54.68
2820.0,47.87,38.85,56.90
2830.0,47.66,40.13,55.19
2840.0,44.94,38.26,51.62
2850.0,48.01,40.68,55.35
2860.0,47.64,42.27,53.01
2870.0,45.41,40.40,50.42
2880.0,46.78,37.83,55.74
2890.0,48.41,41.87,54.96
2900.0,46.38,39.34,53.42
2910.0,45.95,40.36,51.53
2920.0,47.65,41.33,53.98
2930.0,48.86,38.89,58.82
2940.0,43.78,37.32,50.25
2950.0,48.11,37.82,58.40
2960.0,42.45,37.79,47.11
2970.0,48.22,39.12,57.32
2980.0,48.15,39.66,56.63
2990.0,49.63,38.99,60.26
3000.0,47.35,40.03,54.66
3010.0,47.29,40.74,53.84
3020.0,46.06,40.10,52.03
3030.0,46.04,37.63,54.45
3040.0,48.29,37.67,58.91
3050.0,45.14,38.70,51.58
3060.0,43.79,39.58,48.01
3070.0,44.03,39.59,48.48
3080.0,47.10,39.68,54.52
3090.0,45.37,39.20,51.54
3100.0,46.60,38.97,54.23
3110.0,46.76,40.48,53.05
3120.0,45.91,36.72,55.10
3130.0,48.53,38.39,58.67
3140.0,47.39,38.67,56.10
3150.0,44.10,37.10,51.11
3160.0,45.81,38.80,52.82
3170.0,47.43,38.46,56.39
3180.0,44.56,38.87,50.24
3190.0,46.52,42.17,50.88
3200.0,46.62,40.19,53.04
3210.0,45.84,39.19,52.48
3220.0,44.11,38.79,49.43
3230.0,45.75,38.80,52.70
3240.0,46.27,38.44,54.10
3250.0,44.78,36.92,52.63
3260.0,45.96,40.28,51.64
3270.0,44.56,38.32,50.80
3280.0,46.63,39.25,54.01
3290.0,47.21,38.13,56.28
3300.0,44.99,38.26,51.71
3310.0,47.91,39.10,56.71
3320.0,44.81,38.54,51.09
3330.0,44.46,37.76,51.15
3340.0,45.05,39.37,50.73
3350.0,42.93,36.97,48.88
3360.0,46.38,40.18,52.58
3370.0,45.56,39.95,51.17
3380.0,45.92,39.95,51.89
3390.0,47.02,40.32,53.73
3400.0,45.79,37.04,54.55
3410.0,46.20,38.81,53.60
3420.0,45.24,40.16,50.32
3430.0,44.49,37.18,51.81
3440.0,45.92,37.62,54.21
3450.0,46.64,39.99,53.29
3460.0,46.23,38.58,53.89
3470.0,45.77,41.21,50.33
3480.0,46.38,38.47,54.28
3490.0,44.52,35.99,53.06
3500.0,45.57,37.86,53.29
3510.0,46.72,39.38,54.07
3520.0,46.47,39.86,53.07
3530.0,47.15,40.18,54.11
3540.0,43.84,39.33,48.34
3550.0,44.51,39.36,49.65
3560.0,46.80,39.34,54.27
3570.0,46.64,39.40,53.89
3580.0,44.04,37.71,50.37
3590.0,45.31,38.47,52.15
3600.0,45.52,37.08,53.96
3610.0,42.85,37.02,48.67
3620.0,44.03,36.10,51.96
3630.0,44.21,37.21,51.21
3640.0,46.23,37.14,55.33
3650.0,42.50,34.83,50.18
3660.0,43.53,39.03,48.04
3670.0,42.92,36.07,49.77
3680.0,43.35,39.27,47.43
3690.0,43.12,37.82,48.41
3700.0,43.58,37.05,50.11
3710.0,46.36,36.47,56.26
3720.0,44.21,39.29,49.13
3730.0,44.45,36.99,51.90
3740.0,45.42,37.08,53.76
3750.0,46.42,38.31,54.52
3760.0,47.09,40.18,54.00
3770.0,46.41,38.29,54.54
3780.0,44.80,40.46,49.14
3790.0,42.46,35.41,49.50
3800.0,46.35,37.88,54.81
3810.0,44.32,38.79,49.85
3820.0,45.16,37.93,52.40
3830.0,46.34,40.57,52.11
3840.0,44.38,37.77,50.99
3850.0,44.33,37.80,50.86
3860.0,44.26,38.47,50.04
3870.0,44.65,37.47,51.83
3880.0,42.21,35.43,48.98
3890.0,45.75,38.46,53.05
3900.0,44.33,37.28,51.38
3910.0,43.05,36.57,49.52
3920.0,42.80,37.41,48.18
3930.0,45.62,38.63,52.62
3940.0,45.90,40.51,51.28
3950.0,47.54,38.56,56.51
3960.0,43.44,36.51,50.36
3970.0,42.83,37.31,48.35
3980.0,45.60,38.05,53.15
3990.0,45.33,39.27,51.39
4000.0,42.64,36.35,48.93
4010.0,45.35,39.81,50.90
4020.0,43.11,37.01,49.21
4030.0,44.27,35.31,53.22
4040.0,47.40,39.80,55.00
4050.0,45.60,36.79,54.42
4060.0,43.87,37.43,50.32
4070.0,43.27,37.79,48.76
4080.0,45.27,38.82,51.72
4090.0,41.81,35.74,47.87
4100.0,42.89,36.79,48.98
4110.0,41.61,37.66,45.57
4120.0,45.99,40.27,51.71
4130.0,47.58,40.67,54.48
4140.0,46.25,38.78,53.73
4150.0,44.80,40.58,49.01
4160.0,43.09,39.26,46.92
4170.0,45.44,38.04,52.84
4180.0,43.08,36.00,50.17
4190.0,43.28,37.37,49.19
4200.0,43.36,38.32,48.41
4210.0,43.62,37.85,49.40
4220.0,44.25,38.24,50.27
4230.0,44.04,36.44,51.65
4240.0,43.86,35.75,51.97
4250.0,43.88,38.31,49.45
4260.0,40.90,36.02,45.78
4270.0,45.19,38.78,51.60
4280.0,43.23,37.63,48.83
4290.0,44.03,38.64,49.41
4300.0,44.59,35.40,53.79
4310.0,44.30,34.10,54.50
4320.0,42.17,37.26,47.09
4330.0,43.72,37.69,49.74
4340.0,43.73,38.79,48.67
4350.0,42.15,36.92,47.38
4360.0,43.29,37.21,49.37
4370.0,44.18,38.54,49.82
4380.0,42.74,36.96,48.52
4390.0,42.79,37.27,48.31
4400.0,44.40,37.58,51.21
4410.0,44.16,36.67,51.65
4420.0,42.93,36.31,49.56
4430.0,41.01,36.62,45.41
4440.0,40.88,35.53,46.22
4450.0,41.30,36.50,46.10
4460.0,42.80,37.17,48.43
4470.0,43.88,38.04,49.71
4480.0,45.52,39.62,51.41
4490.0,41.10,34.43,47.77
4500.0,41.96,34.32,49.60
