trial,mean,ci_down,ci_up
0.0,45.44,28.70,62.17
10.0,63.00,43.49,82.51
20.0,68.59,37.78,99.39
30.0,75.04,51.99,98.09
40.0,64.98,45.30,84.66
50.0,58.76,37.43,80.08
60.0,68.67,45.98,91.37
70.0,64.35,40.69,88.01
80.0,63.35,32.52,94.17
90.0,66.06,37.14,94.97
100.0,69.66,39.13,100.18
110.0,45.70,26.27,65.12
120.0,72.66,48.57,96.75
130.0,55.95,32.89,79.01
140.0,63.11,39.22,87.00
150.0,57.20,36.72,77.68
160.0,66.43,49.69,83.16
170.0,62.03,36.08,87.98
180.0,63.25,41.80,84.70
190.0,57.94,37.43,78.45
200.0,66.59,38.70,94.48
210.0,54.59,32.73,76.44
220.0,61.98,47.00,76.96
230.0,71.27,50.81,91.72
240.0,51.29,28.94,73.65
250.0,66.68,43.52,89.84
260.0,60.25,40.64,79.86
270.0,56.86,37.08,76.65
280.0,67.21,41.99,92.42
290.0,61.17,38.37,83.97
300.0,48.78,32.40,65.17
310.0,61.53,43.11,79.95
320.0,74.45,45.12,103.77
330.0,59.24,38.03,80.44
340.0,70.86,42.77,98.95
350.0,59.15,33.89,84.40
360.0,65.16,42.38,87.94
370.0,61.52,34.67,88.37
380.0,60.22,46.45,73.99
390.0,61.81,29.72,93.90
400.0,56.23,33.51,78.96
410.0,55.03,29.12,80.94
420.0,62.03,42.15,81.91
430.0,62.21,37.41,87.01
440.0,62.75,43.28,82.22
450.0,67.52,38.46,96.58
460.0,56.82,38.82,74.83
470.0,48.00,30.31,65.69
480.0,70.05,50.58,89.52
490.0,69.59,45.09,94.10
500.0,69.00,55.60,82.39
510.0,77.01,49.58,104.45
520.0,52.39,42.31,62.48
530.0,63.00,43.28,82.71
540.0,61.07,43.44,78.70
550.0,80.11,56.11,104.12
560.0,64.54,45.69,83.40
570.0,68.02,47.41,88.64
580.0,64.29,40.40,88.17
590.0,55.92,37.55,74.29
600.0,65.64,41.36,89.92
610.0,66.98,47.06,86.90
620.0,64.47,40.74,88.19
630.0,64.16,43.70,84.62
640.0,53.82,37.32,70.31
650.0,65.36,41.40,89.33
660.0,55.95,28.29,83.62
670.0,71.12,44.07,98.17
680.0,69.82,42.55,97.09
690.0,74.03,48.88,99.19
700.0,61.27,41.54,80.99
710.0,53.49,34.40,72.58
720.0,56.22,32.82,79.63
730.0,58.67,40.99,76.34
740.0,78.02,55.12,100.92
750.0,66.99,48.67,85.32
760.0,45.76,26.95,64.57
770.0,65.60,49.37,81.84
780.0,59.23,35.98,82.48
790.0,54.37,31.52,77.21
800.0,63.92,39.96,87.87
810.0,57.51,40.13,74.89
820.0,73.80,48.12,99.47
830.0,60.21,36.71,83.71
840.0,49.64,34.38,64.90
850.0,66.00,46.52,85.49
860.0,60.05,41.29,78.82
870.0,66.92,36.55,97.28
880.0,53.43,41.60,65.25
890.0,69.61,46.17,93.04
900.0,55.15,28.23,82.06
910.0,60.17,36.66,83.69
920.0,64.71,44.94,84.48
930.0,75.24,52.10,98.38
940.0,62.39,43.46,81.33
950.0,63.85,46.33,81.36
960.0,57.36,42.86,71.87
970.0,61.63,39.28,83.99
980.0,63.18,41.36,85.00
990.0,66.08,39.55,92.62
1000.0,64.13,35.11,93.14
1010.0,76.19,49.17,103.21
1020.0,54.96,32.19,77.74
1030.0,51.19,24.90,77.47
1040.0,63.61,39.65,87.57
1050.0,58.87,41.05,76.69
1060.0,68.55,50.32,86.77
1070.0,60.80,36.11,85.49
1080.0,58.50,32.51,84.49
1090.0,58.43,39.81,77.05
1100.0,66.32,40.40,92.24
1110.0,68.15,45.19,91.10
1120.0,64.13,48.52,79.73
1130.0,59.87,38.27,81.46
1140.0,54.56,37.10,72.03
1150.0,62.55,42.35,82.76
1160.0,64.60,40.24,88.96
1170.0,62.96,47.19,78.73
1180.0,74.07,53.99,94.14
1190.0,63.34,48.02,78.67
1200.0,65.71,35.96,95.45
1210.0,66.48,43.90,89.06
1220.0,77.43,54.73,100.13
1230.0,62.93,39.42,86.44
1240.0,68.57,44.69,92.46
1250.0,63.91,34.65,93.16
1260.0,71.32,50.46,92.19
1270.0,54.04,31.24,76.85
1280.0,59.97,34.35,85.58
1290.0,57.05,33.77,80.33
1300.0,61.20,42.81,79.58
1310.0,52.15,36.07,68.23
1320.0,73.84,46.71,100.97
1330.0,57.72,38.75,76.70
1340.0,61.32,40.13,82.52
1350.0,67.03,49.39,84.67
1360.0,53.21,32.54,73.89
1370.0,60.70,43.72,77.67
1380.0,71.62,50.82,92.41
1390.0,69.75,42.56,96.95
1400.0,61.16,36.30,86.02
1410.0,73.10,49.28,96.93
1420.0,51.83,27.25,76.40
1430.0,72.57,38.41,106.72
1440.0,74.94,54.27,95.60
1450.0,58.00,40.28,75.72
1460.0,55.85,37.68,74.02
1470.0,56.77,37.80,75.75
1480.0,53.63,36.04,71.23
1490.0,70.76,44.33,97.18
1500.0,65.62,46.22,85.02
1510.0,60.39,35.50,85.27
1520.0,65.00,33.78,96.21
1530.0,56.85,34.83,78.88
1540.0,61.69,36.43,86.95
1550.0,59.94,36.95,82.93
1560.0,66.45,46.38,86.51
1570.0,55.69,36.45,74.93
1580.0,62.08,38.73,85.43
1590.0,69.68,51.09,88.27
1600.0,63.39,43.47,83.32
1610.0,62.21,38.61,85.81
1620.0,74.03,51.47,96.60
1630.0,65.86,40.15,91.57
1640.0,71.98,52.37,91.59
1650.0,65.01,41.67,88.36
1660.0,57.44,37.07,77.82
1670.0,68.83,47.70,89.97
1680.0,53.16,31.80,74.52
1690.0,65.77,47.41,84.12
1700.0,61.00,37.82,84.18
1710.0,60.48,42.19,78.77
1720.0,61.17,36.06,86.28
1730.0,57.41,31.44,83.38
1740.0,65.21,43.95,86.47
1750.0,66.66,46.14,87.18
1760.0,59.93,40.82,79.04
1770.0,69.81,51.44,88.18
1780.0,68.66,42.67,94.66
1790.0,64.58,37.25,91.91
1800.0,64.39,35.15,93.64
1810.0,70.62,47.90,93.34
1820.0,57.84,35.97,79.71
1830.0,51.93,29.91,73.95
1840.0,56.80,35.51,78.10
1850.0,58.83,43.11,74.54
1860.0,65.03,45.83,84.23
1870.0,56.64,40.18,73.10
1880.0,64.44,35.45,93.42
1890.0,68.85,43.77,93.94
1900.0,83.78,53.49,114.07
1910.0,80.50,56.02,104.98
1920.0,56.84,37.47,76.21
1930.0,70.65,56.77,84.54
1940.0,68.23,45.82,90.64
1950.0,67.16,40.60,93.71
1960.0,56.21,32.40,80.02
1970.0,62.74,35.40,90.07
1980.0,66.38,47.86,84.91
1990.0,65.45,37.52,93.38
2000.0,61.83,42.65,81.01
2010.0,65.55,35.13,95.96
2020.0,73.88,51.89,95.87
2030.0,59.53,34.44,84.63
2040.0,68.47,40.43,96.50
2050.0,65.55,38.52,92.57
2060.0,56.85,37.90,75.80
2070.0,68.86,42.45,95.26
2080.0,60.61,35.81,85.42
2090.0,64.52,39.82,89.22
2100.0,54.48,35.35,73.60
2110.0,50.66,28.84,72.48
2120.0,62.27,34.43,90.10
2130.0,46.54,28.67,64.41
2140.0,56.27,35.37,77.17
2150.0,55.83,44.61,67.04
2160.0,61.98,40.68,83.27
2170.0,51.23,36.97,65.48
2180.0,55.38,33.12,77.63
2190.0,55.36,36.06,74.66
2200.0,68.50,49.68,87.32
2210.0,64.69,39.27,90.11
2220.0,68.87,46.20,91.54
2230.0,60.67,42.19,79.16
2240.0,60.56,37.05,84.07
2250.0,64.65,43.82,85.48
2260.0,61.09,39.65,82.53
2270.0,51.97,33.37,70.56
2280.0,57.36,41.37,73.36
2290.0,62.41,35.95,88.86
2300.0,58.74,40.57,76.90
2310.0,58.86,30.75,86.98
2320.0,60.48,33.77,87.19
2330.0,61.76,36.16,87.37
2340.0,72.24,54.39,90.09
2350.0,71.20,36.97,105.43
2360.0,58.21,34.19,82.23
2370.0,68.04,44.75,91.33
2380.0,52.56,33.16,71.96
2390.0,70.11,56.51,83.70
2400.0,64.47,34.69,94.24
2410.0,48.45,33.66,63.24
2420.0,57.04,37.28,76.81
2430.0,66.89,48.11,85.67
2440.0,69.20,41.78,96.62
2450.0,60.55,40.73,80.36
2460.0,61.48,47.66,75.30
2470.0,74.16,45.72,102.60
2480.0,65.31,44.17,86.45
2490.0,60.30,44.57,76.03
2500.0,60.73,38.65,82.81
2510.0,63.39,42.37,84.42
2520.0,56.87,42.45,71.29
2530.0,53.56,29.46,77.65
2540.0,73.72,42.67,104.77
2550.0,68.24,39.83,96.64
2560.0,65.61,41.61,89.62
2570.0,57.93,39.93,75.92
2580.0,52.74,33.95,71.54
2590.0,64.97,46.66,83.29
2600.0,65.47,42.72,88.22
2610.0,64.55,44.18,84.92
2620.0,74.79,45.95,103.62
2630.0,53.03,28.68,77.37
2640.0,68.47,43.93,93.01
2650.0,70.78,43.36,98.20
2660.0,63.81,48.53,79.09
2670.0,55.79,34.31,77.26
2680.0,70.55,49.08,92.02
2690.0,53.03,39.75,66.31
2700.0,60.52,41.83,79.21
2710.0,58.26,39.88,76.63
2720.0,70.62,44.34,96.90
2730.0,65.70,45.75,85.66
2740.0,51.83,28.91,74.76
2750.0,48.80,26.12,71.49
2760.0,77.17,61.26,93.07
2770.0,56.27,37.58,74.96
2780.0,72.55,52.74,92.36
2790.0,68.92,44.18,93.66
2800.0,70.61,47.48,93.75
2810.0,58.87,36.35,81.40
2820.0,58.22,36.36,80.08
2830.0,64.76,44.22,85.30
2840.0,72.14,55.35,88.92
2850.0,61.13,48.75,73.52
2860.0,58.21,40.55,75.86
2870.0,69.59,48.14,91.05
2880.0,64.04,43.61,84.48
2890.0,68.68,43.42,93.94
2900.0,58.01,41.42,74.60
2910.0,54.07,38.73,69.40
2920.0,61.33,39.70,82.97
2930.0,61.90,43.57,80.23
2940.0,67.69,43.74,91.65
2950.0,59.24,33.42,85.06
2960.0,63.94,47.40,80.47
2970.0,62.78,38.06,87.51
2980.0,68.42,42.43,94.41
2990.0,64.73,44.63,84.83
3000.0,57.48,36.57,78.39
3010.0,60.17,38.49,81.85
3020.0,51.88,32.79,70.96
3030.0,62.51,36.19,88.83
3040.0,60.64,39.42,81.87
3050.0,64.05,43.94,84.16
3060.0,63.90,48.43,79.37
3070.0,68.68,55.65,81.71
3080.0,56.69,36.98,76.40
3090.0,74.91,50.78,99.04
3100.0,48.35,32.70,63.99
3110.0,48.90,31.61,66.19
3120.0,63.82,45.03,82.61
3130.0,66.99,39.11,94.87
3140.0,66.54,49.28,83.80
3150.0,64.52,48.34,80.70
3160.0,63.04,45.86,80.21
3170.0,69.09,48.58,89.61
3180.0,69.84,45.03,94.65
3190.0,76.77,52.47,101.08
3200.0,73.85,52.12,95.57
3210.0,53.37,36.42,70.32
3220.0,57.45,40.82,74.07
3230.0,74.49,48.95,100.02
3240.0,62.04,39.65,84.42
3250.0,63.14,46.20,80.08
3260.0,69.67,43.12,96.23
3270.0,60.71,38.77,82.65
3280.0,59.70,41.97,77.43
3290.0,57.76,43.61,71.91
3300.0,62.18,36.64,87.72
3310.0,48.78,27.43,70.14
3320.0,61.80,38.51,85.08
3330.0,61.10,35.90,86.30
3340.0,60.13,38.54,81.71
3350.0,64.07,39.95,88.20
3360.0,54.60,37.51,71.70
3370.0,57.77,38.70,76.84
3380.0,58.18,44.55,71.81
3390.0,54.98,34.14,75.82
3400.0,71.42,38.96,103.89
3410.0,63.27,36.77,89.78
3420.0,68.57,51.10,86.04
3430.0,70.48,48.29,92.66
3440.0,63.60,48.07,79.12
3450.0,60.07,42.61,77.53
3460.0,60.12,41.66,78.57
3470.0,58.88,37.94,79.81
3480.0,70.28,57.29,83.26
3490.0,55.77,41.26,70.27
3500.0,70.38,46.64,94.12
3510.0,64.52,36.46,92.59
3520.0,67.14,46.24,88.04
3530.0,62.15,33.01,91.28
3540.0,56.90,37.51,76.30
3550.0,54.96,39.01,70.91
3560.0,87.80,65.52,110.09
3570.0,67.23,37.37,97.08
3580.0,63.72,46.02,81.43
3590.0,63.06,40.17,85.95
3600.0,61.66,45.79,77.54
3610.0,58.77,42.21,75.33
3620.0,57.93,36.01,79.84
3630.0,66.39,45.29,87.50
3640.0,60.43,43.01,77.86
3650.0,73.87,56.29,91.45
3660.0,66.48,49.98,82.99
3670.0,75.29,50.32,100.27
3680.0,67.03,40.83,93.23
3690.0,65.73,39.21,92.24
3700.0,67.48,40.65,94.32
3710.0,74.62,48.75,100.49
3720.0,75.11,54.08,96.13
3730.0,65.04,45.71,84.37
3740.0,69.45,46.24,92.67
3750.0,62.39,38.07,86.72
3760.0,61.27,38.22,84.33
3770.0,65.08,52.81,77.34
3780.0,71.86,46.95,96.78
3790.0,65.01,45.44,84.58
3800.0,58.27,38.61,77.93
3810.0,65.03,47.23,82.84
3820.0,62.32,40.90,83.74
3830.0,62.67,42.39,82.95
3840.0,69.57,51.32,87.82
3850.0,61.29,35.28,87.30
3860.0,64.73,40.82,88.65
3870.0,65.06,41.64,88.49
3880.0,59.54,38.56,80.52
3890.0,67.29,48.66,85.92
3900.0,70.60,49.96,91.24
3910.0,59.60,43.32,75.88
3920.0,63.60,42.37,84.84
3930.0,61.73,42.23,81.22
3940.0,54.85,41.45,68.25
3950.0,64.07,45.05,83.09
3960.0,53.86,37.27,70.45
3970.0,59.24,40.75,77.72
3980.0,55.17,36.61,73.74
3990.0,55.84,33.33,78.35
4000.0,55.33,31.31,79.36
4010.0,66.88,40.03,93.74
4020.0,65.01,51.20,78.83
4030.0,64.36,39.42,89.30
4040.0,59.79,40.35,79.24
4050.0,59.97,34.64,85.31
4060.0,78.55,51.09,106.02
4070.0,62.07,35.87,88.27
4080.0,64.58,45.53,83.64
4090.0,69.03,50.65,87.42
4100.0,59.81,35.62,83.99
4110.0,61.69,40.10,83.29
4120.0,57.39,33.18,81.60
4130.0,57.95,36.55,79.35
4140.0,64.65,45.03,84.28
4150.0,68.70,49.13,88.27
4160.0,69.53,44.37,94.70
4170.0,71.48,47.87,95.09
4180.0,58.10,35.41,80.80
4190.0,61.94,48.88,75.00
4200.0,47.61,37.70,57.53
4210.0,67.47,41.81,93.13
4220.0,58.42,38.55,78.30
4230.0,74.75,43.57,105.94
4240.0,71.50,47.02,95.99
4250.0,68.36,46.13,90.58
4260.0,64.50,44.48,84.53
4270.0,64.07,46.41,81.74
4280.0,56.76,38.03,75.50
4290.0,62.15,37.69,86.62
4300.0,54.91,32.71,77.12
4310.0,60.86,36.92,84.79
4320.0,59.02,38.47,79.58
4330.0,66.94,42.77,91.10
4340.0,55.53,38.46,72.60
4350.0,74.86,54.59,95.13
4360.0,58.34,42.56,74.11
4370.0,59.61,33.40,85.81
4380.0,61.01,43.87,78.14
4390.0,72.01,52.52,91.50
4400.0,67.90,46.48,89.33
4410.0,63.02,38.56,87.48
4420.0,55.44,32.69,78.18
4430.0,67.68,38.37,97.00
4440.0,56.46,38.22,74.70
4450.0,56.20,34.28,78.13
4460.0,56.13,35.05,77.20
4470.0,60.96,37.90,84.03
4480.0,58.21,37.79,78.62
4490.0,49.61,29.48,69.74
4500.0,66.35,44.35,88.34
