trial,mean,ci_down,ci_up
0.0,58.17,-2140.21,2256.56
10.0,65.31,-958.29,1088.91
20.0,51.85,-399.48,503.18
30.0,62.17,-330.91,455.26
40.0,66.85,-768.96,902.66
50.0,72.23,-1680.55,1825.02
60.0,44.77,-330.80,420.34
70.0,77.72,-835.43,990.88
80.0,55.31,-1804.74,1915.36
90.0,42.75,-121.16,206.67
100.0,61.80,-1204.66,1328.25
110.0,54.43,-1232.07,1340.93
120.0,43.07,-298.13,384.27
130.0,50.12,-934.01,1034.25
140.0,45.84,-381.93,473.61
150.0,92.78,-1436.57,1622.14
160.0,54.77,-783.27,892.82
170.0,93.38,-764.40,951.15
180.0,45.86,-1173.80,1265.52
190.0,59.23,36.95,81.51
200.0,58.73,-777.72,895.18
210.0,84.29,-232.72,401.30
220.0,47.33,-803.45,898.10
230.0,93.31,-571.59,758.20
240.0,68.81,-2648.70,2786.32
250.0,48.81,-586.48,684.10
260.0,41.73,-203.99,287.45
270.0,78.69,-108.15,265.52
280.0,51.93,-897.83,1001.69
290.0,46.02,-1278.04,1370.08
300.0,57.33,-1163.93,1278.58
310.0,57.64,-1708.51,1823.80
320.0,45.02,-194.33,284.37
330.0,63.37,-1947.23,2073.96
340.0,52.14,-473.03,577.31
350.0,62.11,-1109.50,1233.71
360.0,49.52,-723.91,822.95
370.0,50.07,-140.90,241.04
380.0,45.49,-1784.32,1875.31
390.0,33.48,-514.93,581.88
400.0,71.24,-1247.09,1389.57
410.0,76.12,-390.81,543.04
420.0,71.86,-2044.09,2187.81
430.0,37.75,-336.87,412.36
440.0,60.60,-1357.35,1478.56
450.0,55.50,-431.80,542.79
460.0,52.53,-1170.95,1276.01
470.0,43.42,-1149.18,1236.03
480.0,44.20,-1025.87,1114.27
490.0,55.52,-1526.04,1637.07
500.0,52.02,-1893.02,1997.05
510.0,37.67,-24.39,99.74
520.0,43.01,4.18,81.84
530.0,50.39,-105.57,206.35
540.0,58.42,-857.91,974.76
550.0,61.80,-987.59,1111.18
560.0,31.17,-497.18,559.52
570.0,90.35,59.79,120.91
580.0,89.22,-1457.95,1636.40
590.0,45.30,-83.29,173.89
600.0,67.23,-2435.44,2569.89
610.0,42.84,-4.59,90.26
620.0,83.15,-150.16,316.45
630.0,65.66,-1410.23,1541.54
640.0,59.44,-1196.19,1315.06
650.0,65.25,-15.59,146.09
660.0,111.91,-239.79,463.62
670.0,36.31,-502.54,575.17
680.0,36.10,-843.64,915.84
690.0,74.14,-236.19,384.46
700.0,42.43,-687.71,772.57
710.0,54.05,-833.65,941.74
720.0,40.71,-390.25,471.67
730.0,34.02,-893.46,961.50
740.0,69.00,25.08,112.92
750.0,62.24,-1559.10,1683.58
760.0,66.32,-203.58,336.22
770.0,82.47,-1592.02,1756.97
780.0,78.91,-2022.08,2179.91
790.0,55.08,-1539.52,1649.68
800.0,67.85,-109.75,245.45
810.0,41.78,-436.28,519.84
820.0,62.87,-139.56,265.30
830.0,45.88,-756.19,847.95
840.0,58.92,-796.63,914.47
850.0,37.06,-1235.44,1309.56
860.0,27.80,-286.99,342.58
870.0,85.31,-620.97,791.58
880.0,67.09,-1552.65,1686.84
890.0,60.64,-1160.61,1281.90
900.0,66.30,-950.62,1083.21
910.0,77.31,-241.61,396.23
920.0,45.77,-547.83,639.36
930.0,61.52,-1361.53,1484.56
940.0,53.36,-1000.80,1107.52
950.0,52.56,-496.80,601.92
960.0,34.20,-612.88,681.27
970.0,37.65,-436.59,511.89
980.0,38.73,-494.40,571.85
990.0,51.66,-795.29,898.62
1000.0,54.97,16.78,93.16
1010.0,64.31,-1052.23,1180.85
1020.0,47.67,-754.72,850.07
1030.0,70.47,-1951.59,2092.52
1040.0,52.41,-1488.08,1592.90
1050.0,85.51,-1346.77,1517.79
1060.0,39.77,-100.59,180.14
1070.0,37.62,-1063.95,1139.20
1080.0,34.17,-257.69,326.04
1090.0,49.16,-868.13,966.45
1100.0,58.28,-847.56,964.12
1110.0,48.52,-217.25,314.28
1120.0,33.12,-130.15,196.40
1130.0,66.56,-621.88,755.01
1140.0,44.69,-762.16,851.53
1150.0,59.52,-1163.65,1282.68
1160.0,38.95,-589.66,667.57
1170.0,61.30,-1144.67,1267.28
1180.0,72.70,-1193.11,1338.52
1190.0,46.93,-1653.34,1747.20
1200.0,43.97,-527.03,614.97
1210.0,85.41,22.39,148.43
1220.0,62.28,-637.31,761.87
1230.0,56.92,-1874.74,1988.59
1240.0,63.25,-900.84,1027.33
1250.0,39.39,-1035.46,1114.23
1260.0,53.27,-1071.54,1178.08
1270.0,78.53,-1576.55,1733.61
1280.0,36.99,-561.38,635.36
1290.0,66.94,-415.25,549.14
1300.0,65.71,-647.25,778.67
1310.0,41.23,-543.45,625.92
1320.0,80.84,-230.75,392.44
1330.0,60.73,-137.57,259.02
1340.0,51.27,-1068.78,1171.31
1350.0,65.12,-1830.25,1960.50
1360.0,87.35,-1425.77,1600.47
1370.0,59.44,-1396.08,1514.95
1380.0,35.45,-342.99,413.88
1390.0,43.89,-1246.43,1334.21
1400.0,41.03,-1287.49,1369.55
1410.0,46.43,-87.89,180.75
1420.0,83.27,-350.23,516.77
1430.0,44.47,-591.78,680.71
1440.0,57.44,-2180.41,2295.30
1450.0,41.91,-391.59,475.41
1460.0,48.46,-57.21,154.13
1470.0,50.60,-1863.56,1964.76
1480.0,70.51,-883.07,1024.09
1490.0,41.19,-642.17,724.54
1500.0,33.30,-112.80,179.39
1510.0,48.21,-793.33,889.75
1520.0,55.47,-679.13,790.07
1530.0,66.70,-22.42,155.82
1540.0,55.37,-185.25,295.99
1550.0,79.88,-34.70,194.46
1560.0,60.69,-1143.38,1264.75
1570.0,53.71,-780.19,887.61
1580.0,58.23,-1769.03,1885.50
1590.0,63.48,-1373.25,1500.21
1600.0,85.21,-1782.48,1952.90
1610.0,61.25,-115.08,237.58
1620.0,52.53,-892.46,997.51
1630.0,63.15,-2274.65,2400.94
1640.0,41.14,-33.97,116.25
1650.0,72.72,-573.71,719.16
1660.0,52.47,0.59,104.36
1670.0,48.27,-1120.14,1216.69
1680.0,104.23,-1505.96,1714.43
1690.0,32.68,-221.95,287.31
1700.0,47.97,-1001.42,1097.35
1710.0,67.21,-2217.43,2351.85
1720.0,48.22,-703.89,800.32
1730.0,69.61,-850.55,989.76
1740.0,35.42,-632.02,702.87
1750.0,48.09,-1160.11,1256.29
1760.0,69.59,-2073.42,2212.59
1770.0,57.98,-291.50,407.46
1780.0,49.06,-1441.14,1539.26
1790.0,68.96,-40.85,178.76
1800.0,38.83,-774.70,852.36
1810.0,41.52,-176.82,259.86
1820.0,71.94,-247.30,391.17
1830.0,31.72,-71.40,134.84
1840.0,77.60,-1728.98,1884.18
1850.0,32.10,-537.30,601.51
1860.0,34.49,-263.42,332.40
1870.0,30.62,-187.40,248.65
1880.0,50.20,-879.19,979.59
1890.0,54.06,13.32,94.80
1900.0,31.43,-568.22,631.08
1910.0,79.36,-3148.67,3307.39
1920.0,68.49,-1345.96,1482.94
1930.0,45.66,-151.35,242.68
1940.0,49.32,-800.50,899.14
1950.0,55.26,-637.96,748.48
1960.0,54.47,-101.18,210.11
1970.0,73.70,-111.54,258.94
1980.0,65.46,-326.03,456.95
1990.0,65.75,-1926.07,2057.57
2000.0,56.67,-1222.52,1335.85
2010.0,69.78,-1235.82,1375.38
2020.0,61.10,-867.02,989.22
2030.0,54.55,-525.04,634.15
2040.0,90.83,-1819.20,2000.85
2050.0,49.88,-13.78,113.54
2060.0,52.01,-548.27,652.29
2070.0,64.35,-1194.46,1323.17
2080.0,69.11,-2293.19,2431.41
2090.0,60.51,-795.04,916.06
2100.0,94.24,-1086.59,1275.07
2110.0,33.40,-528.05,594.85
2120.0,72.94,-824.93,970.82
2130.0,69.62,-1947.03,2086.27
2140.0,63.56,-2394.23,2521.35
2150.0,56.11,-1705.91,1818.13
2160.0,67.03,-2147.26,2281.33
2170.0,48.58,-1478.22,1575.39
2180.0,63.71,-1195.10,1322.53
2190.0,82.97,-1377.95,1543.89
2200.0,64.27,-312.58,441.12
2210.0,47.75,-538.21,633.72
2220.0,48.46,-832.55,929.47
2230.0,67.94,-684.48,820.36
2240.0,54.97,-453.97,563.90
2250.0,70.76,-1716.72,1858.24
2260.0,35.96,-567.18,639.11
2270.0,91.05,-383.52,565.61
2280.0,52.52,-326.87,431.91
2290.0,46.62,-1343.64,1436.88
2300.0,44.58,-706.89,796.04
2310.0,73.72,-77.78,225.22
2320.0,59.68,-1317.22,1436.58
2330.0,60.31,-616.36,736.98
2340.0,57.78,-921.90,1037.46
2350.0,69.60,-1325.76,1464.96
2360.0,48.12,-1460.23,1556.46
2370.0,67.54,-2436.72,2571.80
2380.0,68.83,-3001.97,3139.63
2390.0,32.57,-482.41,547.55
2400.0,59.54,28.35,90.73
2410.0,53.71,-1134.76,1242.18
2420.0,50.55,-41.43,142.54
2430.0,67.29,-750.70,885.28
2440.0,60.56,-1570.96,1692.08
2450.0,75.44,-768.34,919.21
2460.0,48.56,-1189.56,1286.68
2470.0,56.14,-303.83,416.12
2480.0,54.41,-999.43,1108.24
2490.0,22.40,-124.65,169.45
2500.0,57.14,-1320.39,1434.67
2510.0,47.45,-881.63,976.52
2520.0,27.19,-140.23,194.61
2530.0,44.05,-162.52,250.61
2540.0,39.50,-1181.44,1260.44
2550.0,52.14,-1255.68,1359.97
2560.0,44.38,-553.04,641.79
2570.0,37.14,-594.97,669.25
2580.0,49.48,-922.56,1021.52
2590.0,45.63,-1755.86,1847.12
2600.0,21.88,-4.54,48.29
2610.0,44.54,-690.06,779.14
2620.0,43.48,-112.48,199.44
2630.0,76.64,-889.67,1042.95
2640.0,61.17,-1594.86,1717.21
2650.0,54.14,-1953.59,2061.87
2660.0,54.30,15.47,93.13
2670.0,55.58,-1442.90,1554.06
2680.0,59.52,-1837.14,1956.17
2690.0,61.61,-1201.66,1324.87
2700.0,59.67,-143.07,262.42
2710.0,91.93,-1643.35,1827.21
2720.0,51.27,-1319.26,1421.80
2730.0,52.88,-1370.80,1476.57
2740.0,75.19,-2418.88,2569.26
2750.0,41.88,-208.61,292.36
2760.0,54.51,-490.39,599.41
2770.0,63.23,-69.49,195.96
2780.0,52.38,-1003.37,1108.12
2790.0,69.94,-59.92,199.80
2800.0,57.15,-1983.05,2097.35
2810.0,62.40,-2588.90,2713.70
2820.0,33.02,-230.52,296.56
2830.0,60.62,-684.48,805.73
2840.0,56.66,-1433.86,1547.19
2850.0,55.36,-478.40,589.13
2860.0,50.74,-1360.21,1461.70
2870.0,84.16,-2431.24,2599.55
2880.0,44.39,-823.57,912.34
2890.0,43.12,-240.15,326.39
2900.0,26.67,-535.73,589.08
2910.0,96.44,-853.63,1046.52
2920.0,68.51,-207.12,344.14
2930.0,67.31,-1609.09,1743.72
2940.0,43.58,-1464.13,1551.28
2950.0,84.02,-1766.48,1934.52
2960.0,54.63,-303.12,412.38
2970.0,53.79,-831.04,938.62
2980.0,56.95,-207.86,321.76
2990.0,66.53,-1427.18,1560.23
3000.0,58.48,-675.80,792.77
3010.0,45.19,-4.78,95.17
3020.0,71.22,-2840.75,2983.20
3030.0,74.59,-1246.29,1395.47
3040.0,108.64,-167.63,384.91
3050.0,68.00,-731.21,867.22
3060.0,51.91,-808.42,912.23
3070.0,47.99,-111.15,207.13
3080.0,73.50,12.08,134.93
3090.0,65.27,-1050.32,1180.85
3100.0,74.44,-1744.23,1893.11
3110.0,63.97,-1220.62,1348.56
3120.0,66.59,-17.76,150.93
3130.0,39.82,16.27,63.37
3140.0,54.78,-1540.78,1650.33
3150.0,93.63,-116.44,303.70
3160.0,56.08,-225.60,337.77
3170.0,73.82,-780.45,928.09
3180.0,62.50,0.43,124.56
3190.0,76.88,-1213.76,1367.53
3200.0,33.88,-840.45,908.20
3210.0,65.44,-1863.04,1993.93
3220.0,52.49,-520.42,625.40
3230.0,41.64,-189.43,272.71
3240.0,64.09,-20.25,148.44
3250.0,93.11,-2671.18,2857.41
3260.0,92.34,79.30,105.39
3270.0,35.67,-326.85,398.20
3280.0,29.45,12.59,46.32
3290.0,95.67,-1325.46,1516.81
3300.0,46.73,10.45,83.01
3310.0,65.06,-1470.34,1600.46
3320.0,39.32,-133.19,211.83
3330.0,51.37,-1583.97,1686.71
3340.0,95.91,-348.74,540.55
3350.0,54.23,-1217.31,1325.78
3360.0,46.90,-82.96,176.76
3370.0,93.09,-887.86,1074.04
3380.0,82.19,-63.90,228.29
3390.0,53.34,-1464.24,1570.92
3400.0,49.38,-198.88,297.64
3410.0,42.70,-354.52,439.92
3420.0,49.89,-173.55,273.33
3430.0,56.69,23.90,89.47
3440.0,64.05,-1327.49,1455.59
3450.0,57.83,-1444.79,1560.44
3460.0,74.72,-1179.64,1329.07
3470.0,70.41,-483.40,624.22
3480.0,47.28,-408.18,502.75
3490.0,52.08,-1299.99,1404.15
3500.0,50.20,-1315.55,1415.96
3510.0,48.06,7.96,88.16
3520.0,54.72,-69.73,179.16
3530.0,79.36,-1306.45,1465.17
3540.0,45.81,-1170.35,1261.98
3550.0,56.59,-1238.82,1352.00
3560.0,33.91,-203.84,271.67
3570.0,73.28,-830.32,976.89
3580.0,78.12,-93.12,249.36
3590.0,54.37,-802.45,911.19
3600.0,61.22,-1640.65,1763.08
3610.0,59.24,-126.00,244.48
3620.0,75.47,-914.08,1065.01
3630.0,71.53,51.16,91.90
3640.0,56.13,-900.63,1012.89
3650.0,69.52,-2076.99,2216.03
3660.0,58.88,-2352.44,2470.20
3670.0,64.58,-656.34,785.49
3680.0,67.56,-914.66,1049.78
3690.0,52.47,-1659.58,1764.51
3700.0,98.59,63.27,133.92
3710.0,63.92,-2426.65,2554.48
3720.0,59.44,-1729.95,1848.83
3730.0,22.48,-102.60,147.57
3740.0,68.69,-78.99,216.37
3750.0,69.00,-407.15,545.15
3760.0,79.06,-926.72,1084.84
3770.0,56.55,-1707.69,1820.80
3780.0,71.22,-1309.82,1452.25
3790.0,55.45,-2215.19,2326.09
3800.0,68.75,-297.60,435.09
3810.0,36.24,-1030.96,1103.45
3820.0,90.47,-774.95,955.88
3830.0,36.80,-328.28,401.87
3840.0,85.84,-3384.09,3555.77
3850.0,64.05,-184.21,312.31
3860.0,46.48,-57.60,150.55
3870.0,61.36,-216.51,339.22
3880.0,71.42,-1884.75,2027.59
3890.0,54.51,-1457.34,1566.36
3900.0,45.16,29.56,60.75
3910.0,48.46,-1714.52,1811.43
3920.0,83.81,-651.74,819.37
3930.0,40.66,-1015.41,1096.73
3940.0,47.43,-950.71,1045.57
3950.0,62.00,-1163.39,1287.39
3960.0,56.37,-1672.55,1785.29
3970.0,43.36,-224.63,311.35
3980.0,64.20,-1074.93,1203.34
3990.0,71.77,-706.44,849.97
4000.0,52.14,-251.50,355.78
4010.0,96.85,-715.09,908.80
4020.0,47.69,-1455.25,1550.63
4030.0,88.15,52.50,123.80
4040.0,56.99,-362.51,476.49
4050.0,55.09,-1101.23,1211.42
4060.0,61.88,52.33,71.43
4070.0,39.45,-140.06,218.96
4080.0,37.38,-250.66,325.43
4090.0,52.61,-784.16,889.37
4100.0,27.37,-56.34,111.07
4110.0,38.90,1.98,75.82
4120.0,70.35,-2225.75,2366.45
4130.0,60.23,-125.01,245.47
4140.0,39.98,6.56,73.39
4150.0,65.12,-66.33,196.58
4160.0,51.25,-693.86,796.35
4170.0,69.39,-159.45,298.24
4180.0,53.17,-816.38,922.72
4190.0,50.76,-0.80,102.32
4200.0,43.31,-698.60,785.23
4210.0,57.06,-189.60,303.73
4220.0,52.86,-342.45,448.17
4230.0,28.09,-63.90,120.07
4240.0,65.87,-105.69,237.42
4250.0,80.59,-747.27,908.44
4260.0,83.84,-2382.86,2550.54
4270.0,67.42,-510.58,645.42
4280.0,63.20,17.69,108.72
4290.0,29.56,-49.37,108.49
4300.0,53.04,-1599.49,1705.57
4310.0,72.97,-1084.63,1230.56
4320.0,79.09,-1212.82,1371.01
4330.0,56.50,-708.34,821.33
4340.0,44.97,-1342.11,1432.05
4350.0,51.83,-314.83,418.49
4360.0,41.01,-318.65,400.67
4370.0,66.47,-641.07,774.02
4380.0,49.00,-476.49,574.48
4390.0,65.16,-674.85,805.16
4400.0,46.55,-1456.70,1549.81
4410.0,94.26,-502.20,690.72
4420.0,76.59,-230.55,383.74
4430.0,71.26,-377.52,520.04
4440.0,37.87,0.63,75.10
4450.0,59.78,-268.37,387.94
4460.0,50.97,-816.36,918.29
4470.0,42.17,-173.30,257.65
4480.0,41.62,-787.50,870.75
4490.0,56.33,-1290.32,1402.99
4500.0,46.30,-822.61,915.21
