trial,mean,ci_down,ci_up
0.0,40.75,37.54,43.96
10.0,41.43,38.78,44.07
20.0,42.71,39.75,45.67
30.0,42.48,39.72,45.24
40.0,42.44,40.12,44.75
50.0,42.24,39.59,44.89
60.0,41.76,39.29,44.23
70.0,41.92,39.45,44.38
80.0,42.39,39.90,44.88
90.0,40.81,38.44,43.19
100.0,41.59,39.26,43.92
110.0,40.76,38.67,42.84
120.0,40.80,38.83,42.76
130.0,40.38,38.28,42.49
140.0,40.94,38.89,42.99
150.0,40.71,38.53,42.89
160.0,40.67,38.51,42.83
170.0,41.02,38.93,43.11
180.0,41.23,38.85,43.61
190.0,40.31,38.16,42.46
200.0,40.68,38.67,42.68
210.0,41.25,38.98,43.53
220.0,40.66,38.48,42.83
230.0,40.83,38.75,42.91
240.0,40.49,38.64,42.34
250.0,40.17,38.04,42.29
260.0,39.61,37.48,41.74
270.0,40.66,38.55,42.77
280.0,39.68,37.55,41.81
290.0,39.88,38.08,41.67
300.0,40.02,37.87,42.18
310.0,39.56,37.58,41.55
320.0,39.73,37.85,41.60
330.0,40.53,38.71,42.36
340.0,39.48,37.46,41.50
350.0,40.14,38.06,42.23
360.0,39.89,38.08,41.70
370.0,39.58,37.79,41.37
380.0,39.67,37.97,41.37
390.0,39.76,37.67,41.85
400.0,39.37,37.37,41.36
410.0,40.37,38.47,42.26
420.0,39.39,37.93,40.85
430.0,40.48,38.37,42.59
440.0,39.06,36.97,41.15
450.0,39.61,37.59,41.63
460.0,39.88,38.00,41.77
470.0,39.20,37.44,40.97
480.0,39.23,37.40,41.05
490.0,39.01,37.00,41.02
500.0,40.05,38.17,41.93
510.0,39.40,37.53,41.27
520.0,40.18,38.09,42.26
530.0,39.77,37.90,41.64
540.0,39.55,37.69,41.42
550.0,39.79,37.64,41.95
560.0,39.78,37.82,41.73
570.0,39.23,37.53,40.93
580.0,39.76,38.05,41.47
590.0,39.49,37.44,41.55
600.0,38.76,36.83,40.70
610.0,39.35,37.05,41.65
620.0,39.48,37.56,41.41
630.0,39.28,37.33,41.23
640.0,39.39,37.27,41.51
650.0,39.20,37.24,41.15
660.0,39.86,38.01,41.70
670.0,39.14,37.36,40.92
680.0,39.68,37.58,41.78
690.0,39.31,37.44,41.17
700.0,39.02,37.60,40.44
710.0,39.46,37.64,41.28
720.0,39.24,37.39,41.09
730.0,38.53,36.75,40.31
740.0,39.06,37.32,40.79
750.0,39.38,37.53,41.22
760.0,39.39,37.13,41.66
770.0,39.28,37.35,41.22
780.0,39.53,37.62,41.44
790.0,39.52,37.57,41.48
800.0,39.63,37.54,41.72
810.0,39.22,37.47,40.96
820.0,39.15,37.60,40.70
830.0,39.19,37.44,40.95
840.0,39.19,37.57,40.80
850.0,38.86,37.01,40.70
860.0,39.21,37.26,41.15
870.0,39.05,37.21,40.89
880.0,39.39,37.63,41.15
890.0,38.51,36.75,40.26
900.0,38.90,36.97,40.83
910.0,39.87,37.93,41.81
920.0,38.69,36.99,40.39
930.0,38.35,36.68,40.03
940.0,38.61,36.96,40.26
950.0,38.94,37.00,40.87
960.0,39.42,37.44,41.40
970.0,39.01,37.10,40.92
980.0,38.59,36.78,40.40
990.0,38.92,37.26,40.59
1000.0,38.83,37.10,40.55
1010.0,38.66,36.97,40.35
1020.0,38.84,36.92,40.76
1030.0,38.27,36.59,39.95
1040.0,38.79,36.96,40.63
1050.0,38.39,36.77,40.01
1060.0,38.65,36.90,40.40
1070.0,38.43,36.88,39.98
1080.0,38.56,36.90,40.23
1090.0,39.08,37.12,41.04
1100.0,38.93,36.82,41.03
1110.0,39.26,37.28,41.23
1120.0,38.67,36.80,40.54
1130.0,38.15,36.47,39.83
1140.0,39.29,37.44,41.15
1150.0,38.18,36.46,39.91
1160.0,38.95,37.32,40.58
1170.0,38.89,37.16,40.63
1180.0,38.95,37.17,40.73
1190.0,38.88,37.12,40.64
1200.0,38.89,36.77,41.00
1210.0,38.94,37.08,40.80
1220.0,38.75,37.06,40.44
1230.0,38.49,36.65,40.32
1240.0,38.76,37.13,40.39
1250.0,38.45,36.60,40.30
1260.0,38.39,36.48,40.30
1270.0,38.76,37.03,40.48
1280.0,39.17,37.36,40.98
1290.0,38.70,37.06,40.35
1300.0,38.86,36.98,40.73
1310.0,38.40,36.66,40.14
1320.0,38.33,36.66,39.99
1330.0,39.10,37.31,40.89
1340.0,37.87,36.04,39.71
1350.0,38.84,37.09,40.59
1360.0,37.80,36.06,39.55
1370.0,38.91,37.11,40.70
1380.0,37.83,35.93,39.73
1390.0,38.19,36.55,39.82
1400.0,38.62,36.82,40.43
1410.0,38.60,36.95,40.25
1420.0,39.00,37.09,40.92
1430.0,38.39,36.47,40.30
1440.0,38.59,36.89,40.28
1450.0,38.12,36.56,39.68
1460.0,38.01,36.17,39.84
1470.0,38.32,36.74,39.90
1480.0,38.60,36.81,40.40
1490.0,38.20,36.38,40.02
1500.0,38.52,36.79,40.25
1510.0,38.22,36.44,40.01
1520.0,37.77,36.28,39.26
1530.0,37.27,35.75,38.79
1540.0,38.26,36.80,39.73
1550.0,38.50,37.10,39.90
1560.0,38.58,36.84,40.33
1570.0,38.59,37.00,40.18
1580.0,37.84,36.28,39.41
1590.0,38.69,37.13,40.24
1600.0,38.52,36.85,40.19
1610.0,37.98,36.33,39.62
1620.0,38.83,37.19,40.48
1630.0,38.53,36.75,40.32
1640.0,39.15,37.29,41.01
1650.0,38.10,36.43,39.78
1660.0,38.31,36.56,40.05
1670.0,37.71,36.17,39.25
1680.0,37.69,35.79,39.60
1690.0,38.47,36.57,40.38
1700.0,37.91,36.02,39.81
1710.0,38.11,36.55,39.67
1720.0,39.25,37.36,41.14
1730.0,38.54,36.95,40.14
1740.0,38.34,36.64,40.04
1750.0,38.96,37.09,40.83
1760.0,38.77,36.99,40.55
1770.0,39.18,37.35,41.01
1780.0,38.32,36.58,40.07
1790.0,38.63,36.92,40.35
1800.0,37.37,35.71,39.02
1810.0,38.46,36.61,40.30
1820.0,38.81,37.13,40.49
1830.0,37.84,36.48,39.20
1840.0,39.16,37.19,41.13
1850.0,38.38,36.86,39.89
1860.0,38.76,36.53,40.99
1870.0,38.58,36.90,40.27
1880.0,38.09,36.21,39.98
1890.0,38.23,36.56,39.89
1900.0,38.57,36.60,40.54
1910.0,38.41,36.62,40.21
1920.0,38.56,36.79,40.33
1930.0,38.85,36.95,40.75
1940.0,38.34,36.81,39.86
1950.0,38.45,36.58,40.32
1960.0,37.80,36.06,39.53
1970.0,38.28,36.58,39.98
1980.0,37.79,36.15,39.44
1990.0,37.67,36.03,39.31
2000.0,37.68,36.25,39.11
2010.0,39.03,37.53,40.54
2020.0,37.97,36.30,39.64
2030.0,38.45,36.68,40.23
2040.0,38.43,36.60,40.26
2050.0,38.27,36.50,40.05
2060.0,38.14,36.70,39.58
2070.0,38.43,36.53,40.32
2080.0,38.79,36.75,40.83
2090.0,37.77,35.93,39.61
2100.0,38.33,36.41,40.24
2110.0,38.20,36.53,39.87
2120.0,36.94,35.25,38.64
2130.0,38.57,36.86,40.28
2140.0,39.23,37.50,40.95
2150.0,38.37,36.61,40.12
2160.0,38.99,37.15,40.83
2170.0,38.03,36.33,39.73
2180.0,38.19,36.61,39.78
2190.0,38.90,37.35,40.44
2200.0,38.00,36.38,39.62
2210.0,38.83,37.20,40.45
2220.0,37.92,36.41,39.43
2230.0,37.78,36.19,39.37
2240.0,38.01,36.30,39.72
2250.0,38.22,36.24,40.19
2260.0,37.91,36.10,39.73
2270.0,38.47,36.84,40.10
2280.0,38.14,36.49,39.79
2290.0,38.26,36.38,40.13
2300.0,37.65,36.03,39.27
2310.0,38.68,36.93,40.44
2320.0,38.09,36.42,39.76
2330.0,38.84,36.83,40.85
2340.0,38.40,36.55,40.26
2350.0,37.95,36.45,39.44
2360.0,38.08,36.44,39.73
2370.0,37.81,36.43,39.19
2380.0,38.13,36.50,39.76
2390.0,38.52,36.75,40.28
2400.0,38.32,36.57,40.07
2410.0,38.55,36.62,40.48
2420.0,38.79,37.09,40.49
2430.0,38.47,37.09,39.84
2440.0,37.74,36.11,39.37
2450.0,38.43,36.61,40.25
2460.0,38.32,36.58,40.07
2470.0,37.89,36.46,39.33
2480.0,38.57,36.96,40.19
2490.0,37.09,35.43,38.76
2500.0,38.45,36.78,40.12
2510.0,38.39,36.70,40.09
2520.0,37.77,35.96,39.58
2530.0,38.64,37.23,40.05
2540.0,38.05,36.33,39.77
2550.0,37.83,35.98,39.68
2560.0,37.79,36.29,39.28
2570.0,37.96,36.21,39.71
2580.0,37.61,36.05,39.17
2590.0,38.31,36.65,39.96
2600.0,37.88,36.53,39.23
2610.0,37.52,36.00,39.04
2620.0,38.26,36.69,39.82
2630.0,38.59,37.00,40.18
2640.0,38.12,36.42,39.83
2650.0,37.79,36.10,39.48
2660.0,38.90,36.97,40.82
2670.0,38.39,36.68,40.10
2680.0,38.33,36.53,40.12
2690.0,37.82,36.03,39.61
2700.0,38.34,36.64,40.03
2710.0,38.23,36.59,39.87
2720.0,37.83,36.06,39.59
2730.0,38.43,36.65,40.22
2740.0,38.53,36.94,40.13
2750.0,38.05,36.39,39.70
2760.0,38.24,36.75,39.73
2770.0,37.05,35.22,38.87
2780.0,38.02,36.17,39.87
2790.0,37.62,35.96,39.29
2800.0,37.71,36.09,39.33
2810.0,37.68,36.26,39.09
2820.0,38.30,36.64,39.95
2830.0,37.40,35.63,39.18
2840.0,38.03,36.30,39.76
2850.0,38.28,36.50,40.05
2860.0,37.11,35.46,38.77
2870.0,37.81,36.18,39.43
2880.0,38.37,36.69,40.05
2890.0,38.66,37.12,40.20
2900.0,38.31,36.45,40.17
2910.0,37.29,35.75,38.82
2920.0,37.90,36.03,39.78
2930.0,38.36,36.56,40.16
2940.0,37.47,36.03,38.91
2950.0,38.28,36.51,40.05
2960.0,38.15,36.46,39.84
2970.0,38.43,36.90,39.96
2980.0,37.59,35.92,39.26
2990.0,38.62,36.98,40.26
3000.0,37.88,36.06,39.69
3010.0,37.85,36.21,39.49
3020.0,38.24,36.48,40.00
3030.0,38.39,36.49,40.29
3040.0,37.73,36.08,39.38
3050.0,38.90,37.15,40.65
3060.0,37.36,35.83,38.89
3070.0,37.96,36.50,39.42
3080.0,38.30,36.74,39.85
3090.0,37.99,36.38,39.60
3100.0,38.19,36.30,40.07
3110.0,38.12,36.33,39.92
3120.0,37.51,36.04,38.98
3130.0,37.51,35.92,39.10
3140.0,37.75,36.09,39.41
3150.0,37.43,35.83,39.02
3160.0,38.74,37.06,40.41
3170.0,38.39,36.57,40.21
3180.0,37.82,36.10,39.54
3190.0,37.70,36.19,39.20
3200.0,37.72,35.67,39.77
3210.0,37.72,36.05,39.39
3220.0,38.13,36.35,39.92
3230.0,38.39,36.92,39.86
3240.0,38.25,36.31,40.19
3250.0,37.57,36.10,39.05
3260.0,38.28,36.58,39.98
3270.0,36.97,35.07,38.87
3280.0,37.87,36.23,39.50
3290.0,37.64,35.79,39.49
3300.0,37.81,36.12,39.50
3310.0,37.95,36.27,39.62
3320.0,37.35,35.75,38.94
3330.0,37.91,36.20,39.63
3340.0,37.53,35.92,39.14
3350.0,37.48,35.93,39.02
3360.0,38.66,36.82,40.49
3370.0,38.42,36.59,40.25
3380.0,37.61,36.22,39.00
3390.0,38.64,36.87,40.40
3400.0,37.47,35.77,39.17
3410.0,37.75,36.14,39.36
3420.0,38.31,36.46,40.16
3430.0,37.65,35.94,39.37
3440.0,38.05,36.60,39.50
3450.0,38.11,36.71,39.51
3460.0,37.83,36.04,39.62
3470.0,38.04,36.40,39.69
3480.0,37.75,36.23,39.28
3490.0,38.49,36.86,40.12
3500.0,38.20,36.27,40.13
3510.0,37.22,35.58,38.86
3520.0,37.22,35.51,38.93
3530.0,37.51,35.95,39.07
3540.0,37.47,35.81,39.14
3550.0,37.54,36.04,39.04
3560.0,38.10,36.53,39.68
3570.0,37.81,36.06,39.55
3580.0,37.94,36.21,39.66
3590.0,37.96,36.28,39.64
3600.0,37.87,36.13,39.61
3610.0,38.45,36.44,40.47
3620.0,37.94,36.20,39.67
3630.0,37.79,36.11,39.48
3640.0,37.95,36.17,39.72
3650.0,37.22,35.44,39.00
3660.0,37.90,36.14,39.66
3670.0,38.03,36.39,39.68
3680.0,37.84,35.78,39.91
3690.0,37.92,36.12,39.71
3700.0,37.73,36.11,39.35
3710.0,38.15,36.27,40.02
3720.0,38.01,36.54,39.48
3730.0,37.83,35.69,39.97
3740.0,38.36,36.74,39.98
3750.0,38.07,36.47,39.67
3760.0,37.82,36.18,39.46
3770.0,37.58,35.93,39.23
3780.0,37.24,35.45,39.02
3790.0,38.02,36.28,39.75
3800.0,37.63,35.93,39.32
3810.0,37.03,35.32,38.74
3820.0,37.79,36.20,39.38
3830.0,37.23,35.37,39.09
3840.0,37.60,36.05,39.15
3850.0,38.08,36.35,39.81
3860.0,37.69,36.08,39.30
3870.0,37.86,36.29,39.43
3880.0,37.19,35.59,38.79
3890.0,38.66,37.06,40.25
3900.0,38.41,36.24,40.58
3910.0,37.65,36.07,39.23
3920.0,37.44,35.87,39.00
3930.0,37.21,35.77,38.66
3940.0,36.72,34.92,38.52
3950.0,37.71,35.97,39.45
3960.0,37.64,36.10,39.18
3970.0,37.69,35.91,39.46
3980.0,38.15,36.23,40.08
3990.0,37.74,36.24,39.24
4000.0,37.03,35.54,38.53
4010.0,37.81,36.07,39.55
4020.0,38.06,36.29,39.82
4030.0,37.63,35.88,39.37
4040.0,37.66,36.10,39.21
4050.0,37.03,35.33,38.74
4060.0,37.70,36.00,39.40
4070.0,38.09,36.24,39.93
4080.0,38.31,36.39,40.23
4090.0,37.63,36.03,39.24
4100.0,37.10,35.68,38.52
4110.0,37.65,36.23,39.06
4120.0,37.88,35.91,39.84
4130.0,37.26,35.73,38.78
4140.0,37.63,36.10,39.17
4150.0,37.45,36.03,38.88
4160.0,37.25,35.74,38.76
4170.0,38.34,36.63,40.04
4180.0,37.55,35.82,39.29
4190.0,37.56,35.81,39.30
4200.0,37.87,36.05,39.70
4210.0,38.27,36.49,40.06
4220.0,37.78,36.25,39.32
4230.0,38.11,36.60,39.63
4240.0,37.82,36.27,39.37
4250.0,37.15,35.77,38.53
4260.0,37.75,36.06,39.45
4270.0,37.51,35.93,39.10
4280.0,37.85,36.26,39.45
4290.0,37.83,36.14,39.52
4300.0,37.89,36.36,39.42
4310.0,37.83,36.33,39.32
4320.0,37.54,35.82,39.26
4330.0,37.29,35.52,39.05
4340.0,37.95,36.04,39.85
4350.0,37.88,35.98,39.78
4360.0,37.15,35.44,38.86
4370.0,37.55,35.86,39.24
4380.0,38.32,36.54,40.10
4390.0,38.02,36.19,39.86
4400.0,37.55,35.96,39.13
4410.0,37.58,35.95,39.22
4420.0,37.08,35.28,38.87
4430.0,37.93,36.42,39.43
4440.0,37.48,35.77,39.19
4450.0,37.47,35.70,39.24
4460.0,37.39,35.68,39.10
4470.0,38.51,36.68,40.33
4480.0,37.72,35.94,39.50
4490.0,37.93,36.26,39.61
4500.0,37.48,35.94,39.02
