episodes,mean,ci_down,ci_up
0.0,-1057.71,-1189.15,-926.27
5.0,-1924.59,-2126.94,-1722.23
10.0,-2742.34,-2998.24,-2486.43
15.0,-3430.94,-3753.26,-3108.63
20.0,-4124.44,-4501.70,-3747.18
25.0,-4716.86,-5145.88,-4287.85
30.0,-5235.32,-5700.32,-4770.33
35.0,-5698.33,-6194.92,-5201.74
40.0,-5959.50,-6470.82,-5448.18
45.0,-6286.03,-6850.86,-5721.20
50.0,-6461.49,-7051.85,-5871.13
55.0,-6607.77,-7205.61,-6009.94
60.0,-6752.96,-7349.72,-6156.21
65.0,-6846.56,-7445.00,-6248.12
70.0,-6959.75,-7554.23,-6365.27
75.0,-7038.42,-7633.74,-6443.11
80.0,-7154.40,-7754.64,-6554.15
85.0,-7225.61,-7824.35,-6626.88
90.0,-7305.64,-7920.01,-6691.27
95.0,-7348.91,-7968.21,-6729.61
100.0,-7384.87,-8007.24,-6762.50
105.0,-7431.90,-8063.24,-6800.55
110.0,-7476.83,-8106.68,-6846.98
115.0,-7516.09,-8143.24,-6888.93
120.0,-7562.27,-8188.09,-6936.46
125.0,-7609.43,-8231.74,-6987.12
130.0,-7657.88,-8280.24,-7035.51
135.0,-7703.19,-8327.55,-7078.83
140.0,-7730.88,-8362.38,-7099.38
145.0,-7763.47,-8398.29,-7128.65
150.0,-7821.92,-8459.21,-7184.63
155.0,-7854.51,-8494.43,-7214.58
160.0,-7894.82,-8543.32,-7246.31
165.0,-7936.45,-8589.66,-7283.24
170.0,-7968.42,-8625.57,-7311.27
175.0,-8002.49,-8664.14,-7340.84
180.0,-8045.22,-8709.94,-7380.49
185.0,-8079.04,-8751.35,-7406.72
190.0,-8115.78,-8787.14,-7444.43
195.0,-8149.33,-8822.03,-7476.62
200.0,-8184.94,-8859.66,-7510.22
205.0,-8227.47,-8908.73,-7546.20
210.0,-8256.88,-8942.60,-7571.15
215.0,-8303.47,-8997.86,-7609.08
220.0,-8325.38,-9022.54,-7628.21
225.0,-8347.29,-9045.10,-7649.48
230.0,-8369.82,-9069.08,-7670.56
235.0,-8391.73,-9091.39,-7692.07
240.0,-8435.13,-9137.81,-7732.45
245.0,-8495.61,-9208.61,-7782.60
250.0,-8522.28,-9237.91,-7806.64
255.0,-8581.81,-9301.19,-7862.42
260.0,-8621.18,-9341.94,-7900.41
265.0,-8689.58,-9412.78,-7966.37
270.0,-8720.33,-9444.55,-7996.11
275.0,-8749.91,-9471.55,-8028.27
280.0,-8812.88,-9537.45,-8088.30
285.0,-8840.48,-9571.42,-8109.55
290.0,-8860.13,-9592.87,-8127.39
295.0,-8886.34,-9621.41,-8151.26
300.0,-8918.82,-9652.81,-8184.83
305.0,-8949.37,-9683.10,-8215.65
310.0,-8969.20,-9702.29,-8236.12
315.0,-8979.94,-9712.84,-8247.03
320.0,-9013.00,-9740.55,-8285.46
325.0,-9050.76,-9775.59,-8325.93
330.0,-9093.77,-9818.15,-8369.38
335.0,-9162.39,-9895.12,-8429.65
340.0,-9197.66,-9934.50,-8460.82
345.0,-9252.91,-9993.10,-8512.72
350.0,-9298.39,-10039.50,-8557.27
355.0,-9340.14,-10084.26,-8596.03
360.0,-9399.18,-10146.28,-8652.08
365.0,-9459.57,-10212.29,-8706.84
370.0,-9525.66,-10281.56,-8769.77
375.0,-9585.32,-10348.11,-8822.52
380.0,-9665.53,-10437.75,-8893.31
385.0,-9703.36,-10480.07,-8926.65
390.0,-9736.78,-10517.81,-8955.75
395.0,-9765.79,-10548.77,-8982.81
400.0,-9803.77,-10589.96,-9017.58
405.0,-9820.80,-10610.64,-9030.95
410.0,-9852.76,-10645.16,-9060.35
415.0,-9895.23,-10695.54,-9094.91
420.0,-9937.80,-10743.49,-9132.11
425.0,-9965.39,-10773.85,-9156.94
430.0,-10014.90,-10830.41,-9199.40
435.0,-10042.16,-10861.17,-9223.14
440.0,-10100.44,-10926.43,-9274.45
445.0,-10149.16,-10981.85,-9316.46
450.0,-10216.55,-11056.35,-9376.75
455.0,-10254.90,-11098.83,-9410.97
460.0,-10320.92,-11171.43,-9470.41
465.0,-10368.22,-11228.34,-9508.10
470.0,-10418.84,-11286.79,-9550.88
475.0,-10472.22,-11343.55,-9600.88
480.0,-10537.68,-11407.16,-9668.21
485.0,-10593.57,-11461.89,-9725.25
490.0,-10671.10,-11536.98,-9805.22
495.0,-10744.11,-11607.24,-9880.98
500.0,-10816.76,-11687.48,-9946.04
505.0,-10886.06,-11762.85,-10009.27
510.0,-10972.30,-11863.33,-10081.26
515.0,-11040.74,-11939.54,-10141.95
520.0,-11129.20,-12034.37,-10224.02
525.0,-11219.52,-12140.37,-10298.68
530.0,-11310.08,-12245.51,-10374.65
535.0,-11421.98,-12361.09,-10482.87
540.0,-11523.47,-12469.71,-10577.24
545.0,-11598.63,-12554.98,-10642.29
550.0,-11678.88,-12638.51,-10719.26
555.0,-11755.84,-12719.29,-10792.39
560.0,-11813.04,-12788.33,-10837.74
565.0,-11873.90,-12860.95,-10886.85
570.0,-11924.23,-12922.32,-10926.14
575.0,-11977.88,-12979.60,-10976.16
580.0,-12067.29,-13064.35,-11070.24
585.0,-12127.22,-13128.39,-11126.05
590.0,-12184.08,-13188.63,-11179.54
595.0,-12253.31,-13264.79,-11241.83
600.0,-12295.15,-13311.65,-11278.66
605.0,-12329.05,-13345.04,-11313.06
610.0,-12349.89,-13367.96,-11331.83
615.0,-12370.84,-13388.96,-11352.72
620.0,-12391.40,-13408.59,-11374.20
625.0,-12416.00,-13434.45,-11397.55
630.0,-12446.26,-13470.59,-11421.93
635.0,-12476.36,-13505.13,-11447.58
640.0,-12511.33,-13544.20,-11478.45
645.0,-12541.15,-13574.07,-11508.22
650.0,-12570.95,-13605.12,-11536.77
655.0,-12593.20,-13631.11,-11555.29
660.0,-12637.17,-13679.38,-11594.96
665.0,-12672.98,-13711.69,-11634.26
670.0,-12732.16,-13766.08,-11698.24
675.0,-12772.79,-13804.37,-11741.21
680.0,-12822.59,-13850.10,-11795.07
685.0,-12860.97,-13887.17,-11834.78
690.0,-12906.23,-13934.36,-11878.10
695.0,-12957.66,-13987.46,-11927.87
700.0,-13009.31,-14041.61,-11977.01
705.0,-13031.14,-14063.75,-11998.53
710.0,-13052.79,-14086.55,-12019.03
715.0,-13083.55,-14117.91,-12049.20
720.0,-13103.95,-14136.65,-12071.25
725.0,-13128.87,-14160.28,-12097.46
730.0,-13163.41,-14193.49,-12133.34
735.0,-13194.86,-14224.95,-12164.76
740.0,-13227.32,-14257.76,-12196.88
745.0,-13266.31,-14294.97,-12237.64
750.0,-13305.76,-14332.09,-12279.43
755.0,-13343.70,-14368.84,-12318.57
760.0,-13386.43,-14414.87,-12358.00
765.0,-13424.33,-14453.44,-12395.22
770.0,-13480.44,-14510.68,-12450.20
775.0,-13540.34,-14571.17,-12509.52
780.0,-13585.65,-14616.81,-12554.49
785.0,-13639.91,-14672.28,-12607.54
790.0,-13699.49,-14739.24,-12659.75
795.0,-13748.09,-14791.39,-12704.79
800.0,-13788.65,-14837.74,-12739.56
805.0,-13830.30,-14882.90,-12777.71
810.0,-13879.09,-14934.49,-12823.69
815.0,-13915.71,-14975.41,-12856.02
820.0,-13943.09,-15007.16,-12879.02
825.0,-13975.36,-15043.63,-12907.08
830.0,-14010.00,-15081.62,-12938.37
835.0,-14048.14,-15124.99,-12971.29
840.0,-14084.52,-15169.07,-12999.97
845.0,-14128.40,-15219.03,-13037.78
850.0,-14150.23,-15246.33,-13054.13
855.0,-14196.55,-15298.89,-13094.21
860.0,-14235.97,-15336.92,-13135.01
865.0,-14262.65,-15365.12,-13160.18
870.0,-14285.35,-15389.75,-13180.96
875.0,-14295.99,-15400.68,-13191.29
880.0,-14314.26,-15419.60,-13208.92
885.0,-14331.95,-15437.18,-13226.72
890.0,-14343.23,-15448.46,-13238.00
895.0,-14369.62,-15472.04,-13267.19
900.0,-14388.76,-15489.84,-13287.67
905.0,-14413.61,-15515.96,-13311.26
910.0,-14436.80,-15543.84,-13329.75
915.0,-14461.35,-15572.54,-13350.16
920.0,-14487.63,-15603.37,-13371.88
925.0,-14518.00,-15641.31,-13394.70
930.0,-14547.26,-15672.71,-13421.81
935.0,-14573.21,-15702.59,-13443.84
940.0,-14593.24,-15724.18,-13462.31
945.0,-14609.86,-15740.08,-13479.65
950.0,-14641.33,-15775.05,-13507.60
955.0,-14674.28,-15811.32,-13537.24
960.0,-14690.87,-15827.56,-13554.17
965.0,-14708.00,-15844.41,-13571.58
970.0,-14728.30,-15864.22,-13592.39
975.0,-14747.49,-15883.15,-13611.83
980.0,-14769.13,-15904.89,-13633.37
985.0,-14793.78,-15929.36,-13658.19
990.0,-14820.42,-15956.68,-13684.16
995.0,-14854.18,-15991.72,-13716.64
1000.0,-14877.59,-16016.99,-13738.18
1005.0,-14907.04,-16046.01,-13768.07
1010.0,-14929.85,-16071.65,-13788.05
1015.0,-14946.47,-16089.20,-13803.74
1020.0,-14966.30,-16108.48,-13824.12
1025.0,-14980.39,-16122.83,-13837.95
1030.0,-15004.86,-16147.83,-13861.88
1035.0,-15018.11,-16161.24,-13874.98
1040.0,-15034.85,-16178.19,-13891.50
1045.0,-15050.25,-16193.10,-13907.40
1050.0,-15064.78,-16207.65,-13921.91
1055.0,-15089.28,-16231.95,-13946.61
1060.0,-15104.97,-16247.14,-13962.81
1065.0,-15114.97,-16257.14,-13972.81
1070.0,-15124.97,-16267.14,-13982.81
1075.0,-15135.11,-16277.27,-13992.96
1080.0,-15152.53,-16293.77,-14011.29
1085.0,-15165.85,-16306.82,-14024.87
1090.0,-15175.85,-16316.82,-14034.87
1095.0,-15185.85,-16326.82,-14044.87
1100.0,-15195.85,-16336.82,-14054.87
1105.0,-15205.85,-16346.82,-14064.87
1110.0,-15215.85,-16356.82,-14074.87
1115.0,-15225.85,-16366.82,-14084.87
1120.0,-15235.85,-16376.82,-14094.87
1125.0,-15251.54,-16393.83,-14109.26
1130.0,-15270.60,-16413.73,-14127.47
1135.0,-15289.85,-16433.68,-14146.02
1140.0,-15304.00,-16447.01,-14160.99
1145.0,-15314.77,-16457.64,-14171.90
1150.0,-15325.01,-16467.83,-14182.19
1155.0,-15343.94,-16485.40,-14202.47
1160.0,-15357.30,-16498.20,-14216.40
1165.0,-15371.23,-16512.42,-14230.05
1170.0,-15397.07,-16537.32,-14256.81
1175.0,-15417.86,-16558.06,-14277.65
1180.0,-15440.74,-16580.57,-14300.91
1185.0,-15452.85,-16592.96,-14312.75
1190.0,-15464.84,-16604.69,-14324.99
1195.0,-15480.66,-16620.07,-14341.25
1200.0,-15499.94,-16638.60,-14361.28
1205.0,-15515.07,-16653.55,-14376.58
1210.0,-15537.71,-16675.70,-14399.72
1215.0,-15550.11,-16688.53,-14411.69
1220.0,-15562.83,-16701.34,-14424.32
1225.0,-15572.83,-16711.34,-14434.32
1230.0,-15582.83,-16721.34,-14444.32
1235.0,-15592.83,-16731.34,-14454.32
1240.0,-15602.83,-16741.34,-14464.32
1245.0,-15612.83,-16751.34,-14474.32
1250.0,-15622.83,-16761.34,-14484.32
1255.0,-15632.83,-16771.34,-14494.32
1260.0,-15645.28,-16783.72,-14506.85
1265.0,-15660.41,-16798.75,-14522.08
1270.0,-15670.41,-16808.75,-14532.08
1275.0,-15680.41,-16818.75,-14542.08
1280.0,-15690.41,-16828.75,-14552.08
1285.0,-15700.41,-16838.75,-14562.08
1290.0,-15710.41,-16848.75,-14572.08
1295.0,-15720.41,-16858.75,-14582.08
1300.0,-15730.41,-16868.75,-14592.08
1305.0,-15740.41,-16878.75,-14602.08
1310.0,-15750.41,-16888.75,-14612.08
1315.0,-15763.77,-16902.09,-14625.46
1320.0,-15780.67,-16922.51,-14638.83
1325.0,-15794.56,-16937.03,-14652.10
1330.0,-15805.88,-16948.56,-14663.20
1335.0,-15817.51,-16960.40,-14674.62
1340.0,-15828.81,-16971.87,-14685.76
1345.0,-15838.81,-16981.87,-14695.76
1350.0,-15848.81,-16991.87,-14705.76
1355.0,-15858.81,-17001.87,-14715.76
1360.0,-15873.94,-17016.17,-14731.72
1365.0,-15889.07,-17030.55,-14747.59
1370.0,-15904.19,-17045.02,-14763.37
1375.0,-15914.19,-17055.02,-14773.37
1380.0,-15924.19,-17065.02,-14783.37
1385.0,-15934.19,-17075.02,-14793.37
1390.0,-15944.19,-17085.02,-14803.37
1395.0,-15954.19,-17095.02,-14813.37
1400.0,-15964.19,-17105.02,-14823.37
1405.0,-15974.19,-17115.02,-14833.37
1410.0,-15984.19,-17125.02,-14843.37
1415.0,-15994.19,-17135.02,-14853.37
1420.0,-16004.19,-17145.02,-14863.37
1425.0,-16014.19,-17155.02,-14873.37
1430.0,-16026.34,-17167.53,-14885.15
1435.0,-16040.41,-17180.81,-14900.02
1440.0,-16053.72,-17193.52,-14913.93
1445.0,-16063.72,-17203.52,-14923.93
1450.0,-16076.17,-17217.28,-14935.07
1455.0,-16086.17,-17227.28,-14945.07
1460.0,-16096.17,-17237.28,-14955.07
1465.0,-16106.17,-17247.28,-14965.07
1470.0,-16116.17,-17257.28,-14975.07
1475.0,-16126.17,-17267.28,-14985.07
1480.0,-16136.17,-17277.28,-14995.07
1485.0,-16146.17,-17287.28,-15005.07
1490.0,-16156.17,-17297.28,-15015.07
1495.0,-16166.17,-17307.28,-15025.07
1500.0,-16176.17,-17317.28,-15035.07
1505.0,-16186.17,-17327.28,-15045.07
1510.0,-16200.79,-17341.43,-15060.14
1515.0,-16210.79,-17351.43,-15070.14
1520.0,-16220.79,-17361.43,-15080.14
1525.0,-16230.79,-17371.43,-15090.14
1530.0,-16242.40,-17383.19,-15101.60
1535.0,-16252.40,-17393.19,-15111.60
1540.0,-16262.40,-17403.19,-15121.60
1545.0,-16272.40,-17413.19,-15131.60
1550.0,-16282.40,-17423.19,-15141.60
1555.0,-16292.40,-17433.19,-15151.60
1560.0,-16302.40,-17443.19,-15161.60
1565.0,-16312.40,-17453.19,-15171.60
1570.0,-16322.40,-17463.19,-15181.60
1575.0,-16332.40,-17473.19,-15191.60
1580.0,-16339.68,-17480.81,-15198.55
1585.0,-16349.68,-17490.81,-15208.55
1590.0,-16364.95,-17505.68,-15224.23
1595.0,-16374.95,-17515.68,-15234.23
1600.0,-16384.95,-17525.68,-15244.23
1605.0,-16392.24,-17532.25,-15252.22
1610.0,-16402.24,-17542.25,-15262.22
1615.0,-16412.24,-17552.25,-15272.22
1620.0,-16422.24,-17562.25,-15282.22
1625.0,-16432.24,-17572.25,-15292.22
1630.0,-16442.24,-17582.25,-15302.22
1635.0,-16452.24,-17592.25,-15312.22
1640.0,-16462.24,-17602.25,-15322.22
1645.0,-16472.24,-17612.25,-15332.22
1650.0,-16482.24,-17622.25,-15342.22
1655.0,-16492.24,-17632.25,-15352.22
1660.0,-16502.24,-17642.25,-15362.22
1665.0,-16512.24,-17652.25,-15372.22
1670.0,-16522.24,-17662.25,-15382.22
1675.0,-16532.24,-17672.25,-15392.22
1680.0,-16542.24,-17682.25,-15402.22
1685.0,-16552.24,-17692.25,-15412.22
1690.0,-16562.24,-17702.25,-15422.22
1695.0,-16572.24,-17712.25,-15432.22
1700.0,-16582.24,-17722.25,-15442.22
1705.0,-16592.24,-17732.25,-15452.22
1710.0,-16602.24,-17742.25,-15462.22
1715.0,-16612.24,-17752.25,-15472.22
1720.0,-16622.24,-17762.25,-15482.22
1725.0,-16632.24,-17772.25,-15492.22
1730.0,-16642.24,-17782.25,-15502.22
1735.0,-16649.52,-17789.55,-15509.49
1740.0,-16659.52,-17799.55,-15519.49
1745.0,-16669.52,-17809.55,-15529.49
1750.0,-16679.52,-17819.55,-15539.49
1755.0,-16689.52,-17829.55,-15549.49
1760.0,-16699.52,-17839.55,-15559.49
1765.0,-16709.52,-17849.55,-15569.49
1770.0,-16719.52,-17859.55,-15579.49
1775.0,-16729.52,-17869.55,-15589.49
1780.0,-16739.52,-17879.55,-15599.49
1785.0,-16749.52,-17889.55,-15609.49
1790.0,-16759.52,-17899.55,-15619.49
1795.0,-16769.52,-17909.55,-15629.49
1800.0,-16779.52,-17919.55,-15639.49
1805.0,-16789.52,-17929.55,-15649.49
1810.0,-16799.52,-17939.55,-15659.49
1815.0,-16809.52,-17949.55,-15669.49
1820.0,-16819.52,-17959.55,-15679.49
1825.0,-16829.52,-17969.55,-15689.49
1830.0,-16839.52,-17979.55,-15699.49
1835.0,-16849.52,-17989.55,-15709.49
1840.0,-16859.52,-17999.55,-15719.49
1845.0,-16866.81,-18006.49,-15727.12
1850.0,-16876.81,-18016.49,-15737.12
1855.0,-16886.81,-18026.49,-15747.12
1860.0,-16896.81,-18036.49,-15757.12
1865.0,-16906.81,-18046.49,-15767.12
1870.0,-16916.81,-18056.49,-15777.12
1875.0,-16926.81,-18066.49,-15787.12
1880.0,-16936.81,-18076.49,-15797.12
1885.0,-16946.81,-18086.49,-15807.12
1890.0,-16956.81,-18096.49,-15817.12
1895.0,-16966.81,-18106.49,-15827.12
1900.0,-16976.81,-18116.49,-15837.12
1905.0,-16986.81,-18126.49,-15847.12
1910.0,-16994.61,-18133.74,-15855.48
1915.0,-17002.41,-18141.00,-15863.82
1920.0,-17010.21,-18148.28,-15872.14
1925.0,-17015.29,-18153.33,-15877.26
1930.0,-17020.38,-18158.42,-15882.34
1935.0,-17028.18,-18165.74,-15890.62
1940.0,-17035.98,-18173.08,-15898.88
1945.0,-17043.78,-18180.44,-15907.12
1950.0,-17051.58,-18187.82,-15915.35
1955.0,-17059.38,-18195.21,-15923.56
1960.0,-17067.18,-18202.61,-15931.75
1965.0,-17077.18,-18212.61,-15941.75
1970.0,-17087.18,-18222.61,-15951.75
1975.0,-17097.18,-18232.61,-15961.75
1980.0,-17107.18,-18242.61,-15971.75
1985.0,-17117.18,-18252.61,-15981.75
1990.0,-17124.47,-18260.02,-15988.92
1995.0,-17131.75,-18267.45,-15996.06
2000.0,-17141.75,-18277.45,-16006.06
2005.0,-17151.75,-18287.45,-16016.06
2010.0,-17161.75,-18297.45,-16026.06
2015.0,-17171.75,-18307.45,-16036.06
2020.0,-17181.75,-18317.45,-16046.06
2025.0,-17191.75,-18327.45,-16056.06
2030.0,-17201.75,-18337.45,-16066.06
2035.0,-17211.75,-18347.45,-16076.06
2040.0,-17221.75,-18357.45,-16086.06
2045.0,-17229.04,-18364.77,-16093.31
2050.0,-17236.32,-18372.11,-16100.53
2055.0,-17246.32,-18382.11,-16110.53
2060.0,-17253.61,-18388.91,-16118.30
2065.0,-17263.61,-18398.91,-16128.30
2070.0,-17273.61,-18408.91,-16138.30
2075.0,-17283.61,-18418.91,-16148.30
2080.0,-17290.89,-18424.71,-16157.07
2085.0,-17300.89,-18434.71,-16167.07
2090.0,-17308.18,-18440.54,-16175.81
2095.0,-17315.98,-18448.63,-16183.32
2100.0,-17325.98,-18458.63,-16193.32
2105.0,-17335.98,-18468.63,-16203.32
2110.0,-17345.98,-18478.63,-16213.32
2115.0,-17355.98,-18488.63,-16223.32
2120.0,-17365.98,-18498.63,-16233.32
2125.0,-17375.98,-18508.63,-16243.32
2130.0,-17385.98,-18518.63,-16253.32
2135.0,-17391.25,-18522.79,-16259.71
2140.0,-17399.24,-18530.53,-16267.95
2145.0,-17404.51,-18535.93,-16273.10
2150.0,-17409.78,-18541.36,-16278.21
2155.0,-17417.77,-18549.14,-16286.40
2160.0,-17423.04,-18554.52,-16291.57
2165.0,-17428.32,-18559.94,-16296.70
2170.0,-17433.59,-18565.39,-16301.79
2175.0,-17441.58,-18573.23,-16309.93
2180.0,-17451.58,-18583.23,-16319.93
2185.0,-17461.58,-18593.23,-16329.93
2190.0,-17471.58,-18603.23,-16339.93
2195.0,-17473.95,-18604.50,-16343.39
2200.0,-17478.52,-18608.24,-16348.80
2205.0,-17483.09,-18612.02,-16354.16
2210.0,-17487.66,-18615.84,-16359.47
2215.0,-17492.23,-18619.72,-16364.73
2220.0,-17496.80,-18623.65,-16369.94
2225.0,-17498.65,-18624.69,-16372.61
2230.0,-17501.02,-18626.51,-16375.53
2235.0,-17497.96,-18622.29,-16373.63
2240.0,-17502.53,-18628.11,-16376.95
2245.0,-17512.53,-18638.11,-16386.95
2250.0,-17518.03,-18644.02,-16392.05
2255.0,-17526.59,-18651.80,-16401.38
2260.0,-17535.15,-18659.59,-16410.70
2265.0,-17540.65,-18664.99,-16416.31
2270.0,-17548.87,-18672.28,-16425.46
2275.0,-17558.87,-18682.28,-16435.46
2280.0,-17566.15,-18689.87,-16442.44
2285.0,-17569.28,-18693.70,-16444.86
2290.0,-17573.85,-18699.45,-16448.25
2295.0,-17578.42,-18704.03,-16452.81
2300.0,-17585.71,-18712.19,-16459.22
2305.0,-17595.71,-18722.19,-16469.22
2310.0,-17605.71,-18732.19,-16479.22
2315.0,-17615.71,-18742.19,-16489.22
2320.0,-17625.71,-18752.19,-16499.22
2325.0,-17635.71,-18762.19,-16509.22
2330.0,-17645.71,-18772.19,-16519.22
2335.0,-17655.71,-18782.19,-16529.22
2340.0,-17665.71,-18792.19,-16539.22
2345.0,-17675.71,-18802.19,-16549.22
2350.0,-17680.27,-18805.73,-16554.82
2355.0,-17684.84,-18810.80,-16558.89
2360.0,-17686.70,-18812.67,-16560.73
2365.0,-17689.64,-18815.26,-16564.01
2370.0,-17696.92,-18822.80,-16571.04
2375.0,-17704.21,-18830.68,-16577.74
2380.0,-17714.21,-18840.68,-16587.74
2385.0,-17724.21,-18850.68,-16597.74
2390.0,-17728.78,-18854.98,-16602.57
2395.0,-17736.06,-18862.21,-16609.91
2400.0,-17743.35,-18869.82,-16616.88
2405.0,-17750.63,-18877.30,-16623.96
2410.0,-17758.43,-18885.23,-16631.64
2415.0,-17763.52,-18890.82,-16636.22
2420.0,-17766.40,-18894.42,-16638.39
2425.0,-17766.06,-18895.32,-16636.80
2430.0,-17765.71,-18895.44,-16635.99
2435.0,-17765.37,-18896.63,-16634.11
2440.0,-17754.68,-18890.05,-16619.31
2445.0,-17746.71,-18885.90,-16607.51
2450.0,-17741.96,-18884.65,-16599.28
2455.0,-17747.05,-18891.23,-16602.87
2460.0,-17757.05,-18901.23,-16612.87
2465.0,-17767.05,-18911.23,-16622.87
2470.0,-17777.05,-18921.23,-16632.87
2475.0,-17781.62,-18924.96,-16638.27
2480.0,-17784.92,-18927.29,-16642.55
2485.0,-17786.78,-18928.92,-16644.63
2490.0,-17791.35,-18934.11,-16648.59
2495.0,-17793.20,-18937.60,-16648.81
2500.0,-17797.77,-18942.09,-16653.45
2505.0,-17799.63,-18944.18,-16655.07
2510.0,-17804.20,-18949.08,-16659.31
2515.0,-17806.05,-18951.73,-16660.37
2520.0,-17802.47,-18950.45,-16654.50
2525.0,-17804.84,-18953.56,-16656.12
2530.0,-17809.41,-18958.81,-16660.01
2535.0,-17816.70,-18966.62,-16666.78
2540.0,-17822.30,-18972.61,-16671.99
2545.0,-17829.58,-18978.64,-16680.53
2550.0,-17828.72,-18977.23,-16680.21
2555.0,-17830.58,-18978.30,-16682.86
2560.0,-17825.74,-18972.76,-16678.71
2565.0,-17824.88,-18971.82,-16677.93
2570.0,-17826.73,-18974.71,-16678.75
2575.0,-17829.52,-18978.31,-16680.73
2580.0,-17831.89,-18979.71,-16684.07
2585.0,-17834.26,-18981.54,-16686.98
2590.0,-17838.83,-18985.51,-16692.15
2595.0,-17839.00,-18984.55,-16693.45
2600.0,-17841.37,-18985.56,-16697.18
2605.0,-17846.46,-18989.97,-16702.94
2610.0,-17848.83,-18991.61,-16706.04
2615.0,-17851.20,-18993.31,-16709.08
2620.0,-17848.84,-18990.85,-16706.82
2625.0,-17844.28,-18987.01,-16701.55
2630.0,-17834.20,-18979.26,-16689.14
2635.0,-17825.14,-18970.15,-16680.14
2640.0,-17820.07,-18965.39,-16674.76
2645.0,-17812.80,-18959.45,-16666.15
2650.0,-17800.10,-18948.55,-16651.65
2655.0,-17789.60,-18941.04,-16638.15
2660.0,-17781.81,-18934.96,-16628.66
2665.0,-17771.31,-18926.37,-16616.24
2670.0,-17760.80,-18917.95,-16603.66
2675.0,-17755.73,-18915.12,-16596.34
2680.0,-17748.98,-18909.12,-16588.83
2685.0,-17738.99,-18900.56,-16577.42
2690.0,-17715.10,-18879.90,-16550.29
2695.0,-17691.21,-18859.31,-16523.11
2700.0,-17668.86,-18840.40,-16497.33
2705.0,-17634.11,-18809.46,-16458.76
2710.0,-17608.02,-18787.72,-16428.32
2715.0,-17579.73,-18763.45,-16396.01
2720.0,-17551.86,-18738.11,-16365.61
2725.0,-17522.30,-18711.17,-16333.44
2730.0,-17492.23,-18682.87,-16301.59
2735.0,-17459.03,-18651.73,-16266.32
2740.0,-17423.54,-18620.55,-16226.54
2745.0,-17390.05,-18589.77,-16190.34
2750.0,-17350.20,-18552.57,-16147.83
2755.0,-17304.92,-18509.86,-16099.98
2760.0,-17259.63,-18467.71,-16051.55
2765.0,-17214.77,-18427.98,-16001.55
2770.0,-17169.48,-18388.96,-15950.00
2775.0,-17129.11,-18352.40,-15905.83
2780.0,-17082.09,-18310.96,-15853.23
2785.0,-17043.74,-18279.69,-15807.78
2790.0,-17002.15,-18246.13,-15758.17
2795.0,-16971.93,-18222.22,-15721.65
2800.0,-16947.67,-18203.29,-15692.05
2805.0,-16912.08,-18173.49,-15650.66
2810.0,-16864.46,-18130.29,-15598.63
2815.0,-16816.97,-18090.37,-15543.58
2820.0,-16771.17,-18051.98,-15490.36
2825.0,-16714.51,-18004.70,-15424.32
2830.0,-16658.37,-17957.86,-15358.88
2835.0,-16601.11,-17910.28,-15291.94
2840.0,-16537.85,-17853.55,-15222.16
2845.0,-16465.93,-17787.87,-15143.99
2850.0,-16399.96,-17728.34,-15071.57
2855.0,-16320.41,-17654.42,-14986.39
2860.0,-16246.80,-17587.46,-14906.14
2865.0,-16164.54,-17512.26,-14816.81
2870.0,-16087.70,-17441.96,-14733.45
2875.0,-16012.55,-17375.39,-14649.71
2880.0,-15935.77,-17307.06,-14564.48
2885.0,-15848.13,-17227.74,-14468.51
2890.0,-15743.68,-17130.32,-14357.04
2895.0,-15637.30,-17030.78,-14243.83
2900.0,-15541.27,-16942.28,-14140.27
2905.0,-15440.33,-16849.02,-14031.63
2910.0,-15348.64,-16767.57,-13929.72
2915.0,-15247.03,-16675.63,-13818.43
2920.0,-15131.84,-16569.76,-13693.93
2925.0,-15021.15,-16469.27,-13573.04
2930.0,-14910.70,-16369.07,-13452.33
2935.0,-14804.05,-16272.61,-13335.50
2940.0,-14699.03,-16180.57,-13217.50
2945.0,-14593.50,-16087.68,-13099.32
2950.0,-14489.18,-15997.06,-12981.31
2955.0,-14363.66,-15883.53,-12843.80
2960.0,-14235.43,-15766.62,-12704.24
2965.0,-14094.13,-15637.72,-12550.54
2970.0,-13949.60,-15504.44,-12394.77
2975.0,-13807.60,-15373.65,-12241.56
2980.0,-13654.23,-15230.20,-12078.26
2985.0,-13495.42,-15080.16,-11910.68
2990.0,-13342.04,-14936.95,-11747.14
2995.0,-13177.99,-14783.11,-11572.88
3000.0,-13015.96,-14631.85,-11400.06
3005.0,-12849.19,-14477.91,-11220.48
3010.0,-12679.71,-14319.82,-11039.61
3015.0,-12513.46,-14163.65,-10863.28
3020.0,-12341.78,-14002.64,-10680.93
3025.0,-12175.53,-13848.67,-10502.39
3030.0,-12006.05,-13690.66,-10321.44
3035.0,-11831.14,-13526.61,-10135.68
3040.0,-11640.73,-13345.70,-9935.76
3045.0,-11445.40,-13159.73,-9731.07
3050.0,-11255.51,-12980.58,-9530.43
3055.0,-11062.11,-12797.07,-9327.14
3060.0,-10861.07,-12604.66,-9117.49
3065.0,-10662.76,-12414.20,-8911.32
3070.0,-10459.01,-12218.81,-8699.22
3075.0,-10247.12,-12014.01,-8480.23
3080.0,-10037.94,-11811.89,-8264.00
3085.0,-9823.34,-11603.98,-8042.70
3090.0,-9608.73,-11396.48,-7820.99
3095.0,-9391.41,-11185.47,-7597.35
3100.0,-9176.80,-10978.28,-7375.33
3105.0,-8964.91,-10774.12,-7155.70
3110.0,-8744.87,-10560.28,-6929.46
3115.0,-8524.84,-10347.40,-6702.28
3120.0,-8304.80,-10134.81,-6474.78
3125.0,-8085.55,-9923.67,-6247.43
3130.0,-7863.59,-9709.56,-6017.61
3135.0,-7633.99,-9486.68,-5781.31
3140.0,-7406.60,-9266.82,-5546.38
3145.0,-7172.99,-9038.69,-5307.29
3150.0,-6939.37,-8810.56,-5068.19
3155.0,-6705.76,-8582.55,-4828.97
3160.0,-6477.58,-8359.94,-4595.22
3165.0,-6249.40,-8137.46,-4361.33
3170.0,-6019.29,-7911.76,-4126.81
3175.0,-5791.10,-7688.55,-3893.65
3180.0,-5559.50,-7461.31,-3657.69
3185.0,-5327.90,-7234.94,-3420.86
3190.0,-5099.02,-7012.37,-3185.66
3195.0,-4867.41,-6787.05,-2947.77
3200.0,-4630.38,-6554.90,-2705.87
3205.0,-4387.92,-6316.61,-2459.23
3210.0,-4142.74,-6075.75,-2209.73
3215.0,-3895.64,-5832.38,-1958.90
3220.0,-3648.54,-5589.07,-1708.00
3225.0,-3406.86,-5352.71,-1461.02
3230.0,-3157.04,-5105.45,-1208.64
3235.0,-2909.15,-4860.98,-957.33
3240.0,-2663.98,-4619.59,-708.36
3245.0,-2416.08,-4374.84,-457.33
3250.0,-2168.19,-4130.13,-206.25
3255.0,-1920.30,-3885.48,44.88
3260.0,-1669.69,-3637.79,298.41
3265.0,-1417.16,-3387.51,553.20
3270.0,-1164.62,-3137.27,808.02
3275.0,-909.37,-2883.24,1064.49
3280.0,-654.12,-2629.22,1320.97
3285.0,-400.80,-2377.87,1576.26
3290.0,-147.48,-2126.54,1831.58
3295.0,105.84,-1875.24,2086.93
3300.0,359.17,-1623.97,2342.30
3305.0,614.42,-1370.05,2598.88
3310.0,869.66,-1116.15,2855.48
3315.0,1124.91,-862.27,3112.10
3320.0,1382.88,-604.85,3370.60
3325.0,1640.84,-347.43,3629.12
3330.0,1898.81,-90.02,3887.63
3335.0,2156.77,167.39,4146.15
3340.0,2414.73,424.79,4404.68
3345.0,2672.70,682.19,4663.21
3350.0,2930.66,939.59,4921.74
3355.0,3188.63,1196.98,5180.27
3360.0,3446.59,1454.37,5438.81
3365.0,3705.26,1712.45,5698.07
3370.0,3963.93,1970.53,5957.33
3375.0,4222.59,2228.60,6216.59
3380.0,4481.26,2486.67,6475.85
3385.0,4739.93,2744.74,6735.11
3390.0,4998.60,3002.81,6994.38
3395.0,5257.26,3260.87,7253.66
3400.0,5515.93,3518.93,7512.93
3405.0,5774.60,3776.99,7772.21
3410.0,6033.27,4035.04,8031.49
3415.0,6291.93,4293.09,8290.77
3420.0,6550.60,4551.14,8550.06
3425.0,6809.27,4809.19,8809.35
3430.0,7067.93,5067.23,9068.64
3435.0,7326.60,5325.27,9327.94
3440.0,7585.27,5583.31,9587.23
3445.0,7843.94,5841.34,9846.54
3450.0,8102.60,6099.37,10105.84
3455.0,8361.27,6357.40,10365.15
3460.0,8619.94,6615.42,10624.46
3465.0,8878.61,6873.44,10883.77
3470.0,9137.27,7131.46,11143.08
3475.0,9395.94,7389.48,11402.40
3480.0,9654.61,7647.49,11661.72
3485.0,9913.28,7905.50,11921.05
3490.0,10171.94,8163.51,12180.38
3495.0,10430.61,8421.51,12439.71
3500.0,10689.28,8679.52,12699.04
3505.0,10947.95,8937.52,12958.38
3510.0,11206.61,9195.51,13217.72
3515.0,11465.28,9453.50,13477.06
3520.0,11723.95,9711.49,13736.40
3525.0,11982.62,9969.48,13995.75
3530.0,12241.28,10227.47,14255.10
3535.0,12499.95,10485.45,14514.45
3540.0,12758.62,10743.43,14773.81
3545.0,13017.29,11001.40,15033.17
3550.0,13275.95,11259.38,15292.53
3555.0,13534.62,11517.35,15551.89
3560.0,13793.29,11775.31,15811.26
3565.0,14051.95,12033.28,16070.63
3570.0,14310.62,12291.24,16330.01
3575.0,14569.29,12549.20,16589.38
3580.0,14827.96,12807.15,16848.76
3585.0,15086.62,13065.11,17108.14
3590.0,15345.29,13323.06,17367.53
3595.0,15603.96,13581.00,17626.91
3600.0,15862.63,13838.95,17886.31
3605.0,16121.29,14096.89,18145.70
3610.0,16379.96,14354.83,18405.09
3615.0,16638.63,14612.76,18664.49
3620.0,16897.30,14870.70,18923.89
3625.0,17155.96,15128.63,19183.30
3630.0,17414.63,15386.56,19442.71
3635.0,17673.30,15644.48,19702.12
3640.0,17931.97,15902.40,19961.53
3645.0,18190.63,16160.32,20220.95
3650.0,18449.30,16418.24,20480.36
3655.0,18707.97,16676.15,20739.78
3660.0,18966.64,16934.06,20999.21
3665.0,19225.30,17191.97,21258.64
3670.0,19483.97,17449.87,21518.07
3675.0,19742.64,17707.78,21777.50
3680.0,20001.30,17965.68,22036.93
3685.0,20259.97,18223.57,22296.37
3690.0,20518.64,18481.47,22555.81
3695.0,20777.31,18739.36,22815.26
3700.0,21035.97,18997.25,23074.70
3705.0,21294.64,19255.13,23334.15
3710.0,21553.31,19513.02,23593.60
3715.0,21811.98,19770.90,23853.06
3720.0,22070.64,20028.77,24112.51
3725.0,22329.31,20286.65,24371.97
3730.0,22587.98,20544.52,24631.44
3735.0,22846.65,20802.39,24890.90
3740.0,23105.31,21060.26,25150.37
3745.0,23363.98,21318.12,25409.84
3750.0,23622.65,21575.98,25669.32
3755.0,23881.32,21833.84,25928.79
3760.0,24139.98,22091.69,26188.27
3765.0,24398.65,22349.55,26447.75
3770.0,24657.32,22607.40,26707.24
3775.0,24915.99,22865.24,26966.73
3780.0,25174.65,23123.09,27226.22
3785.0,25433.32,23380.93,27485.71
3790.0,25691.99,23638.77,27745.21
3795.0,25950.66,23896.61,28004.70
3800.0,26209.32,24154.44,28264.20
3805.0,26467.99,24412.27,28523.71
3810.0,26726.66,24670.10,28783.22
3815.0,26985.32,24927.92,29042.72
3820.0,27243.99,25185.75,29302.24
3825.0,27502.66,25443.57,29561.75
3830.0,27761.33,25701.39,29821.27
3835.0,28019.99,25959.20,30080.79
3840.0,28278.66,26217.01,30340.31
3845.0,28537.33,26474.82,30599.84
3850.0,28796.00,26732.63,30859.36
3855.0,29054.66,26990.43,31118.89
3860.0,29313.33,27248.24,31378.43
3865.0,29572.00,27506.03,31637.96
3870.0,29830.67,27763.83,31897.50
3875.0,30089.33,28021.62,32157.04
3880.0,30348.00,28279.41,32416.59
3885.0,30606.67,28537.20,32676.13
3890.0,30865.34,28794.99,32935.68
3895.0,31124.00,29052.77,33195.23
3900.0,31382.67,29310.55,33454.79
3905.0,31641.34,29568.33,33714.35
3910.0,31900.01,29826.10,33973.91
3915.0,32158.67,30083.88,34233.47
3920.0,32417.34,30341.65,34493.03
3925.0,32676.01,30599.41,34752.60
3930.0,32934.67,30857.18,35012.17
3935.0,33193.34,31114.94,35271.74
3940.0,33452.01,31372.70,35531.32
3945.0,33710.68,31630.46,35790.90
3950.0,33969.34,31888.21,36050.48
3955.0,34228.01,32145.96,36310.06
3960.0,34486.68,32403.71,36569.65
3965.0,34745.35,32661.46,36829.24
3970.0,35004.01,32919.20,37088.83
3975.0,35262.68,33176.94,37348.42
3980.0,35521.35,33434.68,37608.02
3985.0,35780.02,33692.42,37867.62
3990.0,36038.68,33950.15,38127.22
3995.0,36297.35,34207.88,38386.82
4000.0,36556.02,34465.61,38646.43
