episodes,mean,ci_down,ci_up
0.0,12.68,10.68,14.68
5.0,81.00,63.44,98.56
10.0,133.06,107.60,158.52
15.0,217.39,183.65,251.13
20.0,304.11,263.21,345.01
25.0,403.02,352.77,453.27
30.0,509.19,451.44,566.94
35.0,636.80,574.16,699.44
40.0,775.05,709.67,840.43
45.0,920.46,846.10,994.82
50.0,1080.60,1003.03,1158.17
55.0,1249.40,1168.07,1330.73
60.0,1411.32,1329.41,1493.23
65.0,1587.40,1504.47,1670.33
70.0,1765.18,1683.18,1847.18
75.0,1942.30,1858.76,2025.84
80.0,2125.52,2040.46,2210.58
85.0,2314.30,2228.88,2399.72
90.0,2496.11,2406.01,2586.21
95.0,2685.55,2592.92,2778.18
100.0,2875.39,2781.00,2969.78
105.0,3066.55,2971.37,3161.73
110.0,3253.46,3158.15,3348.77
115.0,3447.01,3352.06,3541.96
120.0,3639.66,3544.82,3734.50
125.0,3832.29,3737.30,3927.28
130.0,4023.13,3926.95,4119.31
135.0,4212.63,4114.47,4310.79
140.0,4407.89,4307.90,4507.88
145.0,4604.21,4503.11,4705.31
150.0,4794.98,4693.14,4896.82
155.0,4989.76,4887.72,5091.80
160.0,5185.79,5081.79,5289.79
165.0,5382.01,5277.00,5487.02
170.0,5578.37,5472.73,5684.01
175.0,5774.74,5668.32,5881.16
180.0,5969.23,5861.33,6077.13
185.0,6167.35,6057.80,6276.90
190.0,6362.00,6252.53,6471.47
195.0,6558.38,6447.61,6669.15
200.0,6753.10,6641.25,6864.95
205.0,6945.88,6832.51,7059.25
210.0,7140.64,7025.22,7256.06
215.0,7335.14,7216.95,7453.33
220.0,7535.20,7416.61,7653.79
225.0,7735.26,7616.56,7853.96
230.0,7932.62,7813.49,8051.75
235.0,8132.68,8013.56,8251.80
240.0,8327.23,8207.62,8446.84
245.0,8517.87,8396.45,8639.29
250.0,8716.73,8595.12,8838.34
255.0,8909.19,8786.17,9032.21
260.0,9105.43,8982.38,9228.48
265.0,9295.96,9171.68,9420.24
270.0,9492.30,9367.59,9617.01
275.0,9689.53,9565.10,9813.96
280.0,9881.93,9756.47,10007.39
285.0,10080.12,9953.18,10207.06
290.0,10280.20,10152.66,10407.74
295.0,10478.49,10350.41,10606.57
300.0,10674.82,10546.55,10803.09
305.0,10873.02,10744.80,11001.24
310.0,11073.10,10944.71,11201.49
315.0,11274.21,11145.99,11402.43
320.0,11470.58,11343.46,11597.70
325.0,11666.85,11539.70,11794.00
330.0,11861.35,11733.87,11988.83
335.0,12050.05,11920.99,12179.11
340.0,12246.33,12116.39,12376.27
345.0,12437.24,12306.34,12568.14
350.0,12629.91,12498.40,12761.42
355.0,12824.40,12691.72,12957.08
360.0,13013.34,12879.14,13147.54
365.0,13202.47,13065.89,13339.05
370.0,13391.16,13253.15,13529.17
375.0,13580.00,13439.51,13720.49
380.0,13766.77,13623.50,13910.04
385.0,13963.07,13818.60,14107.54
390.0,14157.59,14011.72,14303.46
395.0,14354.08,14207.38,14500.78
400.0,14550.33,14403.15,14697.51
405.0,14750.44,14602.28,14898.60
410.0,14946.76,14797.75,15095.77
415.0,15141.15,14990.13,15292.17
420.0,15333.87,15180.75,15486.99
425.0,15530.33,15375.70,15684.96
430.0,15723.13,15567.17,15879.09
435.0,15919.68,15763.46,16075.90
440.0,16109.93,15952.81,16267.05
445.0,16302.46,16143.21,16461.71
450.0,16491.20,16329.64,16652.76
455.0,16685.75,16522.65,16848.85
460.0,16874.44,16708.69,17040.19
465.0,17066.99,16898.75,17235.23
470.0,17259.48,17089.68,17429.28
475.0,17448.50,17276.86,17620.14
480.0,17635.45,17464.31,17806.59
485.0,17827.92,17656.86,17998.98
490.0,18013.35,17842.65,18184.05
495.0,18200.39,18030.20,18370.58
500.0,18380.89,18208.12,18553.66
505.0,18566.97,18392.13,18741.81
510.0,18750.57,18572.75,18928.39
515.0,18937.97,18757.87,19118.07
520.0,19121.19,18939.40,19302.98
525.0,19304.45,19118.36,19490.54
530.0,19486.24,19297.04,19675.44
535.0,19661.32,19471.20,19851.44
540.0,19841.80,19650.94,20032.66
545.0,20027.35,19834.25,20220.45
550.0,20212.70,20018.99,20406.41
555.0,20398.47,20204.09,20592.85
560.0,20586.18,20387.96,20784.40
565.0,20775.63,20574.10,20977.16
570.0,20964.73,20759.88,21169.58
575.0,21155.76,20949.77,21361.75
580.0,21339.33,21133.91,21544.75
585.0,21527.63,21321.13,21734.13
590.0,21714.24,21506.34,21922.14
595.0,21899.79,21688.72,22110.86
600.0,22089.50,21876.46,22302.54
605.0,22284.15,22071.18,22497.12
610.0,22482.45,22269.08,22695.82
615.0,22680.79,22467.36,22894.22
620.0,22879.47,22666.34,23092.60
625.0,23076.40,22863.14,23289.66
630.0,23273.41,23059.10,23487.72
635.0,23469.84,23254.59,23685.09
640.0,23664.37,23448.05,23880.69
645.0,23857.54,23640.91,24074.17
650.0,24050.04,23833.34,24266.74
655.0,24248.38,24030.84,24465.92
660.0,24439.71,24221.19,24658.23
665.0,24634.25,24416.51,24851.99
670.0,24821.28,24604.69,25037.87
675.0,25014.14,24798.53,25229.75
680.0,25204.00,24989.13,25418.87
685.0,25394.49,25178.96,25610.02
690.0,25585.89,25369.19,25802.59
695.0,25774.99,25557.78,25992.20
700.0,25964.48,25745.98,26182.98
705.0,26160.09,25941.52,26378.66
710.0,26357.49,26138.71,26576.27
715.0,26552.24,26333.78,26770.70
720.0,26751.11,26533.10,26969.12
725.0,26950.11,26732.42,27167.80
730.0,27143.02,26926.04,27360.00
735.0,27338.68,27121.73,27555.63
740.0,27532.09,27315.18,27749.00
745.0,27722.83,27506.19,27939.47
750.0,27915.33,27699.46,28131.20
755.0,28106.74,27891.47,28322.01
760.0,28298.50,28082.71,28514.29
765.0,28491.89,28276.26,28707.52
770.0,28678.79,28463.42,28894.16
775.0,28866.30,28651.11,29081.49
780.0,29058.32,28842.37,29274.27
785.0,29246.51,29028.90,29464.12
790.0,29434.66,29214.42,29654.90
795.0,29625.46,29402.91,29848.01
800.0,29815.88,29590.53,30041.23
805.0,30008.77,29781.88,30235.66
810.0,30199.02,29970.80,30427.24
815.0,30390.94,30160.98,30620.90
820.0,30586.24,30354.19,30818.29
825.0,30783.06,30549.11,31017.01
830.0,30978.58,30742.96,31214.20
835.0,31173.98,30936.50,31411.46
840.0,31371.61,31132.26,31610.96
845.0,31564.68,31323.23,31806.13
850.0,31761.21,31518.32,32004.10
855.0,31951.09,31706.22,32195.96
860.0,32146.69,31902.43,32390.95
865.0,32343.80,32098.60,32589.00
870.0,32543.93,32298.73,32789.13
875.0,32745.93,32500.73,32991.13
880.0,32944.81,32699.84,33189.78
885.0,33143.37,32898.56,33388.18
890.0,33342.20,33096.51,33587.89
895.0,33538.65,33293.18,33784.12
900.0,33737.07,33490.68,33983.46
905.0,33933.74,33685.64,34181.84
910.0,34129.58,33879.55,34379.61
915.0,34326.79,34075.51,34578.07
920.0,34520.13,34266.98,34773.28
925.0,34714.96,34459.70,34970.22
930.0,34910.43,34654.44,35166.42
935.0,35104.93,34847.35,35362.51
940.0,35301.68,35043.40,35559.96
945.0,35498.75,35239.84,35757.66
950.0,35693.54,35432.94,35954.14
955.0,35888.12,35625.64,36150.60
960.0,36086.80,35824.17,36349.43
965.0,36285.83,36022.73,36548.93
970.0,36482.60,36219.19,36746.01
975.0,36680.14,36416.36,36943.92
980.0,36875.28,36610.45,37140.11
985.0,37068.53,36802.51,37334.55
990.0,37264.24,36996.93,37531.55
995.0,37457.46,37188.47,37726.45
1000.0,37654.96,37385.06,37924.86
1005.0,37850.13,37579.70,38120.56
1010.0,38046.95,37774.59,38319.31
1015.0,38244.67,37971.03,38518.31
1020.0,38441.74,38167.80,38715.68
1025.0,38642.00,38367.55,38916.45
1030.0,38839.51,38564.90,39114.12
1035.0,39039.81,38764.63,39314.99
1040.0,39238.62,38963.02,39514.22
1045.0,39436.02,39159.21,39712.83
1050.0,39634.74,39357.46,39912.02
1055.0,39829.58,39551.56,40107.60
1060.0,40029.72,39751.78,40307.66
1065.0,40231.72,39953.78,40509.66
1070.0,40433.72,40155.78,40711.66
1075.0,40634.20,40356.39,40912.01
1080.0,40832.59,40554.96,41110.22
1085.0,41033.24,40755.62,41310.86
1090.0,41235.24,40957.62,41512.86
1095.0,41437.24,41159.62,41714.86
1100.0,41639.24,41361.62,41916.86
1105.0,41841.24,41563.62,42118.86
1110.0,42043.24,41765.62,42320.86
1115.0,42245.24,41967.62,42522.86
1120.0,42447.24,42169.62,42724.86
1125.0,42647.38,42369.35,42925.41
1130.0,42845.70,42567.52,43123.88
1135.0,43042.39,42764.23,43320.55
1140.0,43242.55,42964.67,43520.43
1145.0,43442.87,43165.16,43720.58
1150.0,43643.30,43365.71,43920.89
1155.0,43841.62,43564.36,44118.88
1160.0,44041.80,43764.59,44319.01
1165.0,44238.81,43961.82,44515.80
1170.0,44435.44,44158.56,44712.32
1175.0,44632.48,44355.59,44909.37
1180.0,44829.48,44552.47,45106.49
1185.0,45028.21,44750.95,45305.47
1190.0,45228.44,44950.98,45505.90
1195.0,45426.91,45149.20,45704.62
1200.0,45625.21,45347.13,45903.29
1205.0,45825.35,45547.16,46103.54
1210.0,46021.83,45743.34,46300.32
1215.0,46220.75,45941.63,46499.87
1220.0,46420.95,46141.82,46700.08
1225.0,46622.95,46343.82,46902.08
1230.0,46824.95,46545.82,47104.08
1235.0,47026.95,46747.82,47306.08
1240.0,47228.95,46949.82,47508.08
1245.0,47430.95,47151.82,47710.08
1250.0,47632.95,47353.82,47912.08
1255.0,47834.95,47555.82,48114.08
1260.0,48035.16,47756.07,48314.25
1265.0,48235.30,47956.21,48514.39
1270.0,48437.30,48158.21,48716.39
1275.0,48639.30,48360.21,48918.39
1280.0,48841.30,48562.21,49120.39
1285.0,49043.30,48764.21,49322.39
1290.0,49245.30,48966.21,49524.39
1295.0,49447.30,49168.21,49726.39
1300.0,49649.30,49370.21,49928.39
1305.0,49851.30,49572.21,50130.39
1310.0,50053.30,49774.21,50332.39
1315.0,50253.48,49974.35,50532.61
1320.0,50450.49,50169.20,50731.78
1325.0,50648.12,50366.07,50930.17
1330.0,50846.88,50563.90,51129.86
1335.0,51045.78,50761.90,51329.66
1340.0,51246.05,50961.94,51530.16
1345.0,51448.05,51163.94,51732.16
1350.0,51650.05,51365.94,51934.16
1355.0,51852.05,51567.94,52136.16
1360.0,52052.19,51768.37,52336.01
1365.0,52252.33,51968.75,52535.91
1370.0,52452.47,52169.08,52735.86
1375.0,52654.47,52371.08,52937.86
1380.0,52856.47,52573.08,53139.86
1385.0,53058.47,52775.08,53341.86
1390.0,53260.47,52977.08,53543.86
1395.0,53462.47,53179.08,53745.86
1400.0,53664.47,53381.08,53947.86
1405.0,53866.47,53583.08,54149.86
1410.0,54068.47,53785.08,54351.86
1415.0,54270.47,53987.08,54553.86
1420.0,54472.47,54189.08,54755.86
1425.0,54674.47,54391.08,54957.86
1430.0,54874.81,54591.15,55158.47
1435.0,55073.40,54789.98,55356.82
1440.0,55273.63,54990.22,55557.04
1445.0,55475.63,55192.22,55759.04
1450.0,55675.84,55391.44,55960.24
1455.0,55877.84,55593.44,56162.24
1460.0,56079.84,55795.44,56364.24
1465.0,56281.84,55997.44,56566.24
1470.0,56483.84,56199.44,56768.24
1475.0,56685.84,56401.44,56970.24
1480.0,56887.84,56603.44,57172.24
1485.0,57089.84,56805.44,57374.24
1490.0,57291.84,57007.44,57576.24
1495.0,57493.84,57209.44,57778.24
1500.0,57695.84,57411.44,57980.24
1505.0,57897.84,57613.44,58182.24
1510.0,58097.99,57813.80,58382.18
1515.0,58299.99,58015.80,58584.18
1520.0,58501.99,58217.80,58786.18
1525.0,58703.99,58419.80,58988.18
1530.0,58904.24,58619.85,59188.63
1535.0,59106.24,58821.85,59390.63
1540.0,59308.24,59023.85,59592.63
1545.0,59510.24,59225.85,59794.63
1550.0,59712.24,59427.85,59996.63
1555.0,59914.24,59629.85,60198.63
1560.0,60116.24,59831.85,60400.63
1565.0,60318.24,60033.85,60602.63
1570.0,60520.24,60235.85,60804.63
1575.0,60722.24,60437.85,61006.63
1580.0,60922.42,60638.18,61206.66
1585.0,61124.42,60840.18,61408.66
1590.0,61324.84,61040.66,61609.02
1595.0,61526.84,61242.66,61811.02
1600.0,61728.84,61444.66,62013.02
1605.0,61929.02,61644.52,62213.52
1610.0,62131.02,61846.52,62415.52
1615.0,62333.02,62048.52,62617.52
1620.0,62535.02,62250.52,62819.52
1625.0,62737.02,62452.52,63021.52
1630.0,62939.02,62654.52,63223.52
1635.0,63141.02,62856.52,63425.52
1640.0,63343.02,63058.52,63627.52
1645.0,63545.02,63260.52,63829.52
1650.0,63747.02,63462.52,64031.52
1655.0,63949.02,63664.52,64233.52
1660.0,64151.02,63866.52,64435.52
1665.0,64353.02,64068.52,64637.52
1670.0,64555.02,64270.52,64839.52
1675.0,64757.02,64472.52,65041.52
1680.0,64959.02,64674.52,65243.52
1685.0,65161.02,64876.52,65445.52
1690.0,65363.02,65078.52,65647.52
1695.0,65565.02,65280.52,65849.52
1700.0,65767.02,65482.52,66051.52
1705.0,65969.02,65684.52,66253.52
1710.0,66171.02,65886.52,66455.52
1715.0,66373.02,66088.52,66657.52
1720.0,66575.02,66290.52,66859.52
1725.0,66777.02,66492.52,67061.52
1730.0,66979.02,66694.52,67263.52
1735.0,67179.20,66894.59,67463.81
1740.0,67381.20,67096.59,67665.81
1745.0,67583.20,67298.59,67867.81
1750.0,67785.20,67500.59,68069.81
1755.0,67987.20,67702.59,68271.81
1760.0,68189.20,67904.59,68473.81
1765.0,68391.20,68106.59,68675.81
1770.0,68593.20,68308.59,68877.81
1775.0,68795.20,68510.59,69079.81
1780.0,68997.20,68712.59,69281.81
1785.0,69199.20,68914.59,69483.81
1790.0,69401.20,69116.59,69685.81
1795.0,69603.20,69318.59,69887.81
1800.0,69805.20,69520.59,70089.81
1805.0,70007.20,69722.59,70291.81
1810.0,70209.20,69924.59,70493.81
1815.0,70411.20,70126.59,70695.81
1820.0,70613.20,70328.59,70897.81
1825.0,70815.20,70530.59,71099.81
1830.0,71017.20,70732.59,71301.81
1835.0,71219.20,70934.59,71503.81
1840.0,71421.20,71136.59,71705.81
1845.0,71621.38,71336.47,71906.29
1850.0,71823.38,71538.47,72108.29
1855.0,72025.38,71740.47,72310.29
1860.0,72227.38,71942.47,72512.29
1865.0,72429.38,72144.47,72714.29
1870.0,72631.38,72346.47,72916.29
1875.0,72833.38,72548.47,73118.29
1880.0,73035.38,72750.47,73320.29
1885.0,73237.38,72952.47,73522.29
1890.0,73439.38,73154.47,73724.29
1895.0,73641.38,73356.47,73926.29
1900.0,73843.38,73558.47,74128.29
1905.0,74045.38,73760.47,74330.29
1910.0,74245.58,73960.53,74530.63
1915.0,74445.78,74160.54,74731.02
1920.0,74645.98,74360.51,74931.45
1925.0,74844.36,74558.96,75129.76
1930.0,75042.74,74757.31,75328.17
1935.0,75242.94,74957.15,75528.73
1940.0,75443.14,75156.95,75729.33
1945.0,75643.34,75356.71,75929.97
1950.0,75843.54,75556.42,76130.66
1955.0,76043.74,75756.09,76331.39
1960.0,76243.94,75955.72,76532.16
1965.0,76445.94,76157.72,76734.16
1970.0,76647.94,76359.72,76936.16
1975.0,76849.94,76561.72,77138.16
1980.0,77051.94,76763.72,77340.16
1985.0,77253.94,76965.72,77542.16
1990.0,77454.12,77166.00,77742.24
1995.0,77654.30,77366.25,77942.35
2000.0,77856.30,77568.25,78144.35
2005.0,78058.30,77770.25,78346.35
2010.0,78260.30,77972.25,78548.35
2015.0,78462.30,78174.25,78750.35
2020.0,78664.30,78376.25,78952.35
2025.0,78866.30,78578.25,79154.35
2030.0,79068.30,78780.25,79356.35
2035.0,79270.30,78982.25,79558.35
2040.0,79472.30,79184.25,79760.35
2045.0,79672.48,79384.27,79960.69
2050.0,79872.66,79584.26,80161.06
2055.0,80074.66,79786.26,80363.06
2060.0,80274.84,79986.24,80563.44
2065.0,80476.84,80188.24,80765.44
2070.0,80678.84,80390.24,80967.44
2075.0,80880.84,80592.24,81169.44
2080.0,81081.02,80791.51,81370.53
2085.0,81283.02,80993.51,81572.53
2090.0,81483.20,81192.75,81773.65
2095.0,81683.40,81393.06,81973.74
2100.0,81885.40,81595.06,82175.74
2105.0,82087.40,81797.06,82377.74
2110.0,82289.40,81999.06,82579.74
2115.0,82491.40,82201.06,82781.74
2120.0,82693.40,82403.06,82983.74
2125.0,82895.40,82605.06,83185.74
2130.0,83097.40,82807.06,83387.74
2135.0,83295.76,83005.05,83586.47
2140.0,83495.94,83205.30,83786.58
2145.0,83694.30,83404.10,83984.50
2150.0,83892.66,83602.82,84182.50
2155.0,84092.84,83802.94,84382.74
2160.0,84291.20,84001.58,84580.82
2165.0,84489.56,84200.13,84778.99
2170.0,84687.92,84398.60,84977.24
2175.0,84888.10,84598.54,85177.66
2180.0,85090.10,84800.54,85379.66
2185.0,85292.10,85002.54,85581.66
2190.0,85494.10,85204.54,85783.66
2195.0,85690.66,85400.54,85980.78
2200.0,85889.02,85598.15,86179.89
2205.0,86087.38,85795.68,86379.08
2210.0,86285.74,85993.12,86578.36
2215.0,86484.10,86190.48,86777.72
2220.0,86682.46,86387.76,86977.16
2225.0,86879.00,86582.72,87175.28
2230.0,87075.56,86778.21,87372.91
2235.0,87268.48,86969.23,87567.73
2240.0,87466.84,87167.95,87765.73
2245.0,87668.84,87369.95,87967.73
2250.0,87867.24,87568.82,88165.66
2255.0,88067.48,87768.15,88366.81
2260.0,88267.72,87967.45,88567.99
2265.0,88466.12,88164.77,88767.47
2270.0,88666.34,88363.96,88968.72
2275.0,88868.34,88565.96,89170.72
2280.0,89068.52,88766.17,89370.87
2285.0,89265.12,88962.52,89567.72
2290.0,89463.48,89161.28,89765.68
2295.0,89661.84,89359.57,89964.11
2300.0,89862.02,89560.11,90163.93
2305.0,90064.02,89762.11,90365.93
2310.0,90266.02,89964.11,90567.93
2315.0,90468.02,90166.11,90769.93
2320.0,90670.02,90368.11,90971.93
2325.0,90872.02,90570.11,91173.93
2330.0,91074.02,90772.11,91375.93
2335.0,91276.02,90974.11,91577.93
2340.0,91478.02,91176.11,91779.93
2345.0,91680.02,91378.11,91981.93
2350.0,91878.38,91575.98,92180.78
2355.0,92076.74,91774.61,92378.87
2360.0,92273.28,91970.66,92575.90
2365.0,92469.84,92166.34,92773.34
2370.0,92670.02,92366.50,92973.54
2375.0,92870.20,92567.04,93173.36
2380.0,93072.20,92769.04,93375.36
2385.0,93274.20,92971.04,93577.36
2390.0,93472.56,93168.92,93776.20
2395.0,93672.74,93369.03,93976.45
2400.0,93872.92,93569.31,94176.53
2405.0,94073.10,93769.63,94376.57
2410.0,94273.30,93970.01,94576.59
2415.0,94471.68,94168.80,94774.56
2420.0,94668.26,94365.72,94970.80
2425.0,94863.00,94561.12,95164.88
2430.0,95057.74,94756.08,95359.40
2435.0,95252.48,94951.44,95553.52
2440.0,95439.96,95140.86,95739.06
2445.0,95629.26,95331.82,95926.70
2450.0,95820.40,95524.28,96116.52
2455.0,96018.78,95723.02,96314.54
2460.0,96220.78,95925.02,96516.54
2465.0,96422.78,96127.02,96718.54
2470.0,96624.78,96329.02,96920.54
2475.0,96823.14,96526.15,97120.13
2480.0,97019.72,96721.36,97318.08
2485.0,97216.26,96916.77,97515.75
2490.0,97414.62,97115.14,97714.10
2495.0,97611.16,97311.80,97910.52
2500.0,97809.52,97510.30,98108.74
2505.0,98006.06,97706.81,98305.31
2510.0,98204.42,97905.15,98503.69
2515.0,98400.96,98101.98,98699.94
2520.0,98593.86,98296.16,98891.56
2525.0,98790.42,98493.03,99087.81
2530.0,98988.78,98692.09,99285.47
2535.0,99188.96,98892.50,99485.42
2540.0,99387.36,99090.86,99683.86
2545.0,99587.54,99289.72,99885.36
2550.0,99782.26,99483.02,100081.50
2555.0,99978.80,99678.59,100279.01
2560.0,100169.94,99868.62,100471.26
2565.0,100364.66,100062.42,100666.90
2570.0,100561.20,100259.41,100862.99
2575.0,100757.78,100456.24,101059.32
2580.0,100954.34,100652.14,101256.54
2585.0,101150.90,100848.31,101453.49
2590.0,101349.26,101046.20,101652.32
2595.0,101544.02,101240.22,101847.82
2600.0,101740.58,101435.80,102045.36
2605.0,101938.96,101633.44,102244.48
2610.0,102135.52,101829.36,102441.68
2615.0,102332.08,102025.16,102639.00
2620.0,102525.00,102216.70,102833.30
2625.0,102716.12,102407.32,103024.92
2630.0,102903.60,102594.55,103212.65
2635.0,103091.12,102780.34,103401.90
2640.0,103282.22,102969.68,103594.76
2645.0,103471.52,103157.43,103785.61
2650.0,103657.18,103341.10,103973.26
2655.0,103844.64,103526.76,104162.52
2660.0,104033.92,103713.39,104354.45
2665.0,104221.38,103898.05,104544.71
2670.0,104408.84,104082.46,104735.22
2675.0,104599.94,104271.03,104928.85
2680.0,104789.26,104457.40,105121.12
2685.0,104976.74,104642.18,105311.30
2690.0,105155.08,104818.65,105491.51
2695.0,105333.42,104994.73,105672.11
2700.0,105511.84,105170.22,105853.46
2705.0,105682.90,105338.20,106027.60
2710.0,105859.44,105511.55,106207.33
2715.0,106034.18,105682.89,106385.47
2720.0,106208.94,105853.05,106564.83
2725.0,106381.92,106022.13,106741.71
2730.0,106554.88,106190.13,106919.63
2735.0,106726.00,106355.37,107096.63
2740.0,106895.30,106519.96,107270.64
2745.0,107066.44,106684.64,107448.24
2750.0,107233.90,106845.23,107622.57
2755.0,107397.72,107001.74,107793.70
2760.0,107561.54,107158.41,107964.67
2765.0,107725.38,107316.34,108134.42
2770.0,107889.20,107474.30,108304.10
2775.0,108056.64,107636.22,108477.06
2780.0,108220.42,107796.27,108644.57
2785.0,108389.68,107961.57,108817.79
2790.0,108557.10,108124.30,108989.90
2795.0,108731.82,108293.58,109170.06
2800.0,108910.20,108467.07,109353.33
2805.0,109079.54,108630.59,109528.49
2810.0,109239.86,108784.75,109694.97
2815.0,109401.88,108940.35,109863.41
2820.0,109565.68,109097.34,110034.02
2825.0,109722.20,109247.47,110196.93
2830.0,109878.74,109397.11,110360.37
2835.0,110033.50,109543.90,110523.10
2840.0,110184.62,109686.26,110682.98
2845.0,110330.26,109822.37,110838.15
2850.0,110479.56,109961.62,110997.50
2855.0,110619.76,110092.27,111147.25
2860.0,110763.62,110227.19,111300.05
2865.0,110902.00,110355.89,111448.11
2870.0,111044.02,110487.75,111600.29
2875.0,111187.82,110621.56,111754.08
2880.0,111329.82,110753.90,111905.74
2885.0,111464.54,110879.03,112050.05
2890.0,111588.32,110992.95,112183.69
2895.0,111710.28,111104.75,112315.81
2900.0,111839.50,111224.20,112454.80
2905.0,111965.10,111340.46,112589.74
2910.0,112097.94,111464.28,112731.60
2915.0,112223.54,111580.68,112866.40
2920.0,112340.04,111688.17,112991.91
2925.0,112460.14,111798.90,113121.38
2930.0,112580.28,111908.60,113251.96
2935.0,112702.26,112020.26,113384.26
2940.0,112826.04,112133.68,113518.40
2945.0,112949.80,112245.90,113653.70
2950.0,113073.58,112358.40,113788.76
2955.0,113182.82,112456.87,113908.77
2960.0,113290.24,112553.32,114027.16
2965.0,113388.58,112642.16,114135.00
2970.0,113485.08,112728.99,114241.17
2975.0,113583.42,112816.92,114349.92
2980.0,113674.46,112897.97,114450.95
2985.0,113761.86,112975.80,114547.92
2990.0,113852.90,113056.47,114649.33
2995.0,113936.64,113130.88,114742.40
3000.0,114022.20,113206.87,114837.53
3005.0,114104.12,113279.85,114928.39
3010.0,114184.22,113350.82,115017.62
3015.0,114266.16,113423.08,115109.24
3020.0,114344.46,113492.40,115196.52
3025.0,114426.40,113564.62,115288.18
3030.0,114506.50,113634.84,115378.16
3035.0,114582.96,113701.63,115464.29
3040.0,114648.50,113758.96,115538.04
3045.0,114710.42,113813.32,115607.52
3050.0,114775.98,113870.99,115680.97
3055.0,114839.72,113927.14,115752.30
3060.0,114898.02,113978.37,115817.67
3065.0,114958.14,114030.70,115885.58
3070.0,115014.62,114080.63,115948.61
3075.0,115065.64,114125.78,116005.50
3080.0,115118.48,114172.55,116064.41
3085.0,115167.68,114216.44,116118.92
3090.0,115216.88,114260.05,116173.71
3095.0,115264.26,114301.92,116226.60
3100.0,115313.46,114345.15,116281.77
3105.0,115364.48,114389.88,116339.08
3110.0,115410.04,114430.58,116389.50
3115.0,115455.60,114471.01,116440.19
3120.0,115501.16,114511.17,116491.15
3125.0,115546.72,114551.26,116542.18
3130.0,115590.46,114589.63,116591.29
3135.0,115628.76,114623.94,116633.58
3140.0,115668.86,114659.59,116678.13
3145.0,115705.32,114692.22,116718.42
3150.0,115741.78,114724.78,116758.78
3155.0,115778.24,114757.26,116799.22
3160.0,115818.34,114792.47,116844.21
3165.0,115858.44,114827.58,116889.30
3170.0,115896.72,114861.47,116931.97
3175.0,115936.82,114896.54,116977.10
3180.0,115975.10,114930.14,117020.06
3185.0,116013.38,114963.58,117063.18
3190.0,116053.48,114998.38,117108.58
3195.0,116091.76,115031.64,117151.88
3200.0,116126.40,115062.19,117190.61
3205.0,116157.40,115090.07,117224.73
3210.0,116186.58,115116.61,117256.55
3215.0,116213.94,115141.76,117286.12
3220.0,116241.30,115166.87,117315.73
3225.0,116272.30,115194.53,117350.07
3230.0,116297.84,115218.24,117377.44
3235.0,116325.20,115243.22,117407.18
3240.0,116354.38,115269.27,117439.49
3245.0,116381.74,115294.10,117469.38
3250.0,116409.10,115318.90,117499.30
3255.0,116436.46,115343.65,117529.27
3260.0,116462.00,115367.30,117556.70
3265.0,116485.72,115389.63,117581.81
3270.0,116509.44,115411.94,117606.94
3275.0,116531.34,115432.98,117629.70
3280.0,116553.24,115454.02,117652.46
3285.0,116576.96,115476.33,117677.59
3290.0,116600.68,115498.61,117702.75
3295.0,116624.40,115520.88,117727.92
3300.0,116648.12,115543.12,117753.12
3305.0,116670.02,115564.11,117775.93
3310.0,116691.92,115585.08,117798.76
3315.0,116713.82,115606.04,117821.60
3320.0,116733.90,115626.12,117841.68
3325.0,116753.98,115646.20,117861.76
3330.0,116774.06,115666.27,117881.85
3335.0,116794.14,115686.35,117901.93
3340.0,116814.22,115706.43,117922.01
3345.0,116834.30,115726.51,117942.09
3350.0,116854.38,115746.59,117962.17
3355.0,116874.46,115766.66,117982.26
3360.0,116894.54,115786.74,118002.34
3365.0,116914.62,115806.82,118022.42
3370.0,116934.70,115826.90,118042.50
3375.0,116954.78,115846.97,118062.59
3380.0,116974.86,115867.05,118082.67
3385.0,116994.94,115887.13,118102.75
3390.0,117015.02,115907.21,118122.83
3395.0,117035.10,115927.28,118142.92
3400.0,117055.18,115947.36,118163.00
3405.0,117075.26,115967.44,118183.08
3410.0,117095.34,115987.52,118203.16
3415.0,117115.42,116007.59,118223.25
3420.0,117135.50,116027.67,118243.33
3425.0,117155.58,116047.75,118263.41
3430.0,117175.66,116067.83,118283.49
3435.0,117195.74,116087.91,118303.57
3440.0,117215.82,116107.98,118323.66
3445.0,117235.90,116128.06,118343.74
3450.0,117255.98,116148.14,118363.82
3455.0,117276.06,116168.22,118383.90
3460.0,117296.14,116188.29,118403.99
3465.0,117316.22,116208.37,118424.07
3470.0,117336.30,116228.45,118444.15
3475.0,117356.38,116248.53,118464.23
3480.0,117376.46,116268.60,118484.32
3485.0,117396.54,116288.68,118504.40
3490.0,117416.62,116308.76,118524.48
3495.0,117436.70,116328.84,118544.56
3500.0,117456.78,116348.91,118564.65
3505.0,117476.86,116368.99,118584.73
3510.0,117496.94,116389.07,118604.81
3515.0,117517.02,116409.15,118624.89
3520.0,117537.10,116429.22,118644.98
3525.0,117557.18,116449.30,118665.06
3530.0,117577.26,116469.38,118685.14
3535.0,117597.34,116489.46,118705.22
3540.0,117617.42,116509.53,118725.31
3545.0,117637.50,116529.61,118745.39
3550.0,117657.58,116549.69,118765.47
3555.0,117677.66,116569.77,118785.55
3560.0,117697.74,116589.84,118805.64
3565.0,117717.82,116609.92,118825.72
3570.0,117737.90,116630.00,118845.80
3575.0,117757.98,116650.08,118865.88
3580.0,117778.06,116670.15,118885.97
3585.0,117798.14,116690.23,118906.05
3590.0,117818.22,116710.31,118926.13
3595.0,117838.30,116730.39,118946.21
3600.0,117858.38,116750.46,118966.30
3605.0,117878.46,116770.54,118986.38
3610.0,117898.54,116790.62,119006.46
3615.0,117918.62,116810.70,119026.54
3620.0,117938.70,116830.77,119046.63
3625.0,117958.78,116850.85,119066.71
3630.0,117978.86,116870.93,119086.79
3635.0,117998.94,116891.01,119106.87
3640.0,118019.02,116911.08,119126.96
3645.0,118039.10,116931.16,119147.04
3650.0,118059.18,116951.24,119167.12
3655.0,118079.26,116971.32,119187.20
3660.0,118099.34,116991.39,119207.29
3665.0,118119.42,117011.47,119227.37
3670.0,118139.50,117031.55,119247.45
3675.0,118159.58,117051.63,119267.53
3680.0,118179.66,117071.70,119287.62
3685.0,118199.74,117091.78,119307.70
3690.0,118219.82,117111.86,119327.78
3695.0,118239.90,117131.93,119347.87
3700.0,118259.98,117152.01,119367.95
3705.0,118280.06,117172.09,119388.03
3710.0,118300.14,117192.17,119408.11
3715.0,118320.22,117212.24,119428.20
3720.0,118340.30,117232.32,119448.28
3725.0,118360.38,117252.40,119468.36
3730.0,118380.46,117272.48,119488.44
3735.0,118400.54,117292.55,119508.53
3740.0,118420.62,117312.63,119528.61
3745.0,118440.70,117332.71,119548.69
3750.0,118460.78,117352.79,119568.77
3755.0,118480.86,117372.86,119588.86
3760.0,118500.94,117392.94,119608.94
3765.0,118521.02,117413.02,119629.02
3770.0,118541.10,117433.09,119649.11
3775.0,118561.18,117453.17,119669.19
3780.0,118581.26,117473.25,119689.27
3785.0,118601.34,117493.33,119709.35
3790.0,118621.42,117513.40,119729.44
3795.0,118641.50,117533.48,119749.52
3800.0,118661.58,117553.56,119769.60
3805.0,118681.66,117573.63,119789.69
3810.0,118701.74,117593.71,119809.77
3815.0,118721.82,117613.79,119829.85
3820.0,118741.90,117633.87,119849.93
3825.0,118761.98,117653.94,119870.02
3830.0,118782.06,117674.02,119890.10
3835.0,118802.14,117694.10,119910.18
3840.0,118822.22,117714.18,119930.26
3845.0,118842.30,117734.25,119950.35
3850.0,118862.38,117754.33,119970.43
3855.0,118882.46,117774.41,119990.51
3860.0,118902.54,117794.48,120010.60
3865.0,118922.62,117814.56,120030.68
3870.0,118942.70,117834.64,120050.76
3875.0,118962.78,117854.72,120070.84
3880.0,118982.86,117874.79,120090.93
3885.0,119002.94,117894.87,120111.01
3890.0,119023.02,117914.95,120131.09
3895.0,119043.10,117935.02,120151.18
3900.0,119063.18,117955.10,120171.26
3905.0,119083.26,117975.18,120191.34
3910.0,119103.34,117995.26,120211.42
3915.0,119123.42,118015.33,120231.51
3920.0,119143.50,118035.41,120251.59
3925.0,119163.58,118055.49,120271.67
3930.0,119183.66,118075.56,120291.76
3935.0,119203.74,118095.64,120311.84
3940.0,119223.82,118115.72,120331.92
3945.0,119243.90,118135.80,120352.00
3950.0,119263.98,118155.87,120372.09
3955.0,119284.06,118175.95,120392.17
3960.0,119304.14,118196.03,120412.25
3965.0,119324.22,118216.10,120432.34
3970.0,119344.30,118236.18,120452.42
3975.0,119364.38,118256.26,120472.50
3980.0,119384.46,118276.33,120492.59
3985.0,119404.54,118296.41,120512.67
3990.0,119424.62,118316.49,120532.75
3995.0,119444.70,118336.57,120552.83
4000.0,119464.78,118356.64,120572.92
