episodes,mean,ci_down,ci_up
0.0,12.68,10.68,14.68
5.0,68.32,50.97,85.67
10.0,52.06,37.03,67.09
15.0,84.33,66.08,102.58
20.0,86.72,68.38,105.06
25.0,98.91,80.39,117.43
30.0,106.17,87.56,124.78
35.0,127.61,109.47,145.75
40.0,138.25,121.02,155.48
45.0,145.41,128.31,162.51
50.0,160.14,144.94,175.34
55.0,168.80,155.03,182.57
60.0,161.92,146.99,176.85
65.0,176.08,163.76,188.40
70.0,177.78,165.39,190.17
75.0,177.12,164.89,189.35
80.0,183.22,172.08,194.36
85.0,188.78,179.27,198.29
90.0,181.81,170.49,193.13
95.0,189.44,180.37,198.51
100.0,189.84,181.05,198.63
105.0,191.16,182.67,199.65
110.0,186.91,177.36,196.46
115.0,193.55,186.11,200.99
120.0,192.65,184.61,200.69
125.0,192.63,184.57,200.69
130.0,190.84,182.12,199.56
135.0,189.50,180.47,198.53
140.0,195.26,188.70,201.82
145.0,196.32,189.95,202.69
150.0,190.77,181.99,199.55
155.0,194.78,187.78,201.78
160.0,196.03,189.56,202.50
165.0,196.22,189.74,202.70
170.0,196.36,190.03,202.69
175.0,196.37,190.05,202.69
180.0,194.49,187.22,201.76
185.0,198.12,192.76,203.48
190.0,194.65,187.54,201.76
195.0,196.38,190.07,202.69
200.0,194.72,187.67,201.77
205.0,192.78,184.84,200.72
210.0,194.76,187.75,201.77
215.0,194.50,187.25,201.75
220.0,200.06,196.25,203.87
225.0,200.06,196.25,203.87
230.0,197.36,192.04,202.68
235.0,200.06,196.25,203.87
240.0,194.55,187.34,201.76
245.0,190.64,181.77,199.51
250.0,198.86,194.43,203.29
255.0,192.46,184.26,200.66
260.0,196.24,189.78,202.70
265.0,190.53,181.57,199.49
270.0,196.34,189.99,202.69
275.0,197.23,191.67,202.79
280.0,192.40,184.14,200.66
285.0,198.19,192.93,203.45
290.0,200.08,196.31,203.85
295.0,198.29,193.17,203.41
300.0,196.33,189.97,202.69
305.0,198.20,192.95,203.45
310.0,200.08,196.31,203.85
315.0,201.11,199.36,202.86
320.0,196.37,190.05,202.69
325.0,196.27,189.84,202.70
330.0,194.50,187.25,201.75
335.0,188.70,179.14,198.26
340.0,196.28,189.86,202.70
345.0,190.91,182.24,199.58
350.0,192.67,184.64,200.70
355.0,194.49,187.23,201.75
360.0,188.94,179.55,198.33
365.0,189.13,179.86,198.40
370.0,188.69,179.12,198.26
375.0,188.84,179.38,198.30
380.0,186.77,176.58,196.96
385.0,196.30,189.91,202.69
390.0,194.52,187.29,201.75
395.0,196.49,190.30,202.68
400.0,196.25,189.80,202.70
405.0,200.11,196.40,203.82
410.0,196.32,189.95,202.69
415.0,194.39,187.03,201.75
420.0,192.72,184.74,200.70
425.0,196.46,190.24,202.68
430.0,192.80,184.87,200.73
435.0,196.55,190.43,202.67
440.0,190.25,181.58,198.92
445.0,192.53,184.39,200.67
450.0,188.74,179.20,198.28
455.0,194.55,187.34,201.76
460.0,188.69,179.12,198.26
465.0,192.55,184.42,200.68
470.0,192.49,184.31,200.67
475.0,189.02,179.68,198.36
480.0,186.95,176.88,197.02
485.0,192.47,184.27,200.67
490.0,185.43,175.01,195.85
495.0,187.04,177.03,197.05
500.0,180.50,168.99,192.01
505.0,186.08,175.99,196.17
510.0,183.60,172.69,194.51
515.0,187.40,177.62,197.18
520.0,183.22,172.10,194.34
525.0,183.26,172.17,194.35
530.0,181.79,170.44,193.14
535.0,175.08,162.30,187.86
540.0,180.48,168.86,192.10
545.0,185.55,175.21,195.89
550.0,185.35,174.90,195.80
555.0,185.77,175.57,195.97
560.0,187.71,178.12,197.30
565.0,189.45,180.37,198.53
570.0,189.10,179.82,198.38
575.0,191.03,182.43,199.63
580.0,183.57,172.64,194.50
585.0,188.30,179.06,197.54
590.0,186.61,176.84,196.38
595.0,185.55,175.20,195.90
600.0,189.71,180.85,198.57
605.0,194.65,187.53,201.77
610.0,198.30,193.19,203.41
615.0,198.34,193.28,203.40
620.0,198.68,194.09,203.27
625.0,196.93,191.23,202.63
630.0,197.01,191.37,202.65
635.0,196.43,190.18,202.68
640.0,194.53,187.31,201.75
645.0,193.17,185.56,200.78
650.0,192.50,184.96,200.04
655.0,198.34,193.28,203.40
660.0,191.33,182.99,199.67
665.0,194.54,187.33,201.75
670.0,187.03,177.49,196.57
675.0,192.86,185.00,200.72
680.0,189.86,181.04,198.68
685.0,190.49,182.06,198.92
690.0,191.40,183.09,199.71
695.0,189.10,179.81,198.39
700.0,189.49,180.46,198.52
705.0,195.61,189.35,201.87
710.0,197.40,192.04,202.76
715.0,194.75,188.28,201.22
720.0,198.87,194.48,203.26
725.0,199.00,194.85,203.15
730.0,192.91,185.08,200.74
735.0,195.66,189.36,201.96
740.0,193.41,185.93,200.89
745.0,190.74,182.43,199.05
750.0,192.50,184.98,200.02
755.0,191.41,183.13,199.69
760.0,191.76,183.73,199.79
765.0,193.39,186.26,200.52
770.0,186.90,177.32,196.48
775.0,187.51,177.80,197.22
780.0,192.02,184.20,199.84
785.0,188.19,178.91,197.47
790.0,188.15,178.84,197.46
795.0,190.80,182.68,198.92
800.0,190.42,182.01,198.83
805.0,192.89,185.59,200.19
810.0,190.25,181.72,198.78
815.0,191.92,184.35,199.49
820.0,195.30,188.80,201.80
825.0,196.82,191.00,202.64
830.0,195.52,189.14,201.90
835.0,195.40,188.84,201.96
840.0,197.63,192.61,202.65
845.0,193.07,185.38,200.76
850.0,196.53,191.12,201.94
855.0,189.88,181.12,198.64
860.0,195.60,189.20,202.00
865.0,197.11,191.61,202.61
870.0,200.13,196.46,203.80
875.0,202.00,202.00,202.00
880.0,198.88,194.55,203.21
885.0,198.56,193.81,203.31
890.0,198.83,194.44,203.22
895.0,196.45,190.22,202.68
900.0,198.42,193.47,203.37
905.0,196.67,190.68,202.66
910.0,195.84,189.85,201.83
915.0,197.21,191.79,202.63
920.0,193.34,186.43,200.25
925.0,194.83,187.90,201.76
930.0,195.47,189.08,201.86
935.0,194.50,187.54,201.46
940.0,196.75,190.85,202.65
945.0,197.07,191.48,202.66
950.0,194.79,187.82,201.76
955.0,194.58,187.41,201.75
960.0,198.68,194.09,203.27
965.0,199.03,195.06,203.00
970.0,196.77,190.90,202.64
975.0,197.54,192.40,202.68
980.0,195.14,188.50,201.78
985.0,193.25,185.72,200.78
990.0,195.71,189.40,202.02
995.0,193.22,185.66,200.78
1000.0,197.50,192.32,202.68
1005.0,195.17,188.54,201.80
1010.0,196.82,190.99,202.65
1015.0,197.72,192.71,202.73
1020.0,197.07,191.49,202.65
1025.0,200.26,196.84,203.68
1030.0,197.51,192.38,202.64
1035.0,200.30,196.96,203.64
1040.0,198.81,194.34,203.28
1045.0,197.40,192.19,202.61
1050.0,198.72,194.17,203.27
1055.0,194.84,187.92,201.76
1060.0,200.14,196.49,203.79
1065.0,202.00,202.00,202.00
1070.0,202.00,202.00,202.00
1075.0,200.48,197.50,203.46
1080.0,198.39,193.40,203.38
1085.0,200.65,198.00,203.30
1090.0,202.00,202.00,202.00
1095.0,202.00,202.00,202.00
1100.0,202.00,202.00,202.00
1105.0,202.00,202.00,202.00
1110.0,202.00,202.00,202.00
1115.0,202.00,202.00,202.00
1120.0,202.00,202.00,202.00
1125.0,200.14,196.49,203.79
1130.0,198.32,193.24,203.40
1135.0,196.69,190.72,202.66
1140.0,200.16,196.55,203.77
1145.0,200.32,197.02,203.62
1150.0,200.43,197.35,203.51
1155.0,198.32,193.24,203.40
1160.0,200.18,196.61,203.75
1165.0,197.01,191.40,202.62
1170.0,196.63,190.60,202.66
1175.0,197.04,191.44,202.64
1180.0,197.00,191.34,202.66
1185.0,198.73,194.19,203.27
1190.0,200.23,196.76,203.70
1195.0,198.47,193.59,203.35
1200.0,198.30,193.19,203.41
1205.0,200.14,196.49,203.79
1210.0,196.48,190.29,202.67
1215.0,198.92,194.64,203.20
1220.0,200.20,196.67,203.73
1225.0,202.00,202.00,202.00
1230.0,202.00,202.00,202.00
1235.0,202.00,202.00,202.00
1240.0,202.00,202.00,202.00
1245.0,202.00,202.00,202.00
1250.0,202.00,202.00,202.00
1255.0,202.00,202.00,202.00
1260.0,200.21,196.70,203.72
1265.0,200.14,196.49,203.79
1270.0,202.00,202.00,202.00
1275.0,202.00,202.00,202.00
1280.0,202.00,202.00,202.00
1285.0,202.00,202.00,202.00
1290.0,202.00,202.00,202.00
1295.0,202.00,202.00,202.00
1300.0,202.00,202.00,202.00
1305.0,202.00,202.00,202.00
1310.0,202.00,202.00,202.00
1315.0,200.18,196.61,203.75
1320.0,197.01,191.39,202.63
1325.0,197.63,192.66,202.60
1330.0,198.76,194.28,203.24
1335.0,198.90,194.58,203.22
1340.0,200.27,196.87,203.67
1345.0,202.00,202.00,202.00
1350.0,202.00,202.00,202.00
1355.0,202.00,202.00,202.00
1360.0,200.14,196.49,203.79
1365.0,200.14,196.49,203.79
1370.0,200.14,196.49,203.79
1375.0,202.00,202.00,202.00
1380.0,202.00,202.00,202.00
1385.0,202.00,202.00,202.00
1390.0,202.00,202.00,202.00
1395.0,202.00,202.00,202.00
1400.0,202.00,202.00,202.00
1405.0,202.00,202.00,202.00
1410.0,202.00,202.00,202.00
1415.0,202.00,202.00,202.00
1420.0,202.00,202.00,202.00
1425.0,202.00,202.00,202.00
1430.0,200.34,197.08,203.60
1435.0,198.59,193.88,203.30
1440.0,200.23,196.76,203.70
1445.0,202.00,202.00,202.00
1450.0,200.21,196.70,203.72
1455.0,202.00,202.00,202.00
1460.0,202.00,202.00,202.00
1465.0,202.00,202.00,202.00
1470.0,202.00,202.00,202.00
1475.0,202.00,202.00,202.00
1480.0,202.00,202.00,202.00
1485.0,202.00,202.00,202.00
1490.0,202.00,202.00,202.00
1495.0,202.00,202.00,202.00
1500.0,202.00,202.00,202.00
1505.0,202.00,202.00,202.00
1510.0,200.15,196.52,203.78
1515.0,202.00,202.00,202.00
1520.0,202.00,202.00,202.00
1525.0,202.00,202.00,202.00
1530.0,200.25,196.81,203.69
1535.0,202.00,202.00,202.00
1540.0,202.00,202.00,202.00
1545.0,202.00,202.00,202.00
1550.0,202.00,202.00,202.00
1555.0,202.00,202.00,202.00
1560.0,202.00,202.00,202.00
1565.0,202.00,202.00,202.00
1570.0,202.00,202.00,202.00
1575.0,202.00,202.00,202.00
1580.0,200.18,196.61,203.75
1585.0,202.00,202.00,202.00
1590.0,200.42,197.32,203.52
1595.0,202.00,202.00,202.00
1600.0,202.00,202.00,202.00
1605.0,200.18,196.61,203.75
1610.0,202.00,202.00,202.00
1615.0,202.00,202.00,202.00
1620.0,202.00,202.00,202.00
1625.0,202.00,202.00,202.00
1630.0,202.00,202.00,202.00
1635.0,202.00,202.00,202.00
1640.0,202.00,202.00,202.00
1645.0,202.00,202.00,202.00
1650.0,202.00,202.00,202.00
1655.0,202.00,202.00,202.00
1660.0,202.00,202.00,202.00
1665.0,202.00,202.00,202.00
1670.0,202.00,202.00,202.00
1675.0,202.00,202.00,202.00
1680.0,202.00,202.00,202.00
1685.0,202.00,202.00,202.00
1690.0,202.00,202.00,202.00
1695.0,202.00,202.00,202.00
1700.0,202.00,202.00,202.00
1705.0,202.00,202.00,202.00
1710.0,202.00,202.00,202.00
1715.0,202.00,202.00,202.00
1720.0,202.00,202.00,202.00
1725.0,202.00,202.00,202.00
1730.0,202.00,202.00,202.00
1735.0,200.18,196.61,203.75
1740.0,202.00,202.00,202.00
1745.0,202.00,202.00,202.00
1750.0,202.00,202.00,202.00
1755.0,202.00,202.00,202.00
1760.0,202.00,202.00,202.00
1765.0,202.00,202.00,202.00
1770.0,202.00,202.00,202.00
1775.0,202.00,202.00,202.00
1780.0,202.00,202.00,202.00
1785.0,202.00,202.00,202.00
1790.0,202.00,202.00,202.00
1795.0,202.00,202.00,202.00
1800.0,202.00,202.00,202.00
1805.0,202.00,202.00,202.00
1810.0,202.00,202.00,202.00
1815.0,202.00,202.00,202.00
1820.0,202.00,202.00,202.00
1825.0,202.00,202.00,202.00
1830.0,202.00,202.00,202.00
1835.0,202.00,202.00,202.00
1840.0,202.00,202.00,202.00
1845.0,200.18,196.61,203.75
1850.0,202.00,202.00,202.00
1855.0,202.00,202.00,202.00
1860.0,202.00,202.00,202.00
1865.0,202.00,202.00,202.00
1870.0,202.00,202.00,202.00
1875.0,202.00,202.00,202.00
1880.0,202.00,202.00,202.00
1885.0,202.00,202.00,202.00
1890.0,202.00,202.00,202.00
1895.0,202.00,202.00,202.00
1900.0,202.00,202.00,202.00
1905.0,202.00,202.00,202.00
1910.0,200.20,196.67,203.73
1915.0,200.20,196.67,203.73
1920.0,200.20,196.67,203.73
1925.0,198.38,193.38,203.38
1930.0,198.38,193.38,203.38
1935.0,200.20,196.67,203.73
1940.0,200.20,196.67,203.73
1945.0,200.20,196.67,203.73
1950.0,200.20,196.67,203.73
1955.0,200.20,196.67,203.73
1960.0,200.20,196.67,203.73
1965.0,202.00,202.00,202.00
1970.0,202.00,202.00,202.00
1975.0,202.00,202.00,202.00
1980.0,202.00,202.00,202.00
1985.0,202.00,202.00,202.00
1990.0,200.18,196.61,203.75
1995.0,200.18,196.61,203.75
2000.0,202.00,202.00,202.00
2005.0,202.00,202.00,202.00
2010.0,202.00,202.00,202.00
2015.0,202.00,202.00,202.00
2020.0,202.00,202.00,202.00
2025.0,202.00,202.00,202.00
2030.0,202.00,202.00,202.00
2035.0,202.00,202.00,202.00
2040.0,202.00,202.00,202.00
2045.0,200.18,196.61,203.75
2050.0,200.18,196.61,203.75
2055.0,202.00,202.00,202.00
2060.0,200.18,196.61,203.75
2065.0,202.00,202.00,202.00
2070.0,202.00,202.00,202.00
2075.0,202.00,202.00,202.00
2080.0,200.18,196.61,203.75
2085.0,202.00,202.00,202.00
2090.0,200.18,196.61,203.75
2095.0,200.20,196.67,203.73
2100.0,202.00,202.00,202.00
2105.0,202.00,202.00,202.00
2110.0,202.00,202.00,202.00
2115.0,202.00,202.00,202.00
2120.0,202.00,202.00,202.00
2125.0,202.00,202.00,202.00
2130.0,202.00,202.00,202.00
2135.0,198.36,193.33,203.39
2140.0,200.18,196.61,203.75
2145.0,198.36,193.33,203.39
2150.0,198.36,193.33,203.39
2155.0,200.18,196.61,203.75
2160.0,198.36,193.33,203.39
2165.0,198.36,193.33,203.39
2170.0,198.36,193.33,203.39
2175.0,200.18,196.61,203.75
2180.0,202.00,202.00,202.00
2185.0,202.00,202.00,202.00
2190.0,202.00,202.00,202.00
2195.0,196.56,190.46,202.66
2200.0,198.36,193.33,203.39
2205.0,198.36,193.33,203.39
2210.0,198.36,193.33,203.39
2215.0,198.36,193.33,203.39
2220.0,198.36,193.33,203.39
2225.0,196.54,190.42,202.66
2230.0,196.56,190.46,202.66
2235.0,192.92,185.11,200.73
2240.0,198.36,193.33,203.39
2245.0,202.00,202.00,202.00
2250.0,198.40,193.43,203.37
2255.0,200.24,196.79,203.69
2260.0,200.24,196.79,203.69
2265.0,198.40,193.43,203.37
2270.0,200.22,196.73,203.71
2275.0,202.00,202.00,202.00
2280.0,200.18,196.61,203.75
2285.0,196.60,190.54,202.66
2290.0,198.36,193.33,203.39
2295.0,198.36,193.33,203.39
2300.0,200.18,196.61,203.75
2305.0,202.00,202.00,202.00
2310.0,202.00,202.00,202.00
2315.0,202.00,202.00,202.00
2320.0,202.00,202.00,202.00
2325.0,202.00,202.00,202.00
2330.0,202.00,202.00,202.00
2335.0,202.00,202.00,202.00
2340.0,202.00,202.00,202.00
2345.0,202.00,202.00,202.00
2350.0,198.36,193.33,203.39
2355.0,198.36,193.33,203.39
2360.0,196.54,190.42,202.66
2365.0,196.56,190.46,202.66
2370.0,200.18,196.61,203.75
2375.0,200.18,196.61,203.75
2380.0,202.00,202.00,202.00
2385.0,202.00,202.00,202.00
2390.0,198.36,193.33,203.39
2395.0,200.18,196.61,203.75
2400.0,200.18,196.61,203.75
2405.0,200.18,196.61,203.75
2410.0,200.20,196.67,203.73
2415.0,198.38,193.38,203.38
2420.0,196.58,190.50,202.66
2425.0,194.74,187.72,201.76
2430.0,194.74,187.72,201.76
2435.0,194.74,187.72,201.76
2440.0,187.48,177.77,197.19
2445.0,189.30,180.17,198.43
2450.0,191.14,182.66,199.62
2455.0,198.38,193.38,203.38
2460.0,202.00,202.00,202.00
2465.0,202.00,202.00,202.00
2470.0,202.00,202.00,202.00
2475.0,198.36,193.33,203.39
2480.0,196.58,190.50,202.66
2485.0,196.54,190.42,202.66
2490.0,198.36,193.33,203.39
2495.0,196.54,190.42,202.66
2500.0,198.36,193.33,203.39
2505.0,196.54,190.42,202.66
2510.0,198.36,193.33,203.39
2515.0,196.54,190.42,202.66
2520.0,192.90,185.07,200.73
2525.0,196.56,190.46,202.66
2530.0,198.36,193.33,203.39
2535.0,200.18,196.61,203.75
2540.0,198.40,193.43,203.37
2545.0,200.18,196.61,203.75
2550.0,194.72,187.68,201.76
2555.0,196.54,190.42,202.66
2560.0,191.14,182.66,199.62
2565.0,194.72,187.68,201.76
2570.0,196.54,190.42,202.66
2575.0,196.58,190.50,202.66
2580.0,196.56,190.46,202.66
2585.0,196.56,190.46,202.66
2590.0,198.36,193.33,203.39
2595.0,194.76,187.76,201.76
2600.0,196.56,190.46,202.66
2605.0,198.38,193.38,203.38
2610.0,196.56,190.46,202.66
2615.0,196.56,190.46,202.66
2620.0,192.92,185.11,200.73
2625.0,191.12,182.62,199.62
2630.0,187.48,177.77,197.19
2635.0,187.52,177.83,197.21
2640.0,191.10,182.59,199.61
2645.0,189.30,180.17,198.43
2650.0,185.66,175.41,195.91
2655.0,187.46,177.73,197.19
2660.0,189.28,180.13,198.43
2665.0,187.46,177.73,197.19
2670.0,187.46,177.73,197.19
2675.0,191.10,182.59,199.61
2680.0,189.32,180.20,198.44
2685.0,187.48,177.77,197.19
2690.0,178.34,166.26,190.42
2695.0,178.34,166.26,190.42
2700.0,178.42,166.38,190.46
2705.0,171.06,157.57,184.55
2710.0,176.54,164.09,188.99
2715.0,174.74,161.94,187.54
2720.0,174.76,161.97,187.55
2725.0,172.98,159.86,186.10
2730.0,172.96,159.83,186.09
2735.0,171.12,157.66,184.58
2740.0,169.30,155.53,183.07
2745.0,171.14,157.69,184.59
2750.0,167.46,153.39,181.53
2755.0,163.82,149.21,178.43
2760.0,163.82,149.21,178.43
2765.0,163.84,149.24,178.44
2770.0,163.82,149.21,178.43
2775.0,167.44,153.36,181.52
2780.0,163.78,149.16,178.40
2785.0,169.26,155.47,183.05
2790.0,167.42,153.33,181.51
2795.0,174.72,161.91,187.53
2800.0,178.38,166.33,190.43
2805.0,169.34,155.59,183.09
2810.0,160.32,145.27,175.37
2815.0,162.02,147.17,176.87
2820.0,163.80,149.18,178.42
2825.0,156.52,140.98,172.06
2830.0,156.54,141.01,172.07
2835.0,154.76,139.04,170.48
2840.0,151.12,135.02,167.22
2845.0,145.64,129.05,162.23
2850.0,149.30,133.03,165.57
2855.0,140.20,123.21,157.19
2860.0,143.86,127.14,160.58
2865.0,138.38,121.28,155.48
2870.0,142.02,125.16,158.88
2875.0,143.80,127.06,160.54
2880.0,142.00,125.13,158.87
2885.0,134.72,117.40,152.04
2890.0,123.78,106.01,141.55
2895.0,121.96,104.15,139.77
2900.0,129.22,111.63,146.81
2905.0,125.60,107.89,143.31
2910.0,132.84,115.41,150.27
2915.0,125.60,107.89,143.31
2920.0,116.50,98.59,134.41
2925.0,120.10,102.24,137.96
2930.0,120.14,102.29,137.99
2935.0,121.98,104.17,139.79
2940.0,123.78,106.01,141.55
2945.0,123.76,105.99,141.53
2950.0,123.78,106.01,141.55
2955.0,109.24,91.30,127.18
2960.0,107.42,89.49,125.35
2965.0,98.34,80.58,116.10
2970.0,96.50,78.79,114.21
2975.0,98.34,80.58,116.10
2980.0,91.04,73.54,108.54
2985.0,87.40,70.07,104.73
2990.0,91.04,73.54,108.54
2995.0,83.74,66.62,100.86
3000.0,85.56,68.33,102.79
3005.0,81.92,64.92,98.92
3010.0,80.10,63.22,96.98
3015.0,81.94,64.94,98.94
3020.0,78.30,61.56,95.04
3025.0,81.94,64.94,98.94
3030.0,80.10,63.22,96.98
3035.0,76.46,59.86,93.06
3040.0,65.54,50.00,81.08
3045.0,61.92,46.82,77.02
3050.0,65.56,50.02,81.10
3055.0,63.74,48.41,79.07
3060.0,58.30,43.68,72.92
3065.0,60.12,45.25,74.99
3070.0,56.48,42.13,70.83
3075.0,51.02,37.54,64.50
3080.0,52.84,39.05,66.63
3085.0,49.20,36.04,62.36
3090.0,49.20,36.04,62.36
3095.0,47.38,34.57,60.19
3100.0,49.20,36.04,62.36
3105.0,51.02,37.54,64.50
3110.0,45.56,33.11,58.01
3115.0,45.56,33.11,58.01
3120.0,45.56,33.11,58.01
3125.0,45.56,33.11,58.01
3130.0,43.74,31.67,55.81
3135.0,38.30,27.53,49.07
3140.0,40.10,28.87,51.33
3145.0,36.46,26.19,46.73
3150.0,36.46,26.19,46.73
3155.0,36.46,26.19,46.73
3160.0,40.10,28.87,51.33
3165.0,40.10,28.87,51.33
3170.0,38.28,27.51,49.05
3175.0,40.10,28.87,51.33
3180.0,38.28,27.51,49.05
3185.0,38.28,27.51,49.05
3190.0,40.10,28.87,51.33
3195.0,38.28,27.51,49.05
3200.0,34.64,24.90,44.38
3205.0,31.00,22.48,39.52
3210.0,29.18,21.36,37.00
3215.0,27.36,20.33,34.39
3220.0,27.36,20.33,34.39
3225.0,31.00,22.48,39.52
3230.0,25.54,19.42,31.66
3235.0,27.36,20.33,34.39
3240.0,29.18,21.36,37.00
3245.0,27.36,20.33,34.39
3250.0,27.36,20.33,34.39
3255.0,27.36,20.33,34.39
3260.0,25.54,19.42,31.66
3265.0,23.72,18.69,28.75
3270.0,23.72,18.69,28.75
3275.0,21.90,18.33,25.47
3280.0,21.90,18.33,25.47
3285.0,23.72,18.69,28.75
3290.0,23.72,18.69,28.75
3295.0,23.72,18.69,28.75
3300.0,23.72,18.69,28.75
3305.0,21.90,18.33,25.47
3310.0,21.90,18.33,25.47
3315.0,21.90,18.33,25.47
3320.0,20.08,20.00,20.16
3325.0,20.08,20.00,20.16
3330.0,20.08,20.00,20.16
3335.0,20.08,20.00,20.16
3340.0,20.08,20.00,20.16
3345.0,20.08,20.00,20.16
3350.0,20.08,20.00,20.16
3355.0,20.08,20.00,20.16
3360.0,20.08,20.00,20.16
3365.0,20.08,20.00,20.16
3370.0,20.08,20.00,20.16
3375.0,20.08,20.00,20.16
3380.0,20.08,20.00,20.16
3385.0,20.08,20.00,20.16
3390.0,20.08,20.00,20.16
3395.0,20.08,20.00,20.16
3400.0,20.08,20.00,20.16
3405.0,20.08,20.00,20.16
3410.0,20.08,20.00,20.16
3415.0,20.08,20.00,20.16
3420.0,20.08,20.00,20.16
3425.0,20.08,20.00,20.16
3430.0,20.08,20.00,20.16
3435.0,20.08,20.00,20.16
3440.0,20.08,20.00,20.16
3445.0,20.08,20.00,20.16
3450.0,20.08,20.00,20.16
3455.0,20.08,20.00,20.16
3460.0,20.08,20.00,20.16
3465.0,20.08,20.00,20.16
3470.0,20.08,20.00,20.16
3475.0,20.08,20.00,20.16
3480.0,20.08,20.00,20.16
3485.0,20.08,20.00,20.16
3490.0,20.08,20.00,20.16
3495.0,20.08,20.00,20.16
3500.0,20.08,20.00,20.16
3505.0,20.08,20.00,20.16
3510.0,20.08,20.00,20.16
3515.0,20.08,20.00,20.16
3520.0,20.08,20.00,20.16
3525.0,20.08,20.00,20.16
3530.0,20.08,20.00,20.16
3535.0,20.08,20.00,20.16
3540.0,20.08,20.00,20.16
3545.0,20.08,20.00,20.16
3550.0,20.08,20.00,20.16
3555.0,20.08,20.00,20.16
3560.0,20.08,20.00,20.16
3565.0,20.08,20.00,20.16
3570.0,20.08,20.00,20.16
3575.0,20.08,20.00,20.16
3580.0,20.08,20.00,20.16
3585.0,20.08,20.00,20.16
3590.0,20.08,20.00,20.16
3595.0,20.08,20.00,20.16
3600.0,20.08,20.00,20.16
3605.0,20.08,20.00,20.16
3610.0,20.08,20.00,20.16
3615.0,20.08,20.00,20.16
3620.0,20.08,20.00,20.16
3625.0,20.08,20.00,20.16
3630.0,20.08,20.00,20.16
3635.0,20.08,20.00,20.16
3640.0,20.08,20.00,20.16
3645.0,20.08,20.00,20.16
3650.0,20.08,20.00,20.16
3655.0,20.08,20.00,20.16
3660.0,20.08,20.00,20.16
3665.0,20.08,20.00,20.16
3670.0,20.08,20.00,20.16
3675.0,20.08,20.00,20.16
3680.0,20.08,20.00,20.16
3685.0,20.08,20.00,20.16
3690.0,20.08,20.00,20.16
3695.0,20.08,20.00,20.16
3700.0,20.08,20.00,20.16
3705.0,20.08,20.00,20.16
3710.0,20.08,20.00,20.16
3715.0,20.08,20.00,20.16
3720.0,20.08,20.00,20.16
3725.0,20.08,20.00,20.16
3730.0,20.08,20.00,20.16
3735.0,20.08,20.00,20.16
3740.0,20.08,20.00,20.16
3745.0,20.08,20.00,20.16
3750.0,20.08,20.00,20.16
3755.0,20.08,20.00,20.16
3760.0,20.08,20.00,20.16
3765.0,20.08,20.00,20.16
3770.0,20.08,20.00,20.16
3775.0,20.08,20.00,20.16
3780.0,20.08,20.00,20.16
3785.0,20.08,20.00,20.16
3790.0,20.08,20.00,20.16
3795.0,20.08,20.00,20.16
3800.0,20.08,20.00,20.16
3805.0,20.08,20.00,20.16
3810.0,20.08,20.00,20.16
3815.0,20.08,20.00,20.16
3820.0,20.08,20.00,20.16
3825.0,20.08,20.00,20.16
3830.0,20.08,20.00,20.16
3835.0,20.08,20.00,20.16
3840.0,20.08,20.00,20.16
3845.0,20.08,20.00,20.16
3850.0,20.08,20.00,20.16
3855.0,20.08,20.00,20.16
3860.0,20.08,20.00,20.16
3865.0,20.08,20.00,20.16
3870.0,20.08,20.00,20.16
3875.0,20.08,20.00,20.16
3880.0,20.08,20.00,20.16
3885.0,20.08,20.00,20.16
3890.0,20.08,20.00,20.16
3895.0,20.08,20.00,20.16
3900.0,20.08,20.00,20.16
3905.0,20.08,20.00,20.16
3910.0,20.08,20.00,20.16
3915.0,20.08,20.00,20.16
3920.0,20.08,20.00,20.16
3925.0,20.08,20.00,20.16
3930.0,20.08,20.00,20.16
3935.0,20.08,20.00,20.16
3940.0,20.08,20.00,20.16
3945.0,20.08,20.00,20.16
3950.0,20.08,20.00,20.16
3955.0,20.08,20.00,20.16
3960.0,20.08,20.00,20.16
3965.0,20.08,20.00,20.16
3970.0,20.08,20.00,20.16
3975.0,20.08,20.00,20.16
3980.0,20.08,20.00,20.16
3985.0,20.08,20.00,20.16
3990.0,20.08,20.00,20.16
3995.0,20.08,20.00,20.16
4000.0,20.08,20.00,20.16
