episodes,mean,ci_down,ci_up
0.0,-1057.71,-1193.05,-922.38
100.0,-84.95,-133.40,-36.49
200.0,-22.72,-37.86,-7.57
300.0,-55.26,-96.81,-13.71
400.0,-39.44,-64.63,-14.25
500.0,-69.29,-110.31,-28.26
600.0,-46.27,-77.94,-14.60
700.0,-46.62,-76.28,-16.95
800.0,-47.14,-78.50,-15.78
900.0,-17.76,-26.48,-9.03
1000.0,-16.04,-23.40,-8.69
1100.0,-20.52,-34.70,-6.33
1200.0,-10.00,-10.00,-10.00
1300.0,-10.00,-10.00,-9.99
1400.0,-10.00,-10.00,-10.00
1500.0,-10.00,-10.00,-10.00
1600.0,-10.00,-10.00,-10.00
1700.0,-10.00,-10.00,-10.00
1800.0,-10.25,-16.94,-3.56
1900.0,-10.00,-10.00,-10.00
2000.0,-10.00,-10.00,-10.00
2100.0,-10.00,-10.00,-10.00
2200.0,-10.00,-10.00,-10.00
2300.0,-10.00,-10.00,-10.00
2400.0,-2.37,-11.22,6.48
2500.0,-7.28,-12.77,-1.80
2600.0,4.74,-7.18,16.67
2700.0,5.78,-6.94,18.49
2800.0,35.64,15.13,56.15
2900.0,94.16,67.62,120.69
3000.0,138.87,111.95,165.79
3100.0,192.14,168.89,215.40
3200.0,239.98,226.76,253.21
3300.0,253.56,247.29,259.83
3400.0,256.27,253.05,259.50
3500.0,257.21,254.21,260.20
3600.0,257.21,254.21,260.20
3700.0,257.21,254.21,260.20
3800.0,257.91,255.23,260.58
3900.0,258.42,255.94,260.91
4000.0,258.42,255.94,260.91
