episodes,mean,ci_down,ci_up
0.0,-458.95,-572.08,-345.83
100.0,-469.05,-582.17,-355.93
200.0,-479.05,-592.17,-365.93
300.0,-489.05,-602.17,-375.93
400.0,-499.05,-612.17,-385.93
500.0,-509.05,-622.17,-395.93
600.0,-519.05,-632.17,-405.93
700.0,-569.57,-709.19,-429.96
800.0,-618.48,-756.94,-480.03
900.0,-681.46,-820.78,-542.13
1000.0,-716.23,-858.75,-573.71
1100.0,-763.13,-926.74,-599.52
1200.0,-799.75,-984.10,-615.40
1300.0,-863.28,-1072.56,-654.01
1400.0,-919.17,-1145.58,-692.75
1500.0,-935.79,-1174.25,-697.33
1600.0,-949.95,-1205.51,-694.39
1700.0,-942.42,-1199.61,-685.22
1800.0,-930.40,-1198.39,-662.41
1900.0,-959.49,-1244.53,-674.45
2000.0,-932.07,-1230.09,-634.06
2100.0,-891.64,-1205.17,-578.12
2200.0,-874.35,-1221.20,-527.49
2300.0,-814.90,-1177.32,-452.48
2400.0,-784.62,-1170.32,-398.91
2500.0,-723.33,-1125.94,-320.71
2600.0,-656.04,-1079.34,-232.75
2700.0,-577.20,-1029.27,-125.14
2800.0,-511.08,-992.86,-29.31
2900.0,-410.34,-924.66,103.99
3000.0,-309.59,-858.70,239.52
3100.0,-208.84,-794.57,376.89
3200.0,-102.75,-722.83,517.33
3300.0,7.69,-645.57,660.96
3400.0,124.88,-565.36,815.11
3500.0,240.92,-484.12,965.95
3600.0,366.65,-394.06,1127.37
3700.0,510.04,-286.21,1306.28
3800.0,655.17,-177.29,1487.62
3900.0,795.30,-81.62,1672.23
4000.0,946.28,33.71,1858.84
