episodes,mean,ci_down,ci_up
0.0,122.36,86.54,158.17
100.0,324.36,288.54,360.17
200.0,526.36,490.54,562.17
300.0,728.36,692.54,764.17
400.0,930.36,894.54,966.17
500.0,1132.36,1096.54,1168.17
600.0,1334.36,1298.54,1370.17
700.0,1536.36,1500.54,1572.17
800.0,1731.93,1695.92,1767.94
900.0,1921.14,1885.29,1956.99
1000.0,2123.14,2087.29,2158.99
1100.0,2325.14,2289.29,2360.99
1200.0,2527.14,2491.29,2562.99
1300.0,2729.14,2693.29,2764.99
1400.0,2924.64,2884.33,2964.96
1500.0,3120.14,3076.05,3164.24
1600.0,3302.71,3243.06,3362.37
1700.0,3485.14,3411.58,3558.71
1800.0,3661.29,3569.55,3753.02
1900.0,3830.71,3717.60,3943.83
2000.0,3987.43,3853.31,4121.54
2100.0,4150.57,3993.22,4307.93
2200.0,4300.93,4126.40,4475.46
2300.0,4444.79,4250.02,4639.55
2400.0,4588.57,4367.20,4809.94
2500.0,4732.36,4485.71,4979.01
2600.0,4863.14,4591.25,5135.03
2700.0,4994.00,4694.49,5293.51
2800.0,5118.43,4791.93,5444.92
2900.0,5236.29,4880.86,5591.71
3000.0,5354.14,4968.75,5739.54
3100.0,5472.00,5055.83,5888.17
3200.0,5583.43,5139.55,6027.31
3300.0,5694.79,5222.98,6166.60
3400.0,5793.14,5298.86,6287.43
3500.0,5898.07,5376.51,6419.63
3600.0,5996.50,5448.29,6544.71
3700.0,6075.50,5505.28,6645.72
3800.0,6160.93,5565.61,6756.25
3900.0,6239.86,5620.51,6859.21
4000.0,6318.79,5674.62,6962.96
