episodes,mean,ci_down,ci_up
0.0,-458.95,-572.08,-345.83
100.0,-10.10,-10.29,-9.90
200.0,-10.00,-10.00,-10.00
300.0,-10.00,-10.00,-10.00
400.0,-10.00,-10.00,-10.00
500.0,-10.00,-10.00,-10.00
600.0,-10.00,-10.00,-10.00
700.0,-50.52,-108.49,7.45
800.0,-48.91,-121.08,23.26
900.0,-62.97,-128.80,2.86
1000.0,-34.77,-70.15,0.61
1100.0,-46.90,-90.53,-3.27
1200.0,-36.62,-70.02,-3.22
1300.0,-63.54,-132.05,4.98
1400.0,-55.88,-119.82,8.06
1500.0,-16.62,-55.61,22.36
1600.0,-14.16,-66.75,38.42
1700.0,7.53,-20.12,35.19
1800.0,12.02,-24.79,48.82
1900.0,-29.09,-112.75,54.56
2000.0,27.42,-25.12,79.96
2100.0,40.43,1.76,79.10
2200.0,17.30,-40.10,74.70
2300.0,59.45,18.98,99.91
2400.0,30.28,-49.29,109.85
2500.0,61.29,19.64,102.94
2600.0,67.28,23.97,110.60
2700.0,78.84,34.46,123.22
2800.0,66.12,9.40,122.84
2900.0,100.75,52.95,148.54
3000.0,100.75,52.95,148.54
3100.0,100.75,52.95,148.54
3200.0,106.09,58.95,153.23
3300.0,110.44,62.04,158.85
3400.0,117.19,54.58,179.79
3500.0,116.04,68.42,163.66
3600.0,125.74,77.97,173.50
3700.0,143.38,97.23,189.53
3800.0,145.13,97.96,192.30
3900.0,140.14,78.76,201.52
4000.0,150.97,103.89,198.05
