episodes,mean,ci_down,ci_up
0.0,122.36,86.54,158.17
100.0,202.00,202.00,202.00
200.0,202.00,202.00,202.00
300.0,202.00,202.00,202.00
400.0,202.00,202.00,202.00
500.0,202.00,202.00,202.00
600.0,202.00,202.00,202.00
700.0,202.00,202.00,202.00
800.0,195.57,182.58,208.56
900.0,189.21,171.28,207.15
1000.0,202.00,202.00,202.00
1100.0,202.00,202.00,202.00
1200.0,202.00,202.00,202.00
1300.0,202.00,202.00,202.00
1400.0,195.50,182.36,208.64
1500.0,195.50,182.36,208.64
1600.0,182.57,160.76,204.39
1700.0,182.43,160.45,204.40
1800.0,176.14,151.51,200.78
1900.0,169.43,142.25,196.60
2000.0,156.71,126.21,187.22
2100.0,163.14,134.20,192.08
2200.0,150.36,118.60,182.12
2300.0,143.86,111.00,176.72
2400.0,143.79,110.89,176.69
2500.0,143.79,110.89,176.69
2600.0,130.79,96.35,165.22
2700.0,130.86,96.46,165.26
2800.0,124.43,89.59,159.27
2900.0,117.86,82.70,153.01
3000.0,117.86,82.70,153.01
3100.0,117.86,82.70,153.01
3200.0,111.43,76.20,146.66
3300.0,111.36,76.10,146.61
3400.0,98.36,63.44,133.27
3500.0,104.93,69.78,140.08
3600.0,98.43,63.54,133.32
3700.0,79.00,46.07,111.93
3800.0,85.43,51.63,119.23
3900.0,78.93,45.98,111.88
4000.0,78.93,45.98,111.88
