trial,mean,ci_down,ci_up
0.0,52.56,50.73,54.39
10.0,52.94,51.13,54.74
20.0,52.78,51.19,54.37
30.0,51.76,49.96,53.55
40.0,51.60,49.97,53.24
50.0,51.69,49.90,53.48
60.0,51.49,49.75,53.24
70.0,51.31,49.91,52.70
80.0,51.76,49.75,53.76
90.0,50.96,49.42,52.49
100.0,50.42,48.67,52.16
110.0,51.04,49.44,52.64
120.0,51.19,49.56,52.83
130.0,50.83,49.38,52.27
140.0,51.35,49.73,52.98
150.0,51.54,49.84,53.23
160.0,50.45,48.68,52.23
170.0,51.06,49.13,52.99
180.0,50.26,48.79,51.74
190.0,49.50,47.87,51.12
200.0,49.39,47.78,51.00
210.0,51.13,49.53,52.73
220.0,49.85,48.30,51.40
230.0,50.62,49.11,52.12
240.0,49.89,48.25,51.54
250.0,49.67,47.87,51.46
260.0,49.05,47.66,50.44
270.0,49.14,47.41,50.87
280.0,49.01,47.30,50.72
290.0,50.63,49.27,51.99
300.0,50.02,48.46,51.58
310.0,50.04,48.42,51.66
320.0,49.15,47.63,50.67
330.0,48.77,47.09,50.45
340.0,49.27,47.62,50.93
350.0,49.09,47.61,50.57
360.0,49.25,47.41,51.09
370.0,49.09,47.54,50.64
380.0,49.15,47.61,50.70
390.0,50.10,48.53,51.66
400.0,48.83,47.38,50.28
410.0,49.47,47.79,51.15
420.0,49.21,47.70,50.73
430.0,49.07,47.39,50.74
440.0,48.86,47.03,50.69
450.0,49.63,47.94,51.32
460.0,48.77,47.26,50.28
470.0,48.86,47.48,50.23
480.0,48.71,47.12,50.30
490.0,48.69,47.10,50.28
500.0,49.02,47.43,50.61
510.0,48.60,47.07,50.13
520.0,48.48,47.13,49.83
530.0,49.08,47.41,50.75
540.0,48.34,46.75,49.94
550.0,48.21,46.71,49.71
560.0,49.38,47.80,50.96
570.0,48.59,47.06,50.13
580.0,48.71,47.01,50.41
590.0,48.68,47.06,50.29
600.0,48.43,46.77,50.09
610.0,48.97,47.23,50.70
620.0,48.85,47.29,50.42
630.0,48.60,47.02,50.18
640.0,48.03,46.25,49.81
650.0,48.19,46.45,49.92
660.0,48.12,46.46,49.79
670.0,48.91,47.34,50.48
680.0,48.08,46.61,49.55
690.0,49.07,47.56,50.58
700.0,48.48,46.67,50.29
710.0,48.42,46.69,50.15
720.0,49.10,47.59,50.61
730.0,48.25,46.67,49.83
740.0,48.30,46.56,50.03
750.0,48.97,47.62,50.32
760.0,48.47,46.85,50.08
770.0,48.21,46.52,49.90
780.0,48.23,46.51,49.95
790.0,48.30,46.67,49.92
800.0,48.26,46.76,49.75
810.0,48.01,46.43,49.58
820.0,48.12,46.81,49.42
830.0,48.66,46.97,50.35
840.0,47.89,46.24,49.53
850.0,48.41,46.65,50.16
860.0,48.48,46.92,50.04
870.0,47.77,46.30,49.24
880.0,48.40,46.77,50.02
890.0,47.69,46.30,49.08
900.0,48.26,46.89,49.62
910.0,48.48,46.83,50.12
920.0,48.61,47.13,50.09
930.0,48.26,46.79,49.73
940.0,48.57,46.98,50.16
950.0,48.01,46.36,49.66
960.0,48.45,47.06,49.84
970.0,47.93,46.20,49.66
980.0,48.14,46.57,49.71
990.0,47.69,46.05,49.34
1000.0,48.02,46.40,49.65
1010.0,48.81,47.12,50.50
1020.0,48.17,46.71,49.63
1030.0,48.29,46.77,49.81
1040.0,47.56,45.85,49.27
1050.0,47.66,46.01,49.31
1060.0,47.82,46.45,49.18
1070.0,47.89,46.23,49.55
1080.0,47.89,46.36,49.42
1090.0,48.15,46.62,49.68
1100.0,47.64,46.18,49.10
1110.0,48.00,46.48,49.53
1120.0,47.90,46.19,49.60
1130.0,47.74,46.00,49.49
1140.0,48.53,46.88,50.17
1150.0,48.01,46.31,49.71
1160.0,48.97,47.50,50.43
1170.0,47.71,46.10,49.32
1180.0,48.15,46.50,49.79
1190.0,47.88,46.36,49.40
1200.0,47.63,46.04,49.21
1210.0,48.15,46.52,49.78
1220.0,47.71,46.45,48.97
1230.0,48.16,46.49,49.83
1240.0,48.40,46.81,50.00
1250.0,47.81,46.10,49.53
1260.0,48.07,46.46,49.67
1270.0,47.83,46.17,49.48
1280.0,47.71,45.92,49.49
1290.0,48.09,46.36,49.82
1300.0,47.40,45.73,49.07
1310.0,47.62,45.99,49.26
1320.0,47.88,46.25,49.52
1330.0,47.55,45.86,49.23
1340.0,47.51,46.05,48.98
1350.0,48.07,46.35,49.80
1360.0,47.40,45.89,48.91
1370.0,47.87,46.40,49.34
1380.0,47.55,46.05,49.04
1390.0,47.77,46.11,49.42
1400.0,47.12,45.67,48.57
1410.0,48.02,46.21,49.83
1420.0,47.87,46.37,49.37
1430.0,47.63,46.12,49.13
1440.0,47.66,46.01,49.32
1450.0,47.71,46.08,49.35
1460.0,48.22,46.50,49.95
1470.0,47.26,45.77,48.74
1480.0,47.71,46.08,49.34
1490.0,47.68,46.11,49.25
1500.0,47.59,45.94,49.25
1510.0,47.66,46.02,49.29
1520.0,47.09,45.45,48.73
1530.0,47.87,46.09,49.65
1540.0,48.10,46.34,49.87
1550.0,48.04,46.47,49.61
1560.0,47.19,45.53,48.84
1570.0,47.43,46.02,48.84
1580.0,47.46,45.84,49.09
1590.0,47.34,45.97,48.71
1600.0,48.07,46.44,49.70
1610.0,47.82,46.41,49.22
1620.0,47.19,45.52,48.85
1630.0,47.47,45.95,48.98
1640.0,47.79,46.23,49.35
1650.0,47.37,45.86,48.88
1660.0,47.69,46.27,49.11
1670.0,47.75,46.33,49.18
1680.0,47.57,46.03,49.12
1690.0,48.13,46.50,49.77
1700.0,47.05,45.57,48.53
1710.0,48.00,46.40,49.60
1720.0,46.90,45.46,48.34
1730.0,48.48,47.00,49.95
1740.0,48.69,46.97,50.41
1750.0,47.11,45.59,48.63
1760.0,47.56,45.88,49.25
1770.0,48.26,46.77,49.75
1780.0,47.72,46.24,49.20
1790.0,47.86,46.26,49.46
1800.0,48.15,46.66,49.64
1810.0,48.17,46.68,49.66
1820.0,47.92,46.41,49.43
1830.0,47.87,46.47,49.27
1840.0,47.41,45.74,49.08
1850.0,47.62,46.01,49.22
1860.0,47.41,45.89,48.93
1870.0,47.05,45.63,48.47
1880.0,47.95,46.26,49.64
1890.0,47.93,46.18,49.68
1900.0,47.47,45.89,49.06
1910.0,47.51,45.90,49.13
1920.0,47.83,46.17,49.49
1930.0,47.79,46.24,49.33
1940.0,47.40,45.83,48.97
1950.0,47.44,45.85,49.03
1960.0,47.73,45.99,49.47
1970.0,48.41,46.75,50.07
1980.0,47.69,46.14,49.25
1990.0,47.93,46.43,49.44
2000.0,48.00,46.19,49.81
2010.0,47.82,46.20,49.45
2020.0,47.60,46.06,49.13
2030.0,47.84,46.26,49.41
2040.0,48.12,46.36,49.88
2050.0,48.26,46.54,49.97
2060.0,47.27,45.71,48.83
2070.0,47.56,45.85,49.26
2080.0,47.94,46.15,49.72
2090.0,47.54,45.86,49.22
2100.0,47.83,46.21,49.44
2110.0,47.72,46.13,49.31
2120.0,47.33,45.77,48.89
2130.0,47.00,45.57,48.44
2140.0,47.71,46.07,49.36
2150.0,47.16,45.65,48.67
2160.0,47.33,45.67,49.00
2170.0,47.77,46.21,49.33
2180.0,47.40,45.80,49.01
2190.0,47.52,45.87,49.16
2200.0,47.45,45.63,49.27
2210.0,47.11,45.65,48.57
2220.0,47.92,46.39,49.44
2230.0,46.87,45.38,48.35
2240.0,46.92,45.52,48.32
2250.0,47.28,45.46,49.11
2260.0,46.70,45.14,48.25
2270.0,48.16,46.41,49.90
2280.0,47.38,45.84,48.92
2290.0,47.30,45.73,48.87
2300.0,48.15,46.56,49.74
2310.0,47.61,46.20,49.01
2320.0,47.67,46.16,49.18
2330.0,48.09,46.37,49.81
2340.0,47.34,45.82,48.86
2350.0,48.05,46.52,49.58
2360.0,47.38,45.80,48.97
2370.0,47.63,45.79,49.47
2380.0,47.51,45.91,49.10
2390.0,46.97,45.25,48.68
2400.0,47.85,46.25,49.46
2410.0,47.08,45.65,48.51
2420.0,47.04,45.55,48.53
2430.0,47.75,46.14,49.35
2440.0,47.02,45.64,48.41
2450.0,48.09,46.39,49.79
2460.0,47.14,45.61,48.67
2470.0,47.35,45.81,48.90
2480.0,47.28,45.82,48.74
2490.0,47.96,46.30,49.63
2500.0,47.22,45.45,48.99
2510.0,47.66,46.05,49.27
2520.0,47.85,46.35,49.34
2530.0,47.09,45.50,48.69
2540.0,47.98,46.56,49.40
2550.0,47.02,45.27,48.77
2560.0,48.30,46.79,49.81
2570.0,47.62,45.84,49.40
2580.0,47.55,45.82,49.27
2590.0,47.26,45.78,48.74
2600.0,47.94,46.34,49.53
2610.0,48.22,46.64,49.81
2620.0,47.36,45.87,48.85
2630.0,47.72,46.03,49.41
2640.0,47.29,45.69,48.89
2650.0,46.85,45.20,48.51
2660.0,48.00,46.26,49.74
2670.0,46.84,45.41,48.27
2680.0,47.48,46.01,48.95
2690.0,47.73,46.04,49.42
2700.0,47.64,46.17,49.12
2710.0,47.01,45.63,48.38
2720.0,47.66,45.98,49.35
2730.0,47.69,45.82,49.55
2740.0,47.50,45.82,49.17
2750.0,47.31,45.64,48.98
2760.0,47.48,45.96,49.00
2770.0,46.83,45.29,48.37
2780.0,47.13,45.68,48.59
2790.0,47.92,46.24,49.61
2800.0,47.07,45.56,48.58
2810.0,47.87,46.35,49.39
2820.0,48.04,46.37,49.72
2830.0,47.36,45.99,48.73
2840.0,47.59,46.00,49.19
2850.0,46.65,45.02,48.28
2860.0,47.74,46.27,49.21
2870.0,47.75,46.09,49.42
2880.0,47.44,45.67,49.22
2890.0,48.07,46.42,49.71
2900.0,47.35,45.73,48.97
2910.0,47.31,45.80,48.81
2920.0,47.62,46.10,49.14
2930.0,47.32,45.79,48.85
2940.0,48.07,46.45,49.70
2950.0,47.44,45.99,48.88
2960.0,46.99,45.24,48.74
2970.0,46.99,45.59,48.39
2980.0,47.59,45.97,49.21
2990.0,47.43,45.73,49.13
3000.0,47.38,45.72,49.04
3010.0,48.37,46.76,49.97
3020.0,48.20,46.58,49.83
3030.0,47.56,46.05,49.06
3040.0,47.49,45.98,49.01
3050.0,47.96,46.33,49.59
3060.0,47.45,45.81,49.09
3070.0,47.77,46.35,49.19
3080.0,47.48,46.06,48.91
3090.0,47.87,46.24,49.50
3100.0,47.32,45.82,48.82
3110.0,47.84,46.19,49.48
3120.0,47.63,46.09,49.17
3130.0,47.85,46.40,49.30
3140.0,47.65,45.90,49.41
3150.0,48.11,46.58,49.64
3160.0,47.60,45.81,49.40
3170.0,47.36,45.80,48.92
3180.0,47.12,45.51,48.73
3190.0,47.78,46.18,49.37
3200.0,47.15,45.70,48.60
3210.0,47.42,45.71,49.13
3220.0,47.93,46.38,49.47
3230.0,46.75,45.30,48.20
3240.0,47.18,45.56,48.80
3250.0,47.62,46.07,49.16
3260.0,47.90,46.26,49.54
3270.0,46.92,45.28,48.57
3280.0,47.07,45.57,48.56
3290.0,48.11,46.46,49.75
3300.0,47.97,46.40,49.54
3310.0,47.31,45.65,48.98
3320.0,46.79,45.10,48.49
3330.0,47.43,45.75,49.12
3340.0,48.09,46.46,49.73
3350.0,47.28,45.74,48.81
3360.0,47.83,46.26,49.40
3370.0,47.01,45.56,48.46
3380.0,47.52,45.83,49.21
3390.0,47.38,45.73,49.02
3400.0,47.91,46.35,49.46
3410.0,47.51,45.95,49.07
3420.0,47.45,45.76,49.14
3430.0,47.68,45.89,49.47
3440.0,47.10,45.42,48.77
3450.0,47.08,45.40,48.75
3460.0,47.01,45.75,48.26
3470.0,46.65,45.04,48.25
3480.0,47.61,46.13,49.09
3490.0,47.26,45.80,48.72
3500.0,47.56,45.78,49.34
3510.0,47.45,45.94,48.96
3520.0,47.40,45.60,49.21
3530.0,47.67,46.06,49.28
3540.0,48.12,46.45,49.78
3550.0,46.99,45.43,48.56
3560.0,47.20,45.79,48.60
3570.0,47.54,46.11,48.98
3580.0,47.48,45.96,49.01
3590.0,47.02,45.40,48.65
3600.0,47.10,45.80,48.40
3610.0,47.89,46.41,49.37
3620.0,48.08,46.37,49.78
3630.0,47.19,45.61,48.77
3640.0,48.07,46.38,49.76
3650.0,47.15,45.73,48.57
3660.0,47.37,45.72,49.03
3670.0,47.66,46.18,49.13
3680.0,47.57,45.87,49.28
3690.0,47.36,45.73,48.99
3700.0,46.86,45.16,48.56
3710.0,47.38,45.88,48.88
3720.0,47.14,45.51,48.78
3730.0,47.83,46.13,49.53
3740.0,47.93,46.38,49.47
3750.0,47.61,45.95,49.28
3760.0,48.38,46.59,50.17
3770.0,47.72,46.29,49.15
3780.0,47.66,46.24,49.08
3790.0,47.73,46.07,49.39
3800.0,46.70,45.07,48.32
3810.0,48.10,46.51,49.68
3820.0,47.56,46.17,48.94
3830.0,47.23,45.58,48.88
3840.0,48.28,46.53,50.02
3850.0,47.36,45.69,49.03
3860.0,47.30,45.65,48.94
3870.0,47.60,45.67,49.53
3880.0,47.90,46.43,49.36
3890.0,47.50,45.93,49.07
3900.0,47.74,45.94,49.54
3910.0,47.96,46.42,49.49
3920.0,48.20,46.38,50.01
3930.0,47.58,46.11,49.05
3940.0,47.88,46.29,49.47
3950.0,47.27,45.82,48.72
3960.0,47.68,46.01,49.34
3970.0,47.45,45.85,49.05
3980.0,46.43,44.91,47.94
3990.0,47.20,45.57,48.83
4000.0,47.50,46.03,48.98
4010.0,47.91,46.09,49.73
4020.0,47.10,45.49,48.71
4030.0,47.44,45.80,49.09
4040.0,48.33,46.72,49.95
4050.0,47.10,45.48,48.72
4060.0,46.97,45.52,48.42
4070.0,47.92,46.26,49.59
4080.0,47.65,46.33,48.97
4090.0,47.68,46.08,49.28
4100.0,47.38,45.96,48.80
4110.0,47.53,45.99,49.07
4120.0,47.03,45.50,48.56
4130.0,46.56,45.01,48.10
4140.0,48.06,46.21,49.90
4150.0,47.40,45.75,49.05
4160.0,47.40,46.00,48.81
4170.0,47.93,46.38,49.48
4180.0,47.56,45.70,49.41
4190.0,47.10,45.66,48.55
4200.0,47.08,45.58,48.59
4210.0,47.34,45.61,49.07
4220.0,47.87,46.21,49.53
4230.0,47.45,45.70,49.21
4240.0,46.91,45.26,48.55
4250.0,47.35,45.76,48.94
4260.0,47.86,46.20,49.52
4270.0,47.63,45.99,49.28
4280.0,47.69,45.83,49.56
4290.0,47.82,46.23,49.42
4300.0,47.36,45.64,49.08
4310.0,47.60,46.11,49.08
4320.0,47.61,45.83,49.40
4330.0,48.06,46.45,49.67
4340.0,47.00,45.29,48.70
4350.0,47.61,45.98,49.23
4360.0,47.06,45.38,48.74
4370.0,47.83,46.21,49.45
4380.0,46.99,45.20,48.77
4390.0,47.86,46.50,49.22
4400.0,47.42,45.72,49.11
4410.0,46.60,45.26,47.94
4420.0,47.02,45.40,48.65
4430.0,47.62,46.21,49.02
4440.0,47.25,45.73,48.76
4450.0,47.87,46.08,49.66
4460.0,47.57,46.06,49.08
4470.0,47.87,46.43,49.30
4480.0,47.84,46.10,49.58
4490.0,47.83,46.13,49.53
4500.0,46.79,45.29,48.29
