trial,mean,ci_down,ci_up
0.0,0.08,0.06,0.11
10.0,0.09,0.06,0.12
20.0,0.08,0.05,0.11
30.0,0.08,0.05,0.10
40.0,0.09,0.05,0.12
50.0,0.09,0.05,0.12
60.0,0.08,0.05,0.10
70.0,0.06,0.03,0.09
80.0,0.09,0.06,0.12
90.0,0.08,0.05,0.10
100.0,0.09,0.06,0.12
110.0,0.08,0.05,0.10
120.0,0.05,0.03,0.08
130.0,0.05,0.03,0.08
140.0,0.07,0.04,0.09
150.0,0.09,0.05,0.12
160.0,0.08,0.05,0.11
170.0,0.09,0.06,0.13
180.0,0.05,0.03,0.07
190.0,0.09,0.06,0.12
200.0,0.08,0.05,0.11
210.0,0.07,0.05,0.09
220.0,0.09,0.06,0.13
230.0,0.09,0.06,0.12
240.0,0.08,0.05,0.11
250.0,0.06,0.04,0.09
260.0,0.07,0.05,0.09
270.0,0.10,0.06,0.13
280.0,0.10,0.07,0.13
290.0,0.09,0.06,0.12
300.0,0.08,0.05,0.11
310.0,0.08,0.05,0.10
320.0,0.08,0.05,0.11
330.0,0.08,0.06,0.11
340.0,0.08,0.05,0.11
350.0,0.07,0.05,0.10
360.0,0.09,0.06,0.12
370.0,0.09,0.05,0.12
380.0,0.08,0.05,0.11
390.0,0.07,0.04,0.10
400.0,0.08,0.05,0.11
410.0,0.07,0.05,0.10
420.0,0.08,0.05,0.11
430.0,0.08,0.05,0.11
440.0,0.07,0.04,0.10
450.0,0.08,0.05,0.11
460.0,0.06,0.04,0.09
470.0,0.09,0.06,0.11
480.0,0.11,0.07,0.14
490.0,0.06,0.04,0.09
500.0,0.07,0.05,0.09
510.0,0.08,0.05,0.11
520.0,0.08,0.06,0.11
530.0,0.06,0.04,0.09
540.0,0.07,0.05,0.10
550.0,0.10,0.07,0.13
560.0,0.08,0.05,0.11
570.0,0.11,0.08,0.14
580.0,0.07,0.04,0.10
590.0,0.09,0.06,0.12
600.0,0.09,0.06,0.12
610.0,0.08,0.05,0.11
620.0,0.08,0.05,0.11
630.0,0.09,0.06,0.12
640.0,0.06,0.04,0.09
650.0,0.06,0.04,0.09
660.0,0.07,0.04,0.09
670.0,0.07,0.05,0.10
680.0,0.09,0.06,0.12
690.0,0.09,0.05,0.12
700.0,0.08,0.05,0.10
710.0,0.10,0.06,0.13
720.0,0.06,0.04,0.08
730.0,0.06,0.03,0.08
740.0,0.08,0.05,0.11
750.0,0.09,0.06,0.12
760.0,0.06,0.04,0.09
770.0,0.06,0.04,0.09
780.0,0.07,0.04,0.09
790.0,0.08,0.05,0.11
800.0,0.07,0.04,0.09
810.0,0.08,0.05,0.11
820.0,0.10,0.07,0.14
830.0,0.08,0.05,0.10
840.0,0.11,0.07,0.14
850.0,0.10,0.07,0.13
860.0,0.08,0.05,0.10
870.0,0.08,0.06,0.11
880.0,0.08,0.05,0.10
890.0,0.08,0.05,0.12
900.0,0.09,0.06,0.12
910.0,0.08,0.05,0.11
920.0,0.07,0.04,0.10
930.0,0.09,0.06,0.12
940.0,0.08,0.05,0.10
950.0,0.06,0.04,0.09
960.0,0.07,0.05,0.10
970.0,0.07,0.04,0.10
980.0,0.09,0.06,0.12
990.0,0.10,0.06,0.13
1000.0,0.08,0.06,0.11
1010.0,0.10,0.06,0.13
1020.0,0.07,0.04,0.09
1030.0,0.08,0.05,0.10
1040.0,0.09,0.06,0.11
1050.0,0.07,0.04,0.10
1060.0,0.07,0.04,0.09
1070.0,0.09,0.06,0.12
1080.0,0.09,0.06,0.12
1090.0,0.06,0.04,0.09
1100.0,0.07,0.05,0.10
1110.0,0.08,0.05,0.11
1120.0,0.09,0.06,0.13
1130.0,0.10,0.07,0.13
1140.0,0.08,0.05,0.11
1150.0,0.08,0.05,0.11
1160.0,0.07,0.05,0.10
1170.0,0.08,0.05,0.11
1180.0,0.11,0.08,0.14
1190.0,0.08,0.05,0.11
1200.0,0.09,0.06,0.13
1210.0,0.08,0.05,0.10
1220.0,0.07,0.04,0.09
1230.0,0.08,0.05,0.10
1240.0,0.06,0.04,0.09
1250.0,0.08,0.05,0.10
1260.0,0.09,0.06,0.12
1270.0,0.08,0.05,0.11
1280.0,0.07,0.04,0.09
1290.0,0.08,0.05,0.10
1300.0,0.07,0.05,0.10
1310.0,0.07,0.04,0.09
1320.0,0.07,0.05,0.10
1330.0,0.08,0.05,0.12
1340.0,0.07,0.04,0.09
1350.0,0.07,0.05,0.10
1360.0,0.07,0.04,0.09
1370.0,0.07,0.05,0.10
1380.0,0.09,0.06,0.12
1390.0,0.08,0.06,0.11
1400.0,0.08,0.05,0.11
1410.0,0.09,0.06,0.12
1420.0,0.08,0.05,0.10
1430.0,0.09,0.06,0.13
1440.0,0.08,0.05,0.12
1450.0,0.07,0.04,0.11
1460.0,0.10,0.06,0.13
1470.0,0.07,0.04,0.10
1480.0,0.08,0.05,0.11
1490.0,0.07,0.04,0.09
1500.0,0.07,0.05,0.10
1510.0,0.09,0.06,0.12
1520.0,0.09,0.07,0.12
1530.0,0.09,0.06,0.12
1540.0,0.10,0.07,0.12
1550.0,0.08,0.05,0.11
1560.0,0.08,0.05,0.11
1570.0,0.10,0.07,0.13
1580.0,0.07,0.05,0.10
1590.0,0.08,0.05,0.11
1600.0,0.08,0.05,0.11
1610.0,0.07,0.04,0.09
1620.0,0.10,0.07,0.13
1630.0,0.10,0.06,0.13
1640.0,0.10,0.06,0.13
1650.0,0.10,0.07,0.13
1660.0,0.10,0.07,0.13
1670.0,0.10,0.06,0.13
1680.0,0.09,0.06,0.12
1690.0,0.08,0.06,0.11
1700.0,0.08,0.06,0.11
1710.0,0.08,0.05,0.11
1720.0,0.09,0.06,0.13
1730.0,0.07,0.05,0.10
1740.0,0.08,0.05,0.11
1750.0,0.08,0.06,0.11
1760.0,0.08,0.05,0.10
1770.0,0.09,0.06,0.12
1780.0,0.06,0.03,0.09
1790.0,0.07,0.04,0.10
1800.0,0.08,0.05,0.11
1810.0,0.07,0.05,0.10
1820.0,0.09,0.06,0.11
1830.0,0.10,0.07,0.13
1840.0,0.05,0.03,0.07
1850.0,0.08,0.05,0.10
1860.0,0.07,0.05,0.10
1870.0,0.06,0.04,0.09
1880.0,0.07,0.04,0.10
1890.0,0.07,0.05,0.10
1900.0,0.07,0.04,0.09
1910.0,0.09,0.06,0.12
1920.0,0.07,0.05,0.10
1930.0,0.08,0.05,0.11
1940.0,0.09,0.06,0.12
1950.0,0.08,0.05,0.10
1960.0,0.11,0.07,0.14
1970.0,0.09,0.06,0.12
1980.0,0.07,0.04,0.09
1990.0,0.08,0.06,0.11
2000.0,0.07,0.04,0.10
2010.0,0.07,0.05,0.10
2020.0,0.08,0.05,0.10
2030.0,0.09,0.06,0.12
2040.0,0.09,0.05,0.12
2050.0,0.08,0.05,0.11
2060.0,0.06,0.04,0.08
2070.0,0.08,0.05,0.11
2080.0,0.07,0.04,0.10
2090.0,0.10,0.07,0.13
2100.0,0.08,0.05,0.11
2110.0,0.07,0.04,0.09
2120.0,0.07,0.04,0.10
2130.0,0.09,0.07,0.12
2140.0,0.09,0.06,0.12
2150.0,0.09,0.06,0.12
2160.0,0.08,0.06,0.11
2170.0,0.07,0.04,0.09
2180.0,0.09,0.07,0.12
2190.0,0.09,0.06,0.12
2200.0,0.08,0.05,0.12
2210.0,0.07,0.05,0.10
2220.0,0.09,0.05,0.12
2230.0,0.09,0.05,0.12
2240.0,0.09,0.06,0.11
2250.0,0.08,0.05,0.11
2260.0,0.08,0.05,0.11
2270.0,0.08,0.05,0.12
2280.0,0.06,0.04,0.07
2290.0,0.09,0.06,0.12
2300.0,0.08,0.04,0.11
2310.0,0.08,0.05,0.11
2320.0,0.09,0.06,0.12
2330.0,0.09,0.06,0.12
2340.0,0.08,0.05,0.10
2350.0,0.08,0.05,0.11
2360.0,0.09,0.06,0.12
2370.0,0.06,0.03,0.08
2380.0,0.09,0.06,0.12
2390.0,0.11,0.07,0.14
2400.0,0.07,0.04,0.10
2410.0,0.09,0.06,0.12
2420.0,0.07,0.04,0.09
2430.0,0.07,0.04,0.10
2440.0,0.08,0.06,0.11
2450.0,0.06,0.04,0.08
2460.0,0.07,0.04,0.10
2470.0,0.08,0.05,0.12
2480.0,0.06,0.04,0.09
2490.0,0.09,0.06,0.12
2500.0,0.08,0.05,0.11
2510.0,0.09,0.06,0.12
2520.0,0.08,0.05,0.10
2530.0,0.07,0.05,0.09
2540.0,0.07,0.04,0.10
2550.0,0.07,0.04,0.09
2560.0,0.07,0.05,0.10
2570.0,0.09,0.06,0.11
2580.0,0.07,0.05,0.10
2590.0,0.09,0.06,0.12
2600.0,0.08,0.05,0.11
2610.0,0.07,0.04,0.10
2620.0,0.09,0.06,0.11
2630.0,0.08,0.05,0.11
2640.0,0.09,0.06,0.12
2650.0,0.10,0.07,0.13
2660.0,0.08,0.05,0.11
2670.0,0.08,0.05,0.10
2680.0,0.09,0.06,0.12
2690.0,0.08,0.05,0.11
2700.0,0.08,0.05,0.11
2710.0,0.07,0.05,0.10
2720.0,0.09,0.06,0.12
2730.0,0.09,0.06,0.12
2740.0,0.10,0.07,0.13
2750.0,0.09,0.06,0.12
2760.0,0.09,0.06,0.12
2770.0,0.08,0.05,0.11
2780.0,0.09,0.06,0.12
2790.0,0.07,0.04,0.09
2800.0,0.07,0.05,0.10
2810.0,0.09,0.06,0.13
2820.0,0.08,0.05,0.11
2830.0,0.06,0.04,0.09
2840.0,0.08,0.05,0.10
2850.0,0.09,0.06,0.12
2860.0,0.09,0.06,0.12
2870.0,0.11,0.08,0.14
2880.0,0.06,0.04,0.09
2890.0,0.08,0.05,0.11
2900.0,0.07,0.04,0.10
2910.0,0.09,0.06,0.12
2920.0,0.09,0.06,0.12
2930.0,0.08,0.05,0.11
2940.0,0.07,0.04,0.10
2950.0,0.07,0.05,0.09
2960.0,0.08,0.05,0.11
2970.0,0.08,0.04,0.11
2980.0,0.09,0.06,0.12
2990.0,0.08,0.05,0.11
3000.0,0.09,0.06,0.12
3010.0,0.08,0.05,0.10
3020.0,0.08,0.05,0.11
3030.0,0.07,0.05,0.10
3040.0,0.10,0.06,0.13
3050.0,0.08,0.05,0.10
3060.0,0.08,0.05,0.11
3070.0,0.08,0.05,0.11
3080.0,0.07,0.05,0.10
3090.0,0.08,0.05,0.11
3100.0,0.08,0.05,0.11
3110.0,0.07,0.04,0.10
3120.0,0.08,0.05,0.10
3130.0,0.09,0.06,0.12
3140.0,0.09,0.06,0.12
3150.0,0.10,0.07,0.13
3160.0,0.07,0.04,0.10
3170.0,0.07,0.04,0.10
3180.0,0.08,0.05,0.10
3190.0,0.08,0.05,0.11
3200.0,0.09,0.06,0.12
3210.0,0.08,0.05,0.11
3220.0,0.08,0.05,0.11
3230.0,0.07,0.04,0.10
3240.0,0.08,0.05,0.11
3250.0,0.09,0.07,0.12
3260.0,0.09,0.06,0.12
3270.0,0.11,0.07,0.14
3280.0,0.10,0.07,0.13
3290.0,0.07,0.04,0.10
3300.0,0.07,0.04,0.09
3310.0,0.09,0.06,0.12
3320.0,0.08,0.05,0.11
3330.0,0.08,0.05,0.10
3340.0,0.07,0.04,0.09
3350.0,0.09,0.06,0.11
3360.0,0.07,0.04,0.10
3370.0,0.09,0.06,0.12
3380.0,0.09,0.06,0.12
3390.0,0.08,0.05,0.11
3400.0,0.07,0.05,0.10
3410.0,0.07,0.04,0.10
3420.0,0.07,0.04,0.09
3430.0,0.06,0.03,0.09
3440.0,0.08,0.05,0.11
3450.0,0.08,0.05,0.11
3460.0,0.09,0.06,0.12
3470.0,0.07,0.04,0.10
3480.0,0.09,0.06,0.12
3490.0,0.08,0.05,0.11
3500.0,0.07,0.04,0.10
3510.0,0.09,0.06,0.12
3520.0,0.07,0.05,0.09
3530.0,0.09,0.06,0.12
3540.0,0.08,0.05,0.11
3550.0,0.07,0.04,0.10
3560.0,0.09,0.06,0.12
3570.0,0.08,0.05,0.11
3580.0,0.07,0.04,0.09
3590.0,0.08,0.05,0.11
3600.0,0.07,0.05,0.09
3610.0,0.07,0.04,0.09
3620.0,0.08,0.05,0.11
3630.0,0.09,0.06,0.11
3640.0,0.07,0.05,0.10
3650.0,0.08,0.05,0.11
3660.0,0.06,0.03,0.09
3670.0,0.08,0.05,0.10
3680.0,0.07,0.05,0.10
3690.0,0.09,0.06,0.12
3700.0,0.08,0.05,0.10
3710.0,0.08,0.05,0.11
3720.0,0.09,0.07,0.12
3730.0,0.08,0.06,0.11
3740.0,0.09,0.06,0.12
3750.0,0.08,0.05,0.11
3760.0,0.09,0.06,0.12
3770.0,0.09,0.06,0.12
3780.0,0.09,0.06,0.12
3790.0,0.08,0.05,0.11
3800.0,0.08,0.06,0.11
3810.0,0.07,0.04,0.09
3820.0,0.09,0.05,0.12
3830.0,0.08,0.05,0.11
3840.0,0.08,0.05,0.10
3850.0,0.07,0.04,0.09
3860.0,0.07,0.05,0.10
3870.0,0.08,0.05,0.11
3880.0,0.08,0.05,0.12
3890.0,0.10,0.07,0.14
3900.0,0.10,0.07,0.13
3910.0,0.08,0.05,0.11
3920.0,0.08,0.05,0.11
3930.0,0.08,0.05,0.12
3940.0,0.07,0.05,0.10
3950.0,0.09,0.05,0.12
3960.0,0.08,0.05,0.11
3970.0,0.07,0.05,0.10
3980.0,0.07,0.04,0.09
3990.0,0.09,0.06,0.12
4000.0,0.07,0.04,0.11
4010.0,0.08,0.05,0.11
4020.0,0.06,0.03,0.08
4030.0,0.07,0.05,0.10
4040.0,0.07,0.04,0.10
4050.0,0.08,0.05,0.11
4060.0,0.07,0.05,0.10
4070.0,0.09,0.06,0.12
4080.0,0.08,0.05,0.10
4090.0,0.09,0.06,0.12
4100.0,0.07,0.04,0.10
4110.0,0.06,0.04,0.09
4120.0,0.10,0.07,0.13
4130.0,0.09,0.05,0.12
4140.0,0.07,0.04,0.10
4150.0,0.10,0.06,0.13
4160.0,0.08,0.05,0.11
4170.0,0.09,0.06,0.12
4180.0,0.06,0.04,0.09
4190.0,0.08,0.05,0.11
4200.0,0.08,0.05,0.12
4210.0,0.06,0.04,0.08
4220.0,0.08,0.05,0.11
4230.0,0.07,0.04,0.10
4240.0,0.09,0.06,0.12
4250.0,0.08,0.05,0.10
4260.0,0.07,0.05,0.10
4270.0,0.07,0.04,0.09
4280.0,0.09,0.06,0.12
4290.0,0.09,0.06,0.13
4300.0,0.08,0.05,0.12
4310.0,0.09,0.06,0.12
4320.0,0.08,0.06,0.11
4330.0,0.07,0.04,0.09
4340.0,0.06,0.04,0.09
4350.0,0.09,0.06,0.11
4360.0,0.09,0.06,0.12
4370.0,0.07,0.05,0.10
4380.0,0.07,0.05,0.10
4390.0,0.08,0.05,0.10
4400.0,0.09,0.06,0.12
4410.0,0.07,0.04,0.10
4420.0,0.07,0.04,0.10
4430.0,0.07,0.04,0.10
4440.0,0.08,0.05,0.11
4450.0,0.07,0.05,0.10
4460.0,0.07,0.04,0.10
4470.0,0.09,0.06,0.12
4480.0,0.08,0.05,0.10
4490.0,0.08,0.05,0.11
4500.0,0.07,0.04,0.10
