trial,mean,ci_down,ci_up
0.0,0.11,0.07,0.15
10.0,0.12,0.07,0.16
20.0,0.13,0.10,0.17
30.0,0.13,0.09,0.17
40.0,0.12,0.08,0.16
50.0,0.13,0.09,0.16
60.0,0.14,0.10,0.17
70.0,0.12,0.08,0.16
80.0,0.11,0.07,0.15
90.0,0.11,0.07,0.15
100.0,0.11,0.07,0.14
110.0,0.11,0.07,0.15
120.0,0.11,0.07,0.16
130.0,0.10,0.07,0.14
140.0,0.10,0.06,0.13
150.0,0.12,0.08,0.16
160.0,0.10,0.07,0.14
170.0,0.11,0.08,0.14
180.0,0.11,0.07,0.15
190.0,0.11,0.07,0.15
200.0,0.14,0.10,0.19
210.0,0.12,0.08,0.16
220.0,0.09,0.06,0.13
230.0,0.12,0.08,0.16
240.0,0.10,0.06,0.13
250.0,0.13,0.09,0.16
260.0,0.12,0.09,0.16
270.0,0.08,0.05,0.12
280.0,0.09,0.06,0.13
290.0,0.13,0.09,0.17
300.0,0.08,0.05,0.12
310.0,0.11,0.07,0.14
320.0,0.10,0.07,0.14
330.0,0.09,0.06,0.12
340.0,0.12,0.08,0.16
350.0,0.13,0.09,0.17
360.0,0.12,0.08,0.16
370.0,0.12,0.09,0.15
380.0,0.11,0.07,0.15
390.0,0.11,0.08,0.14
400.0,0.10,0.06,0.13
410.0,0.12,0.08,0.16
420.0,0.12,0.09,0.16
430.0,0.11,0.07,0.14
440.0,0.13,0.09,0.17
450.0,0.11,0.07,0.15
460.0,0.13,0.09,0.17
470.0,0.10,0.07,0.14
480.0,0.13,0.09,0.17
490.0,0.08,0.05,0.12
500.0,0.09,0.06,0.13
510.0,0.11,0.08,0.15
520.0,0.13,0.09,0.16
530.0,0.13,0.09,0.16
540.0,0.10,0.07,0.14
550.0,0.12,0.08,0.16
560.0,0.11,0.07,0.15
570.0,0.12,0.08,0.16
580.0,0.14,0.10,0.18
590.0,0.15,0.11,0.18
600.0,0.11,0.07,0.15
610.0,0.10,0.06,0.14
620.0,0.13,0.10,0.17
630.0,0.10,0.07,0.13
640.0,0.10,0.06,0.13
650.0,0.11,0.07,0.15
660.0,0.14,0.10,0.18
670.0,0.10,0.06,0.14
680.0,0.11,0.08,0.15
690.0,0.11,0.08,0.15
700.0,0.12,0.08,0.16
710.0,0.12,0.08,0.16
720.0,0.10,0.06,0.14
730.0,0.12,0.08,0.15
740.0,0.11,0.07,0.15
750.0,0.13,0.09,0.16
760.0,0.13,0.09,0.16
770.0,0.12,0.08,0.16
780.0,0.12,0.08,0.16
790.0,0.12,0.08,0.15
800.0,0.14,0.10,0.18
810.0,0.11,0.07,0.14
820.0,0.10,0.07,0.13
830.0,0.14,0.10,0.18
840.0,0.11,0.08,0.15
850.0,0.10,0.07,0.14
860.0,0.11,0.07,0.15
870.0,0.12,0.09,0.16
880.0,0.11,0.07,0.15
890.0,0.11,0.07,0.15
900.0,0.13,0.10,0.17
910.0,0.11,0.07,0.14
920.0,0.09,0.06,0.13
930.0,0.13,0.09,0.17
940.0,0.14,0.10,0.18
950.0,0.12,0.08,0.16
960.0,0.12,0.08,0.16
970.0,0.13,0.09,0.17
980.0,0.11,0.07,0.15
990.0,0.12,0.08,0.16
1000.0,0.10,0.07,0.13
1010.0,0.11,0.07,0.14
1020.0,0.12,0.08,0.16
1030.0,0.12,0.08,0.16
1040.0,0.12,0.08,0.16
1050.0,0.11,0.07,0.14
1060.0,0.13,0.09,0.16
1070.0,0.11,0.07,0.15
1080.0,0.10,0.06,0.13
1090.0,0.11,0.07,0.14
1100.0,0.08,0.04,0.11
1110.0,0.13,0.09,0.16
1120.0,0.12,0.08,0.15
1130.0,0.10,0.07,0.14
1140.0,0.11,0.07,0.15
1150.0,0.09,0.06,0.12
1160.0,0.08,0.05,0.12
1170.0,0.11,0.07,0.14
1180.0,0.10,0.06,0.13
1190.0,0.15,0.11,0.19
1200.0,0.11,0.07,0.15
1210.0,0.11,0.07,0.15
1220.0,0.12,0.08,0.15
1230.0,0.10,0.06,0.14
1240.0,0.11,0.07,0.15
1250.0,0.13,0.09,0.16
1260.0,0.10,0.06,0.14
1270.0,0.12,0.08,0.17
1280.0,0.11,0.07,0.15
1290.0,0.12,0.08,0.17
1300.0,0.10,0.06,0.15
1310.0,0.12,0.08,0.16
1320.0,0.13,0.09,0.18
1330.0,0.13,0.08,0.17
1340.0,0.11,0.08,0.15
1350.0,0.13,0.09,0.16
1360.0,0.11,0.07,0.16
1370.0,0.14,0.09,0.18
1380.0,0.13,0.09,0.18
1390.0,0.11,0.07,0.15
1400.0,0.12,0.08,0.16
1410.0,0.09,0.05,0.13
1420.0,0.13,0.09,0.17
1430.0,0.13,0.08,0.17
1440.0,0.13,0.09,0.17
1450.0,0.10,0.06,0.14
1460.0,0.11,0.07,0.15
1470.0,0.13,0.10,0.16
1480.0,0.12,0.08,0.16
1490.0,0.13,0.09,0.17
1500.0,0.11,0.07,0.15
1510.0,0.11,0.07,0.15
1520.0,0.12,0.08,0.16
1530.0,0.13,0.09,0.17
1540.0,0.15,0.11,0.19
1550.0,0.09,0.06,0.13
1560.0,0.11,0.07,0.15
1570.0,0.12,0.09,0.16
1580.0,0.11,0.08,0.15
1590.0,0.11,0.08,0.15
1600.0,0.14,0.10,0.18
1610.0,0.14,0.10,0.17
1620.0,0.12,0.09,0.16
1630.0,0.10,0.06,0.14
1640.0,0.13,0.09,0.17
1650.0,0.14,0.10,0.18
1660.0,0.11,0.07,0.16
1670.0,0.08,0.05,0.12
1680.0,0.11,0.07,0.15
1690.0,0.11,0.07,0.15
1700.0,0.11,0.08,0.15
1710.0,0.15,0.11,0.19
1720.0,0.12,0.08,0.15
1730.0,0.12,0.08,0.15
1740.0,0.11,0.07,0.14
1750.0,0.15,0.11,0.19
1760.0,0.11,0.08,0.14
1770.0,0.12,0.08,0.16
1780.0,0.09,0.06,0.12
1790.0,0.12,0.08,0.16
1800.0,0.11,0.07,0.15
1810.0,0.11,0.07,0.14
1820.0,0.12,0.08,0.16
1830.0,0.15,0.11,0.19
1840.0,0.15,0.10,0.19
1850.0,0.11,0.07,0.15
1860.0,0.11,0.08,0.15
1870.0,0.13,0.09,0.17
1880.0,0.11,0.07,0.16
1890.0,0.12,0.08,0.16
1900.0,0.11,0.07,0.15
1910.0,0.12,0.08,0.16
1920.0,0.11,0.07,0.15
1930.0,0.12,0.09,0.16
1940.0,0.09,0.05,0.13
1950.0,0.11,0.08,0.15
1960.0,0.12,0.08,0.15
1970.0,0.12,0.08,0.16
1980.0,0.13,0.09,0.17
1990.0,0.11,0.07,0.15
2000.0,0.11,0.08,0.15
2010.0,0.09,0.05,0.13
2020.0,0.12,0.09,0.16
2030.0,0.13,0.09,0.17
2040.0,0.09,0.06,0.13
2050.0,0.10,0.06,0.14
2060.0,0.13,0.09,0.17
2070.0,0.09,0.06,0.12
2080.0,0.10,0.06,0.13
2090.0,0.13,0.09,0.17
2100.0,0.09,0.06,0.13
2110.0,0.10,0.07,0.14
2120.0,0.12,0.08,0.15
2130.0,0.10,0.07,0.13
2140.0,0.12,0.08,0.16
2150.0,0.09,0.06,0.12
2160.0,0.11,0.07,0.14
2170.0,0.11,0.07,0.15
2180.0,0.13,0.09,0.18
2190.0,0.15,0.10,0.19
2200.0,0.12,0.08,0.16
2210.0,0.13,0.09,0.17
2220.0,0.13,0.09,0.17
2230.0,0.12,0.08,0.16
2240.0,0.12,0.08,0.16
2250.0,0.12,0.08,0.17
2260.0,0.11,0.08,0.15
2270.0,0.10,0.07,0.14
2280.0,0.11,0.07,0.15
2290.0,0.11,0.08,0.15
2300.0,0.12,0.08,0.16
2310.0,0.11,0.07,0.14
2320.0,0.13,0.09,0.17
2330.0,0.11,0.07,0.14
2340.0,0.09,0.06,0.12
2350.0,0.11,0.07,0.15
2360.0,0.12,0.09,0.16
2370.0,0.15,0.11,0.20
2380.0,0.10,0.06,0.14
2390.0,0.11,0.07,0.15
2400.0,0.13,0.09,0.16
2410.0,0.10,0.07,0.14
2420.0,0.12,0.08,0.15
2430.0,0.12,0.08,0.16
2440.0,0.10,0.07,0.14
2450.0,0.12,0.08,0.16
2460.0,0.12,0.08,0.16
2470.0,0.11,0.07,0.15
2480.0,0.13,0.09,0.16
2490.0,0.13,0.08,0.17
2500.0,0.12,0.08,0.16
2510.0,0.10,0.06,0.14
2520.0,0.12,0.08,0.16
2530.0,0.14,0.10,0.17
2540.0,0.15,0.11,0.19
2550.0,0.11,0.07,0.14
2560.0,0.11,0.07,0.14
2570.0,0.09,0.05,0.12
2580.0,0.13,0.09,0.17
2590.0,0.11,0.08,0.15
2600.0,0.10,0.06,0.14
2610.0,0.12,0.08,0.16
2620.0,0.14,0.10,0.19
2630.0,0.09,0.06,0.12
2640.0,0.12,0.08,0.15
2650.0,0.12,0.08,0.17
2660.0,0.13,0.09,0.16
2670.0,0.10,0.06,0.14
2680.0,0.12,0.08,0.16
2690.0,0.12,0.08,0.15
2700.0,0.11,0.08,0.15
2710.0,0.13,0.09,0.17
2720.0,0.12,0.08,0.16
2730.0,0.11,0.07,0.14
2740.0,0.11,0.08,0.14
2750.0,0.11,0.07,0.15
2760.0,0.12,0.09,0.16
2770.0,0.10,0.07,0.14
2780.0,0.12,0.09,0.16
2790.0,0.12,0.08,0.16
2800.0,0.13,0.10,0.17
2810.0,0.10,0.06,0.13
2820.0,0.10,0.06,0.13
2830.0,0.10,0.06,0.14
2840.0,0.09,0.06,0.13
2850.0,0.13,0.09,0.17
2860.0,0.11,0.08,0.15
2870.0,0.11,0.07,0.15
2880.0,0.13,0.09,0.16
2890.0,0.12,0.08,0.17
2900.0,0.13,0.09,0.17
2910.0,0.11,0.07,0.14
2920.0,0.12,0.08,0.16
2930.0,0.12,0.08,0.15
2940.0,0.12,0.08,0.15
2950.0,0.12,0.08,0.16
2960.0,0.13,0.08,0.17
2970.0,0.10,0.06,0.14
2980.0,0.13,0.09,0.17
2990.0,0.12,0.09,0.16
3000.0,0.11,0.07,0.14
3010.0,0.11,0.08,0.15
3020.0,0.11,0.07,0.15
3030.0,0.12,0.08,0.16
3040.0,0.12,0.08,0.16
3050.0,0.10,0.06,0.14
3060.0,0.10,0.06,0.13
3070.0,0.15,0.11,0.19
3080.0,0.13,0.09,0.17
3090.0,0.15,0.11,0.19
3100.0,0.09,0.05,0.13
3110.0,0.12,0.09,0.16
3120.0,0.11,0.07,0.15
3130.0,0.10,0.06,0.14
3140.0,0.13,0.09,0.17
3150.0,0.10,0.07,0.13
3160.0,0.11,0.08,0.15
3170.0,0.11,0.08,0.15
3180.0,0.12,0.08,0.16
3190.0,0.11,0.07,0.15
3200.0,0.10,0.06,0.14
3210.0,0.10,0.07,0.14
3220.0,0.13,0.09,0.17
3230.0,0.14,0.10,0.18
3240.0,0.11,0.07,0.15
3250.0,0.10,0.06,0.13
3260.0,0.11,0.08,0.14
3270.0,0.13,0.09,0.17
3280.0,0.11,0.07,0.14
3290.0,0.13,0.09,0.17
3300.0,0.08,0.05,0.11
3310.0,0.10,0.06,0.14
3320.0,0.13,0.09,0.17
3330.0,0.10,0.07,0.13
3340.0,0.11,0.08,0.14
3350.0,0.10,0.07,0.14
3360.0,0.11,0.08,0.15
3370.0,0.11,0.07,0.15
3380.0,0.12,0.07,0.16
3390.0,0.12,0.08,0.16
3400.0,0.12,0.08,0.17
3410.0,0.11,0.07,0.15
3420.0,0.13,0.09,0.17
3430.0,0.11,0.07,0.15
3440.0,0.11,0.06,0.15
3450.0,0.12,0.08,0.16
3460.0,0.11,0.07,0.15
3470.0,0.10,0.06,0.13
3480.0,0.11,0.08,0.15
3490.0,0.12,0.08,0.15
3500.0,0.11,0.08,0.15
3510.0,0.12,0.08,0.16
3520.0,0.14,0.10,0.17
3530.0,0.16,0.12,0.21
3540.0,0.12,0.08,0.17
3550.0,0.12,0.09,0.16
3560.0,0.11,0.07,0.14
3570.0,0.13,0.09,0.17
3580.0,0.12,0.08,0.15
3590.0,0.10,0.06,0.13
3600.0,0.13,0.08,0.17
3610.0,0.12,0.08,0.15
3620.0,0.11,0.08,0.15
3630.0,0.11,0.07,0.15
3640.0,0.11,0.07,0.14
3650.0,0.10,0.06,0.13
3660.0,0.11,0.07,0.15
3670.0,0.10,0.07,0.13
3680.0,0.14,0.10,0.18
3690.0,0.11,0.08,0.15
3700.0,0.10,0.06,0.14
3710.0,0.11,0.07,0.15
3720.0,0.12,0.08,0.15
3730.0,0.10,0.07,0.14
3740.0,0.11,0.07,0.16
3750.0,0.12,0.08,0.15
3760.0,0.13,0.10,0.17
3770.0,0.11,0.07,0.15
3780.0,0.13,0.09,0.17
3790.0,0.10,0.06,0.14
3800.0,0.10,0.07,0.14
3810.0,0.12,0.08,0.16
3820.0,0.11,0.07,0.14
3830.0,0.14,0.09,0.18
3840.0,0.12,0.08,0.16
3850.0,0.11,0.07,0.15
3860.0,0.12,0.08,0.15
3870.0,0.13,0.08,0.17
3880.0,0.11,0.07,0.15
3890.0,0.10,0.07,0.14
3900.0,0.11,0.07,0.14
3910.0,0.12,0.07,0.16
3920.0,0.11,0.07,0.16
3930.0,0.12,0.08,0.15
3940.0,0.12,0.08,0.16
3950.0,0.11,0.07,0.15
3960.0,0.14,0.10,0.18
3970.0,0.12,0.08,0.16
3980.0,0.12,0.08,0.15
3990.0,0.11,0.08,0.15
4000.0,0.12,0.08,0.17
4010.0,0.12,0.08,0.15
4020.0,0.11,0.07,0.15
4030.0,0.13,0.09,0.18
4040.0,0.13,0.08,0.17
4050.0,0.12,0.08,0.16
4060.0,0.12,0.07,0.16
4070.0,0.10,0.07,0.14
4080.0,0.10,0.06,0.13
4090.0,0.11,0.08,0.15
4100.0,0.13,0.09,0.17
4110.0,0.12,0.08,0.15
4120.0,0.14,0.09,0.18
4130.0,0.10,0.06,0.14
4140.0,0.11,0.07,0.15
4150.0,0.13,0.09,0.18
4160.0,0.12,0.08,0.15
4170.0,0.09,0.06,0.12
4180.0,0.12,0.08,0.16
4190.0,0.11,0.07,0.14
4200.0,0.14,0.10,0.18
4210.0,0.10,0.07,0.14
4220.0,0.12,0.08,0.16
4230.0,0.11,0.07,0.15
4240.0,0.09,0.06,0.13
4250.0,0.13,0.09,0.17
4260.0,0.10,0.07,0.14
4270.0,0.09,0.05,0.13
4280.0,0.12,0.09,0.15
4290.0,0.12,0.08,0.16
4300.0,0.13,0.09,0.17
4310.0,0.13,0.09,0.17
4320.0,0.13,0.09,0.17
4330.0,0.10,0.06,0.15
4340.0,0.13,0.08,0.17
4350.0,0.15,0.11,0.19
4360.0,0.11,0.07,0.14
4370.0,0.10,0.07,0.14
4380.0,0.11,0.08,0.15
4390.0,0.11,0.08,0.15
4400.0,0.12,0.08,0.16
4410.0,0.11,0.07,0.14
4420.0,0.09,0.06,0.12
4430.0,0.14,0.10,0.17
4440.0,0.13,0.10,0.16
4450.0,0.11,0.08,0.14
4460.0,0.12,0.07,0.16
4470.0,0.10,0.06,0.13
4480.0,0.14,0.10,0.18
4490.0,0.14,0.09,0.19
4500.0,0.08,0.05,0.12
