trial,mean,ci_down,ci_up
0.0,30.48,29.35,31.61
10.0,29.93,28.97,30.88
20.0,30.08,29.10,31.06
30.0,30.73,29.88,31.59
40.0,30.39,29.44,31.35
50.0,30.06,29.04,31.08
60.0,30.15,29.07,31.22
70.0,29.11,28.23,30.00
80.0,30.99,29.97,32.01
90.0,30.66,29.64,31.68
100.0,30.23,29.26,31.21
110.0,30.21,29.32,31.11
120.0,30.42,29.53,31.32
130.0,30.27,29.43,31.10
140.0,30.16,29.39,30.93
150.0,30.36,29.41,31.31
160.0,30.32,29.38,31.26
170.0,30.07,29.03,31.10
180.0,29.98,29.08,30.88
190.0,29.79,28.63,30.94
200.0,30.11,29.07,31.14
210.0,30.08,28.93,31.22
220.0,30.51,29.55,31.46
230.0,30.17,29.23,31.11
240.0,30.69,29.62,31.76
250.0,29.58,28.76,30.40
260.0,29.92,28.92,30.91
270.0,30.13,29.04,31.23
280.0,30.11,28.99,31.22
290.0,29.81,28.81,30.80
300.0,30.72,29.73,31.70
310.0,30.22,29.22,31.23
320.0,30.21,29.12,31.29
330.0,30.14,29.23,31.05
340.0,29.89,28.89,30.90
350.0,30.15,29.41,30.89
360.0,30.55,29.54,31.57
370.0,29.43,28.53,30.33
380.0,30.60,29.51,31.70
390.0,30.38,29.28,31.47
400.0,30.48,29.39,31.58
410.0,30.02,29.00,31.04
420.0,30.43,29.26,31.60
430.0,30.01,28.87,31.15
440.0,29.58,28.64,30.52
450.0,30.09,28.98,31.19
460.0,30.04,29.11,30.97
470.0,29.66,28.80,30.51
480.0,30.08,29.14,31.03
490.0,29.89,28.69,31.09
500.0,29.36,28.37,30.34
510.0,29.52,28.45,30.58
520.0,29.46,28.63,30.29
530.0,29.26,28.42,30.09
540.0,29.71,28.74,30.68
550.0,30.16,29.05,31.27
560.0,29.50,28.62,30.38
570.0,29.54,28.56,30.53
580.0,29.79,28.95,30.63
590.0,29.62,28.59,30.64
600.0,29.99,29.13,30.84
610.0,29.98,29.05,30.90
620.0,29.46,28.65,30.27
630.0,29.97,28.95,31.00
640.0,29.75,28.76,30.75
650.0,29.74,28.85,30.62
660.0,29.95,28.92,30.99
670.0,30.38,29.34,31.43
680.0,29.83,28.81,30.84
690.0,29.62,28.68,30.56
700.0,29.72,28.86,30.57
710.0,29.62,28.73,30.51
720.0,30.12,29.25,30.99
730.0,29.78,28.97,30.58
740.0,30.01,29.06,30.96
750.0,29.38,28.48,30.27
760.0,29.59,28.65,30.53
770.0,29.79,28.94,30.63
780.0,30.11,29.25,30.97
790.0,29.59,28.62,30.56
800.0,29.86,28.84,30.89
810.0,29.73,28.94,30.52
820.0,29.98,28.87,31.08
830.0,29.49,28.57,30.41
840.0,29.94,28.89,30.99
850.0,29.80,28.88,30.72
860.0,29.81,28.82,30.81
870.0,30.06,29.18,30.93
880.0,29.47,28.54,30.40
890.0,29.75,28.85,30.66
900.0,30.24,29.37,31.11
910.0,29.86,28.81,30.90
920.0,29.75,28.79,30.71
930.0,29.96,29.11,30.81
940.0,29.67,28.78,30.56
950.0,29.40,28.34,30.46
960.0,29.94,28.90,30.97
970.0,29.16,28.41,29.92
980.0,29.90,29.16,30.65
990.0,29.83,28.90,30.75
1000.0,29.23,28.34,30.12
1010.0,29.77,28.84,30.70
1020.0,29.27,28.50,30.04
1030.0,29.40,28.44,30.36
1040.0,29.60,28.72,30.48
1050.0,29.81,28.96,30.65
1060.0,29.39,28.43,30.36
1070.0,29.74,28.72,30.76
1080.0,29.66,28.79,30.52
1090.0,29.50,28.56,30.44
1100.0,29.87,29.05,30.70
1110.0,29.67,28.75,30.60
1120.0,29.00,28.16,29.84
1130.0,29.92,29.07,30.76
1140.0,29.72,28.86,30.59
1150.0,29.28,28.33,30.22
1160.0,29.29,28.44,30.15
1170.0,29.38,28.47,30.29
1180.0,29.32,28.47,30.18
1190.0,29.16,28.17,30.15
1200.0,29.94,29.00,30.89
1210.0,29.43,28.49,30.37
1220.0,29.46,28.67,30.26
1230.0,30.26,29.16,31.36
1240.0,29.12,28.20,30.04
1250.0,29.67,28.69,30.65
1260.0,29.68,28.67,30.68
1270.0,30.03,29.14,30.92
1280.0,29.79,28.91,30.67
1290.0,29.27,28.39,30.14
1300.0,29.43,28.49,30.37
1310.0,29.64,28.78,30.51
1320.0,29.21,28.30,30.11
1330.0,30.10,29.17,31.03
1340.0,29.47,28.49,30.45
1350.0,29.93,29.06,30.80
1360.0,29.51,28.56,30.45
1370.0,29.31,28.36,30.27
1380.0,29.83,28.80,30.87
1390.0,29.89,28.89,30.88
1400.0,30.26,29.33,31.19
1410.0,29.31,28.52,30.10
1420.0,29.04,28.12,29.96
1430.0,29.51,28.67,30.35
1440.0,29.45,28.45,30.44
1450.0,29.55,28.58,30.53
1460.0,30.09,29.07,31.11
1470.0,29.66,28.67,30.66
1480.0,29.23,28.25,30.21
1490.0,29.20,28.29,30.12
1500.0,29.61,28.64,30.58
1510.0,29.55,28.48,30.62
1520.0,29.69,28.93,30.45
1530.0,29.47,28.59,30.36
1540.0,29.86,28.98,30.74
1550.0,29.79,28.89,30.68
1560.0,29.64,28.76,30.52
1570.0,29.55,28.64,30.46
1580.0,29.28,28.43,30.12
1590.0,29.47,28.67,30.27
1600.0,29.95,29.17,30.74
1610.0,29.92,29.12,30.72
1620.0,29.12,28.24,30.00
1630.0,29.84,28.80,30.88
1640.0,28.68,27.79,29.56
1650.0,30.08,29.19,30.96
1660.0,29.32,28.46,30.18
1670.0,29.30,28.45,30.16
1680.0,29.49,28.55,30.43
1690.0,29.63,28.76,30.51
1700.0,29.65,28.71,30.58
1710.0,28.98,28.32,29.64
1720.0,29.33,28.41,30.24
1730.0,29.64,28.71,30.58
1740.0,30.03,28.89,31.18
1750.0,29.31,28.51,30.11
1760.0,29.75,28.83,30.67
1770.0,29.53,28.56,30.50
1780.0,29.71,28.78,30.65
1790.0,30.05,29.17,30.94
1800.0,29.66,28.58,30.73
1810.0,29.32,28.54,30.10
1820.0,29.41,28.48,30.35
1830.0,29.44,28.58,30.31
1840.0,29.59,28.85,30.32
1850.0,29.54,28.63,30.44
1860.0,29.73,28.84,30.61
1870.0,30.34,29.40,31.28
1880.0,29.34,28.38,30.29
1890.0,28.85,27.99,29.71
1900.0,28.99,28.03,29.94
1910.0,29.31,28.42,30.20
1920.0,29.12,28.24,30.01
1930.0,29.33,28.49,30.16
1940.0,29.96,29.02,30.89
1950.0,29.40,28.50,30.31
1960.0,29.28,28.54,30.02
1970.0,29.38,28.47,30.28
1980.0,28.80,27.90,29.70
1990.0,29.59,28.83,30.35
2000.0,29.08,28.20,29.95
2010.0,29.51,28.56,30.47
2020.0,29.40,28.29,30.51
2030.0,29.52,28.64,30.40
2040.0,29.99,29.12,30.87
2050.0,29.26,28.33,30.19
2060.0,29.43,28.67,30.19
2070.0,29.32,28.41,30.24
2080.0,29.44,28.55,30.33
2090.0,29.56,28.75,30.38
2100.0,29.30,28.52,30.07
2110.0,29.82,28.76,30.89
2120.0,29.35,28.41,30.29
2130.0,29.25,28.48,30.03
2140.0,29.50,28.58,30.43
2150.0,29.79,28.84,30.75
2160.0,30.20,29.25,31.16
2170.0,29.27,28.42,30.12
2180.0,29.54,28.62,30.46
2190.0,29.45,28.63,30.27
2200.0,29.91,29.00,30.82
2210.0,29.26,28.17,30.35
2220.0,29.27,28.45,30.09
2230.0,30.06,29.05,31.06
2240.0,29.56,28.70,30.43
2250.0,29.57,28.60,30.54
2260.0,29.18,28.28,30.08
2270.0,29.81,29.01,30.61
2280.0,29.50,28.51,30.50
2290.0,29.57,28.72,30.43
2300.0,30.20,29.29,31.11
2310.0,29.48,28.65,30.31
2320.0,29.68,28.71,30.64
2330.0,29.63,28.70,30.56
2340.0,30.02,29.15,30.90
2350.0,29.58,28.78,30.37
2360.0,29.56,28.77,30.34
2370.0,28.85,28.04,29.65
2380.0,29.55,28.83,30.28
2390.0,29.34,28.39,30.30
2400.0,29.18,28.32,30.05
2410.0,29.25,28.45,30.06
2420.0,29.61,28.84,30.37
2430.0,29.23,28.41,30.04
2440.0,29.18,28.37,30.00
2450.0,29.58,28.69,30.46
2460.0,29.38,28.40,30.35
2470.0,30.00,29.11,30.88
2480.0,29.54,28.54,30.55
2490.0,29.58,28.63,30.54
2500.0,29.15,28.40,29.91
2510.0,29.31,28.47,30.15
2520.0,30.07,29.21,30.93
2530.0,29.49,28.56,30.43
2540.0,29.48,28.58,30.39
2550.0,29.74,28.77,30.72
2560.0,29.44,28.45,30.43
2570.0,29.97,29.00,30.93
2580.0,29.60,28.76,30.45
2590.0,29.60,28.79,30.41
2600.0,29.79,28.79,30.80
2610.0,29.26,28.38,30.15
2620.0,29.49,28.61,30.38
2630.0,29.40,28.41,30.38
2640.0,29.06,28.21,29.90
2650.0,29.49,28.48,30.50
2660.0,29.88,28.79,30.97
2670.0,29.57,28.73,30.40
2680.0,30.00,29.08,30.93
2690.0,29.76,28.73,30.78
2700.0,29.44,28.54,30.35
2710.0,29.27,28.29,30.24
2720.0,29.10,28.28,29.92
2730.0,29.74,28.95,30.54
2740.0,28.92,28.11,29.73
2750.0,29.08,28.10,30.06
2760.0,29.56,28.84,30.27
2770.0,29.29,28.34,30.23
2780.0,29.34,28.38,30.31
2790.0,29.25,28.31,30.19
2800.0,28.84,27.88,29.79
2810.0,29.47,28.51,30.42
2820.0,29.56,28.64,30.49
2830.0,29.22,28.36,30.09
2840.0,29.24,28.43,30.05
2850.0,30.29,29.31,31.26
2860.0,29.16,28.17,30.15
2870.0,29.06,28.21,29.90
2880.0,29.12,28.17,30.07
2890.0,29.49,28.61,30.37
2900.0,29.34,28.45,30.22
2910.0,29.74,28.81,30.67
2920.0,29.15,28.24,30.06
2930.0,29.04,28.19,29.89
2940.0,29.21,28.28,30.15
2950.0,29.55,28.49,30.62
2960.0,29.35,28.44,30.26
2970.0,29.86,29.05,30.67
2980.0,28.71,27.84,29.58
2990.0,29.47,28.65,30.29
3000.0,28.97,28.27,29.67
3010.0,30.37,29.41,31.32
3020.0,29.39,28.35,30.44
3030.0,29.68,28.83,30.53
3040.0,29.65,28.81,30.49
3050.0,29.41,28.52,30.30
3060.0,29.37,28.46,30.29
3070.0,29.27,28.39,30.15
3080.0,29.18,28.24,30.12
3090.0,29.23,28.40,30.06
3100.0,28.98,28.10,29.86
3110.0,29.30,28.52,30.09
3120.0,29.75,28.85,30.65
3130.0,29.69,28.78,30.61
3140.0,29.41,28.58,30.25
3150.0,29.50,28.57,30.43
3160.0,29.44,28.44,30.45
3170.0,29.60,28.73,30.46
3180.0,29.81,29.10,30.52
3190.0,29.28,28.41,30.15
3200.0,29.45,28.55,30.35
3210.0,29.00,28.19,29.81
3220.0,29.41,28.46,30.36
3230.0,29.01,28.13,29.90
3240.0,28.95,28.07,29.84
3250.0,29.30,28.29,30.31
3260.0,29.66,28.83,30.48
3270.0,29.31,28.37,30.26
3280.0,29.48,28.55,30.40
3290.0,29.44,28.61,30.27
3300.0,29.70,28.90,30.50
3310.0,29.06,28.08,30.03
3320.0,28.90,28.10,29.71
3330.0,29.53,28.61,30.45
3340.0,29.38,28.48,30.27
3350.0,29.36,28.39,30.34
3360.0,29.56,28.61,30.51
3370.0,29.39,28.49,30.30
3380.0,29.32,28.46,30.19
3390.0,29.82,28.81,30.83
3400.0,29.62,28.70,30.54
3410.0,29.55,28.73,30.37
3420.0,29.00,28.19,29.80
3430.0,29.72,29.02,30.42
3440.0,29.18,28.20,30.15
3450.0,28.94,28.18,29.69
3460.0,29.79,28.99,30.59
3470.0,29.11,28.38,29.84
3480.0,29.66,28.66,30.67
3490.0,29.52,28.74,30.30
3500.0,29.74,28.79,30.69
3510.0,29.70,28.85,30.55
3520.0,29.84,28.88,30.81
3530.0,28.84,27.90,29.78
3540.0,30.18,29.24,31.11
3550.0,29.92,28.98,30.86
3560.0,29.18,28.38,29.99
3570.0,29.60,28.64,30.56
3580.0,28.99,28.04,29.95
3590.0,29.95,29.02,30.89
3600.0,29.65,28.59,30.71
3610.0,29.44,28.46,30.43
3620.0,29.40,28.40,30.39
3630.0,29.11,28.22,29.99
3640.0,29.74,28.83,30.66
3650.0,29.78,28.83,30.74
3660.0,29.34,28.60,30.08
3670.0,29.56,28.74,30.38
3680.0,29.66,28.76,30.56
3690.0,29.79,28.81,30.77
3700.0,29.54,28.57,30.51
3710.0,29.21,28.22,30.20
3720.0,29.63,28.66,30.59
3730.0,29.47,28.67,30.28
3740.0,28.80,27.88,29.72
3750.0,29.21,28.46,29.97
3760.0,29.88,28.87,30.88
3770.0,29.48,28.56,30.39
3780.0,29.29,28.39,30.20
3790.0,29.23,28.25,30.21
3800.0,28.90,28.04,29.75
3810.0,29.51,28.60,30.41
3820.0,29.41,28.63,30.19
3830.0,29.71,28.73,30.70
3840.0,29.06,28.24,29.89
3850.0,28.94,27.89,30.00
3860.0,29.44,28.56,30.31
3870.0,29.40,28.52,30.28
3880.0,29.62,28.88,30.36
3890.0,29.72,28.67,30.77
3900.0,29.18,28.15,30.20
3910.0,29.62,28.61,30.64
3920.0,29.37,28.31,30.43
3930.0,29.27,28.24,30.31
3940.0,29.12,28.25,29.99
3950.0,29.51,28.79,30.22
3960.0,29.01,28.08,29.95
3970.0,29.53,28.62,30.45
3980.0,29.37,28.42,30.31
3990.0,29.55,28.61,30.49
4000.0,28.55,27.75,29.35
4010.0,28.79,27.97,29.62
4020.0,28.92,28.06,29.78
4030.0,29.42,28.61,30.22
4040.0,29.63,28.72,30.55
4050.0,29.61,28.68,30.53
4060.0,29.25,28.29,30.22
4070.0,29.63,28.72,30.54
4080.0,29.17,28.36,29.98
4090.0,28.68,27.98,29.37
4100.0,28.98,28.05,29.91
4110.0,29.21,28.43,29.99
4120.0,29.24,28.44,30.05
4130.0,29.76,28.84,30.69
4140.0,29.14,28.27,30.01
4150.0,29.71,28.70,30.73
4160.0,28.96,28.11,29.81
4170.0,29.65,28.73,30.58
4180.0,29.36,28.49,30.22
4190.0,29.27,28.36,30.17
4200.0,29.28,28.46,30.10
4210.0,29.10,28.43,29.77
4220.0,29.74,28.76,30.71
4230.0,29.59,28.79,30.39
4240.0,29.46,28.45,30.47
4250.0,29.54,28.62,30.45
4260.0,29.24,28.41,30.06
4270.0,29.10,28.26,29.93
4280.0,29.61,28.70,30.52
4290.0,29.35,28.43,30.27
4300.0,29.26,28.35,30.17
4310.0,29.13,28.16,30.10
4320.0,29.80,28.97,30.62
4330.0,29.36,28.41,30.30
4340.0,29.13,28.12,30.14
4350.0,29.07,28.17,29.98
4360.0,29.50,28.49,30.51
4370.0,29.30,28.26,30.34
4380.0,29.79,28.96,30.61
4390.0,29.47,28.65,30.29
4400.0,29.15,28.15,30.14
4410.0,29.50,28.57,30.43
4420.0,28.99,28.13,29.84
4430.0,29.78,28.89,30.66
4440.0,29.42,28.56,30.28
4450.0,29.49,28.45,30.53
4460.0,28.73,27.75,29.72
4470.0,29.61,28.70,30.52
4480.0,29.95,29.01,30.89
4490.0,30.29,29.30,31.28
4500.0,29.48,28.49,30.48
