episodes,mean,ci_down,ci_up
0.0,-862.30,-1119.04,-605.55
100.0,-845.83,-1102.68,-588.97
200.0,-829.17,-1086.14,-572.20
300.0,-811.95,-1069.01,-554.88
400.0,-794.44,-1051.61,-537.27
500.0,-776.69,-1033.96,-519.41
600.0,-758.46,-1015.72,-501.20
700.0,-740.06,-997.33,-482.79
800.0,-721.31,-978.53,-464.08
900.0,-702.12,-959.33,-444.91
1000.0,-682.51,-939.71,-425.30
1100.0,-662.66,-919.79,-405.52
1200.0,-642.49,-899.56,-385.42
1300.0,-621.99,-879.02,-364.97
1400.0,-601.28,-858.30,-344.25
1500.0,-580.43,-837.46,-323.41
1600.0,-559.42,-816.48,-302.37
1700.0,-538.42,-795.51,-281.33
1800.0,-517.26,-774.42,-260.10
1900.0,-495.99,-753.22,-238.76
2000.0,-474.60,-731.87,-217.32
2100.0,-452.92,-710.25,-195.59
2200.0,-431.14,-688.53,-173.76
2300.0,-409.27,-666.68,-151.85
2400.0,-387.13,-644.54,-129.72
2500.0,-364.80,-622.09,-107.51
2600.0,-333.36,-592.07,-74.65
2700.0,-301.76,-563.14,-40.37
2800.0,-269.55,-534.65,-4.44
2900.0,-237.21,-507.19,32.76
3000.0,-204.72,-480.72,71.28
3100.0,-171.96,-455.05,111.13
3200.0,-139.02,-430.14,152.09
3300.0,-106.08,-406.14,193.98
3400.0,-72.93,-382.75,236.90
3500.0,-39.46,-359.78,280.85
3600.0,1.47,-329.94,332.88
3700.0,42.61,-301.09,386.32
3800.0,83.75,-273.37,440.87
3900.0,131.43,-241.71,504.57
4000.0,180.67,-210.01,571.35
4100.0,229.93,-179.36,639.21
4200.0,279.31,-149.49,708.10
4300.0,328.97,-120.14,778.09
4400.0,378.82,-91.35,848.98
4500.0,428.79,-63.00,920.58
4600.0,478.67,-35.27,992.62
4700.0,528.69,-7.90,1065.27
4800.0,578.83,19.19,1138.48
4900.0,629.14,46.13,1212.16
5000.0,686.95,82.61,1291.30
5100.0,746.27,118.95,1373.59
5200.0,814.75,163.36,1466.14
5300.0,883.29,206.86,1559.72
5400.0,961.72,259.44,1664.00
5500.0,1055.33,325.75,1784.92
5600.0,1149.02,390.84,1907.21
5700.0,1244.90,456.78,2033.02
5800.0,1349.21,530.49,2167.93
5900.0,1453.69,603.17,2304.22
6000.0,1566.86,684.52,2449.20
6100.0,1679.98,764.61,2595.35
6200.0,1793.36,843.93,2742.79
6300.0,1906.93,922.52,2891.35
6400.0,2020.51,1000.24,3040.77
6500.0,2142.76,1088.53,3196.99
6600.0,2265.27,1176.19,3354.36
6700.0,2396.40,1274.44,3518.36
6800.0,2527.67,1371.79,3683.54
6900.0,2659.44,1468.75,3850.14
7000.0,2799.82,1574.52,4025.12
7100.0,2949.00,1689.40,4208.59
7200.0,3098.24,1803.40,4393.08
7300.0,3256.15,1927.35,4584.94
7400.0,3413.96,2050.23,4777.69
7500.0,3571.75,2172.18,4971.32
7600.0,3729.68,2293.48,5165.87
7700.0,3887.65,2414.08,5361.22
7800.0,4045.62,2533.97,5557.27
7900.0,4203.59,2653.21,5753.98
8000.0,4361.62,2771.91,5951.32
8100.0,4519.67,2890.08,6149.25
8200.0,4677.96,3008.06,6347.86
8300.0,4836.25,3125.55,6546.95
8400.0,5003.18,3254.23,6752.12
8500.0,5170.11,3382.35,6957.86
8600.0,5337.03,3509.94,7164.12
8700.0,5503.95,3637.02,7370.87
8800.0,5670.87,3763.66,7578.08
8900.0,5838.04,3890.16,7785.91
9000.0,6005.20,4016.27,7994.13
9100.0,6172.36,4141.99,8202.74
9200.0,6339.61,4267.46,8411.76
9300.0,6506.92,4392.69,8621.16
9400.0,6674.40,4517.81,8830.99
9500.0,6841.86,4642.62,9041.11
9600.0,7009.34,4767.16,9251.51
9700.0,7177.00,4891.69,9462.31
9800.0,7344.66,5015.98,9673.35
9900.0,7512.43,5140.17,9884.69
10000.0,7680.20,5264.14,10096.26
10100.0,7847.98,5387.91,10308.05
10200.0,8015.75,5511.47,10520.02
10300.0,8183.52,5634.84,10732.19
10400.0,8351.29,5758.05,10944.54
10500.0,8519.07,5881.08,11157.06
10600.0,8686.85,6003.96,11369.75
10700.0,8856.33,6127.82,11584.85
10800.0,9025.85,6251.60,11800.11
10900.0,9204.11,6386.81,12021.42
11000.0,9382.64,6522.17,12243.12
11100.0,9561.17,6657.32,12465.01
11200.0,9739.70,6792.29,12687.10
11300.0,9918.23,6927.08,12909.37
11400.0,10103.95,7071.42,13136.47
11500.0,10289.67,7215.54,13363.79
11600.0,10475.38,7359.47,13591.30
11700.0,10661.10,7503.21,13819.00
11800.0,10846.82,7646.75,14046.89
11900.0,11032.54,7790.13,14274.96
12000.0,11218.26,7933.33,14503.20
12100.0,11412.77,8088.12,14737.43
12200.0,11607.28,8242.69,14971.87
12300.0,11801.78,8397.05,15206.51
12400.0,11996.28,8551.20,15441.35
12500.0,12190.77,8705.16,15676.39
12600.0,12385.30,8858.98,15911.63
12700.0,12579.81,9012.59,16147.04
12800.0,12774.35,9166.07,16382.63
12900.0,12968.89,9319.38,16618.40
13000.0,13163.49,9472.61,16854.36
13100.0,13358.10,9625.71,17090.49
13200.0,13552.71,9778.66,17326.77
13300.0,13747.36,9931.50,17563.22
13400.0,13949.47,10094.47,17804.47
13500.0,14151.58,10257.27,18045.89
13600.0,14353.74,10419.97,18287.51
13700.0,14555.92,10582.56,18529.29
13800.0,14758.22,10745.15,18771.29
13900.0,14969.25,10919.94,19018.57
14000.0,15180.33,11094.61,19266.05
14100.0,15391.46,11269.16,19513.75
14200.0,15602.72,11443.74,19761.70
14300.0,15813.99,11618.15,20009.83
14400.0,16025.37,11792.54,20258.19
14500.0,16236.68,11966.69,20506.68
14600.0,16447.99,12140.66,20755.31
14700.0,16659.17,12314.30,21004.04
14800.0,16870.44,12487.90,21252.97
14900.0,17081.88,12661.63,21502.14
15000.0,17293.31,12835.18,21751.44
