episodes,mean,ci_down,ci_up
0.0,15.27,11.46,19.07
100.0,217.27,213.46,221.07
200.0,419.27,415.46,423.07
300.0,621.27,617.46,625.07
400.0,823.27,819.46,827.07
500.0,1025.27,1021.46,1029.07
600.0,1227.27,1223.46,1231.07
700.0,1429.27,1425.46,1433.07
800.0,1631.27,1627.46,1635.07
900.0,1833.27,1829.46,1837.07
1000.0,2035.27,2031.46,2039.07
1100.0,2237.27,2233.46,2241.07
1200.0,2439.27,2435.46,2443.07
1300.0,2641.27,2637.46,2645.07
1400.0,2843.27,2839.46,2847.07
1500.0,3045.27,3041.46,3049.07
1600.0,3247.27,3243.46,3251.07
1700.0,3449.27,3445.46,3453.07
1800.0,3651.27,3647.46,3655.07
1900.0,3853.27,3849.46,3857.07
2000.0,4055.27,4051.46,4059.07
2100.0,4257.27,4253.46,4261.07
2200.0,4459.27,4455.46,4463.07
2300.0,4661.27,4657.46,4665.07
2400.0,4863.27,4859.46,4867.07
2500.0,5065.27,5061.46,5069.07
2600.0,5261.20,5248.41,5273.99
2700.0,5457.13,5432.64,5481.63
2800.0,5653.07,5616.68,5689.45
2900.0,5849.00,5800.68,5897.32
3000.0,6044.93,5984.66,6105.21
3100.0,6240.87,6168.62,6313.11
3200.0,6436.80,6352.58,6521.02
3300.0,6632.73,6536.54,6728.93
3400.0,6828.67,6720.49,6936.84
3500.0,7024.60,6904.45,7144.75
3600.0,7214.47,7082.16,7346.77
3700.0,7404.33,7258.98,7549.69
3800.0,7594.20,7435.12,7753.28
3900.0,7778.07,7604.93,7951.20
4000.0,7961.93,7773.67,8150.20
4100.0,8145.80,7941.57,8350.03
4200.0,8329.67,8108.82,8550.51
4300.0,8513.53,8275.56,8751.50
4400.0,8697.40,8441.89,8952.91
4500.0,8881.27,8607.88,9154.65
4600.0,9065.13,8773.61,9356.66
4700.0,9249.00,8939.11,9558.89
4800.0,9432.87,9104.42,9761.31
4900.0,9616.73,9269.58,9963.89
5000.0,9794.53,9429.01,10160.05
5100.0,9972.27,9587.88,10356.65
5200.0,10143.93,9740.86,10547.01
5300.0,10315.60,9893.20,10738.00
5400.0,10481.20,10039.55,10922.85
5500.0,10634.73,10174.52,11094.94
5600.0,10788.27,10308.40,11268.14
5700.0,10941.73,10441.24,11442.23
5800.0,11089.13,10568.01,11610.25
5900.0,11236.53,10693.85,11779.22
6000.0,11377.87,10813.73,11942.00
6100.0,11519.20,10932.71,12105.69
6200.0,11660.53,11050.88,12270.19
6300.0,11801.87,11168.33,12435.40
6400.0,11943.20,11285.15,12601.25
6500.0,12078.47,11396.47,12760.46
6600.0,12213.73,11507.14,12920.32
6700.0,12342.93,11612.39,13073.48
6800.0,12472.13,11716.97,13227.29
6900.0,12601.33,11820.97,13381.70
7000.0,12724.47,11919.71,13529.22
7100.0,12841.53,12013.20,13669.87
7200.0,12958.60,12106.03,13811.17
7300.0,13069.60,12193.69,13945.51
7400.0,13180.60,12280.71,14080.49
7500.0,13291.60,12367.14,14216.06
7600.0,13402.60,12453.04,14352.16
7700.0,13513.60,12538.44,14488.76
7800.0,13624.60,12623.38,14625.82
7900.0,13735.60,12707.90,14763.30
8000.0,13846.60,12792.03,14901.17
8100.0,13957.60,12875.79,15039.41
8200.0,14068.60,12959.21,15177.99
8300.0,14179.60,13042.33,15316.87
8400.0,14284.53,13120.91,15448.16
8500.0,14389.47,13199.13,15579.80
8600.0,14494.40,13277.03,15711.77
8700.0,14599.33,13354.63,15844.04
8800.0,14704.27,13431.94,15976.59
8900.0,14809.20,13508.99,16109.41
9000.0,14914.13,13585.78,16242.48
9100.0,15019.07,13662.34,16375.79
9200.0,15124.00,13738.68,16509.32
9300.0,15228.93,13814.82,16643.05
9400.0,15333.87,13890.76,16776.98
9500.0,15438.80,13966.51,16911.09
9600.0,15543.73,14042.10,17045.37
9700.0,15648.67,14117.52,17179.81
9800.0,15753.60,14192.79,17314.41
9900.0,15858.53,14267.91,17449.16
10000.0,15963.47,14342.90,17584.03
10100.0,16068.40,14417.76,17719.04
10200.0,16173.33,14492.49,17854.17
10300.0,16278.27,14567.11,17989.42
10400.0,16383.20,14641.63,18124.77
10500.0,16488.13,14716.03,18260.23
10600.0,16593.07,14790.34,18395.79
10700.0,16698.00,14864.55,18531.45
10800.0,16802.93,14938.68,18667.19
10900.0,16901.80,15008.83,18794.77
11000.0,17000.67,15078.84,18922.49
11100.0,17099.53,15148.72,19050.35
11200.0,17198.40,15218.46,19178.34
11300.0,17297.27,15288.09,19306.45
11400.0,17390.13,15353.80,19426.47
11500.0,17483.00,15419.34,19546.66
11600.0,17575.87,15484.74,19667.00
11700.0,17668.73,15549.98,19787.48
11800.0,17761.60,15615.09,19908.11
11900.0,17854.47,15680.05,20028.88
12000.0,17947.33,15744.89,20149.78
12100.0,18034.13,15805.85,20262.42
12200.0,18120.93,15866.65,20375.22
12300.0,18207.73,15927.29,20488.17
12400.0,18294.53,15987.79,20601.28
12500.0,18381.33,16048.13,20714.53
12600.0,18468.13,16108.34,20827.93
12700.0,18554.93,16168.40,20941.46
12800.0,18641.73,16228.34,21055.13
12900.0,18728.53,16288.14,21168.92
13000.0,18815.33,16347.82,21282.84
13100.0,18902.13,16407.39,21396.88
13200.0,18988.93,16466.83,21511.03
13300.0,19075.73,16526.17,21625.30
13400.0,19156.47,16581.82,21731.12
13500.0,19237.20,16637.33,21837.07
13600.0,19317.93,16692.71,21943.16
13700.0,19398.67,16747.95,22049.38
13800.0,19479.40,16803.07,22155.73
13900.0,19554.07,16854.55,22253.58
14000.0,19628.73,16905.88,22351.58
14100.0,19703.40,16957.08,22449.72
14200.0,19778.07,17008.13,22548.00
14300.0,19852.73,17059.05,22646.42
14400.0,19927.40,17109.83,22744.97
14500.0,20002.07,17160.49,22843.64
14600.0,20076.73,17211.02,22942.44
14700.0,20151.40,17261.43,23041.37
14800.0,20226.07,17311.72,23140.41
14900.0,20300.73,17361.90,23239.57
15000.0,20375.40,17411.96,23338.84
