episodes,mean,ci_down,ci_up
0.0,15.27,11.46,19.07
100.0,202.00,202.00,202.00
200.0,202.00,202.00,202.00
300.0,202.00,202.00,202.00
400.0,202.00,202.00,202.00
500.0,202.00,202.00,202.00
600.0,202.00,202.00,202.00
700.0,202.00,202.00,202.00
800.0,202.00,202.00,202.00
900.0,202.00,202.00,202.00
1000.0,202.00,202.00,202.00
1100.0,202.00,202.00,202.00
1200.0,202.00,202.00,202.00
1300.0,202.00,202.00,202.00
1400.0,202.00,202.00,202.00
1500.0,202.00,202.00,202.00
1600.0,202.00,202.00,202.00
1700.0,202.00,202.00,202.00
1800.0,202.00,202.00,202.00
1900.0,202.00,202.00,202.00
2000.0,202.00,202.00,202.00
2100.0,202.00,202.00,202.00
2200.0,202.00,202.00,202.00
2300.0,202.00,202.00,202.00
2400.0,202.00,202.00,202.00
2500.0,202.00,202.00,202.00
2600.0,195.93,183.95,207.92
2700.0,195.93,183.95,207.92
2800.0,195.93,183.95,207.92
2900.0,195.93,183.95,207.92
3000.0,195.93,183.95,207.92
3100.0,195.93,183.95,207.92
3200.0,195.93,183.95,207.92
3300.0,195.93,183.95,207.92
3400.0,195.93,183.95,207.92
3500.0,195.93,183.95,207.92
3600.0,189.87,173.21,206.52
3700.0,189.87,173.21,206.52
3800.0,189.87,173.21,206.52
3900.0,183.87,163.91,203.83
4000.0,183.87,163.91,203.83
4100.0,183.87,163.91,203.83
4200.0,183.87,163.91,203.83
4300.0,183.87,163.91,203.83
4400.0,183.87,163.91,203.83
4500.0,183.87,163.91,203.83
4600.0,183.87,163.91,203.83
4700.0,183.87,163.91,203.83
4800.0,183.87,163.91,203.83
4900.0,183.87,163.91,203.83
5000.0,177.80,155.16,200.44
5100.0,177.73,155.03,200.43
5200.0,171.67,146.78,196.55
5300.0,171.67,146.78,196.55
5400.0,165.60,138.89,192.31
5500.0,153.53,124.04,183.02
5600.0,153.53,124.04,183.02
5700.0,153.47,123.94,183.00
5800.0,147.40,116.80,178.00
5900.0,147.40,116.80,178.00
6000.0,141.33,109.85,172.81
6100.0,141.33,109.85,172.81
6200.0,141.33,109.85,172.81
6300.0,141.33,109.85,172.81
6400.0,141.33,109.85,172.81
6500.0,135.27,103.09,167.45
6600.0,135.27,103.09,167.45
6700.0,129.20,96.49,161.91
6800.0,129.20,96.49,161.91
6900.0,129.20,96.49,161.91
7000.0,123.13,90.04,156.22
7100.0,117.07,83.75,150.38
7200.0,117.07,83.75,150.38
7300.0,111.00,77.61,144.39
7400.0,111.00,77.61,144.39
7500.0,111.00,77.61,144.39
7600.0,111.00,77.61,144.39
7700.0,111.00,77.61,144.39
7800.0,111.00,77.61,144.39
7900.0,111.00,77.61,144.39
8000.0,111.00,77.61,144.39
8100.0,111.00,77.61,144.39
8200.0,111.00,77.61,144.39
8300.0,111.00,77.61,144.39
8400.0,104.93,71.62,138.25
8500.0,104.93,71.62,138.25
8600.0,104.93,71.62,138.25
8700.0,104.93,71.62,138.25
8800.0,104.93,71.62,138.25
8900.0,104.93,71.62,138.25
9000.0,104.93,71.62,138.25
9100.0,104.93,71.62,138.25
9200.0,104.93,71.62,138.25
9300.0,104.93,71.62,138.25
9400.0,104.93,71.62,138.25
9500.0,104.93,71.62,138.25
9600.0,104.93,71.62,138.25
9700.0,104.93,71.62,138.25
9800.0,104.93,71.62,138.25
9900.0,104.93,71.62,138.25
10000.0,104.93,71.62,138.25
10100.0,104.93,71.62,138.25
10200.0,104.93,71.62,138.25
10300.0,104.93,71.62,138.25
10400.0,104.93,71.62,138.25
10500.0,104.93,71.62,138.25
10600.0,104.93,71.62,138.25
10700.0,104.93,71.62,138.25
10800.0,104.93,71.62,138.25
10900.0,98.87,65.78,131.96
11000.0,98.87,65.78,131.96
11100.0,98.87,65.78,131.96
11200.0,98.87,65.78,131.96
11300.0,98.87,65.78,131.96
11400.0,92.87,60.17,125.56
11500.0,92.87,60.17,125.56
11600.0,92.87,60.17,125.56
11700.0,92.87,60.17,125.56
11800.0,92.87,60.17,125.56
11900.0,92.87,60.17,125.56
12000.0,92.87,60.17,125.56
12100.0,86.80,54.64,118.96
12200.0,86.80,54.64,118.96
12300.0,86.80,54.64,118.96
12400.0,86.80,54.64,118.96
12500.0,86.80,54.64,118.96
12600.0,86.80,54.64,118.96
12700.0,86.80,54.64,118.96
12800.0,86.80,54.64,118.96
12900.0,86.80,54.64,118.96
13000.0,86.80,54.64,118.96
13100.0,86.80,54.64,118.96
13200.0,86.80,54.64,118.96
13300.0,86.80,54.64,118.96
13400.0,80.73,49.27,112.20
13500.0,80.73,49.27,112.20
13600.0,80.73,49.27,112.20
13700.0,80.73,49.27,112.20
13800.0,80.73,49.27,112.20
13900.0,74.67,44.08,105.25
14000.0,74.67,44.08,105.25
14100.0,74.67,44.08,105.25
14200.0,74.67,44.08,105.25
14300.0,74.67,44.08,105.25
14400.0,74.67,44.08,105.25
14500.0,74.67,44.08,105.25
14600.0,74.67,44.08,105.25
14700.0,74.67,44.08,105.25
14800.0,74.67,44.08,105.25
14900.0,74.67,44.08,105.25
15000.0,74.67,44.08,105.25
