episodes,mean,ci_down,ci_up
0.0,-862.30,-1119.04,-605.55
100.0,16.47,16.11,16.83
200.0,16.65,16.31,17.00
300.0,17.22,16.78,17.67
400.0,17.51,17.03,17.99
500.0,17.75,17.27,18.24
600.0,18.23,17.74,18.72
700.0,18.40,17.93,18.87
800.0,18.75,18.32,19.18
900.0,19.19,18.61,19.77
1000.0,19.61,19.03,20.20
1100.0,19.85,19.20,20.50
1200.0,20.16,19.47,20.86
1300.0,20.50,19.75,21.25
1400.0,20.72,20.02,21.42
1500.0,20.84,20.18,21.50
1600.0,21.01,20.38,21.64
1700.0,21.00,20.30,21.70
1800.0,21.16,20.39,21.93
1900.0,21.27,20.49,22.06
2000.0,21.39,20.60,22.18
2100.0,21.68,20.77,22.58
2200.0,21.78,20.88,22.67
2300.0,21.88,21.01,22.74
2400.0,22.14,21.09,23.18
2500.0,22.33,21.20,23.46
2600.0,31.44,13.21,49.67
2700.0,31.60,13.39,49.82
2800.0,32.21,14.02,50.39
2900.0,32.33,14.15,50.51
3000.0,32.49,14.32,50.67
3100.0,32.76,14.59,50.93
3200.0,32.94,14.78,51.10
3300.0,32.94,14.78,51.11
3400.0,33.15,15.00,51.30
3500.0,33.46,15.33,51.59
3600.0,40.93,17.67,64.20
3700.0,41.14,17.89,64.39
3800.0,41.13,17.88,64.38
3900.0,47.69,21.97,73.40
4000.0,49.23,21.86,76.61
4100.0,49.26,21.89,76.64
4200.0,49.38,22.02,76.74
4300.0,49.67,22.33,77.00
4400.0,49.84,22.52,77.16
4500.0,49.97,22.66,77.28
4600.0,49.89,22.57,77.20
4700.0,50.01,22.72,77.31
4800.0,50.15,22.86,77.44
4900.0,50.31,23.03,77.58
5000.0,57.81,27.43,88.19
5100.0,59.31,27.80,90.83
5200.0,68.48,33.38,103.59
5300.0,68.54,33.44,103.64
5400.0,78.43,40.46,116.41
5500.0,93.61,51.86,135.36
5600.0,93.69,51.96,135.42
5700.0,95.88,53.22,138.54
5800.0,104.31,59.78,148.84
5900.0,104.49,59.99,148.98
6000.0,113.17,67.14,159.19
6100.0,113.12,67.08,159.16
6200.0,113.38,67.40,159.36
6300.0,113.57,67.64,159.51
6400.0,113.57,67.64,159.51
6500.0,122.25,75.05,169.45
6600.0,122.52,75.39,169.65
6700.0,131.12,82.95,179.29
6800.0,131.27,83.14,179.40
6900.0,131.77,83.78,179.76
7000.0,140.38,91.59,189.17
7100.0,149.18,99.86,198.50
7200.0,149.24,99.94,198.54
7300.0,157.91,108.25,207.56
7400.0,157.82,108.13,207.50
7500.0,157.79,108.09,207.49
7600.0,157.93,108.28,207.57
7700.0,157.97,108.34,207.60
7800.0,157.97,108.34,207.60
7900.0,157.97,108.34,207.60
8000.0,158.02,108.41,207.64
8100.0,158.05,108.45,207.65
8200.0,158.29,108.77,207.81
8300.0,158.29,108.77,207.81
8400.0,166.93,117.25,216.60
8500.0,166.93,117.26,216.60
8600.0,166.93,117.26,216.60
8700.0,166.91,117.23,216.59
8800.0,166.93,117.25,216.60
8900.0,167.16,117.58,216.75
9000.0,167.16,117.58,216.75
9100.0,167.16,117.58,216.75
9200.0,167.24,117.69,216.80
9300.0,167.32,117.79,216.84
9400.0,167.48,118.02,216.94
9500.0,167.46,117.99,216.93
9600.0,167.47,118.01,216.94
9700.0,167.66,118.27,217.05
9800.0,167.67,118.27,217.06
9900.0,167.77,118.41,217.12
10000.0,167.77,118.41,217.12
10100.0,167.78,118.43,217.13
10200.0,167.77,118.41,217.12
10300.0,167.77,118.41,217.12
10400.0,167.78,118.43,217.13
10500.0,167.78,118.43,217.13
10600.0,167.78,118.43,217.13
10700.0,169.48,119.80,219.16
10800.0,169.52,119.85,219.19
10900.0,178.26,128.74,227.78
11000.0,178.53,129.12,227.93
11100.0,178.53,129.12,227.93
11200.0,178.53,129.12,227.93
11300.0,178.53,129.12,227.94
11400.0,185.72,137.20,234.24
11500.0,185.72,137.20,234.24
11600.0,185.72,137.20,234.24
11700.0,185.72,137.20,234.24
11800.0,185.72,137.20,234.24
11900.0,185.72,137.20,234.24
12000.0,185.72,137.20,234.24
12100.0,194.51,146.56,242.46
12200.0,194.51,146.56,242.46
12300.0,194.50,146.54,242.45
12400.0,194.50,146.54,242.45
12500.0,194.50,146.54,242.45
12600.0,194.53,146.59,242.47
12700.0,194.51,146.56,242.46
12800.0,194.54,146.60,242.47
12900.0,194.54,146.60,242.47
13000.0,194.60,146.69,242.51
13100.0,194.61,146.72,242.51
13200.0,194.61,146.71,242.51
13300.0,194.65,146.76,242.53
13400.0,202.11,155.40,248.82
13500.0,202.11,155.40,248.82
13600.0,202.16,155.47,248.85
13700.0,202.19,155.51,248.86
13800.0,202.30,155.67,248.92
13900.0,211.03,165.41,256.66
14000.0,211.08,165.48,256.68
14100.0,211.12,165.55,256.70
14200.0,211.27,165.77,256.77
14300.0,211.27,165.77,256.77
14400.0,211.38,165.94,256.81
14500.0,211.32,165.85,256.79
14600.0,211.30,165.83,256.78
14700.0,211.19,165.64,256.73
14800.0,211.26,165.76,256.76
14900.0,211.45,166.05,256.85
15000.0,211.43,166.01,256.84
