trial,mean,ci_down,ci_up
0.0,52.18,51.32,53.04
10.0,52.66,51.44,53.89
20.0,51.48,50.24,52.73
30.0,51.53,50.20,52.87
40.0,50.09,48.80,51.39
50.0,50.34,49.02,51.65
60.0,50.00,48.75,51.25
70.0,49.39,48.19,50.59
80.0,48.44,47.09,49.79
90.0,49.40,47.91,50.90
100.0,48.08,46.50,49.65
110.0,48.24,46.67,49.81
120.0,47.76,46.21,49.32
130.0,48.32,46.74,49.90
140.0,47.57,46.07,49.07
150.0,46.14,44.78,47.50
160.0,46.76,45.34,48.18
170.0,46.50,44.83,48.16
180.0,46.36,44.78,47.94
190.0,46.08,44.39,47.78
200.0,45.79,44.09,47.48
210.0,45.32,43.78,46.86
220.0,45.20,43.59,46.81
230.0,45.64,44.17,47.12
240.0,45.36,43.70,47.01
250.0,45.42,43.54,47.30
260.0,45.06,43.21,46.90
270.0,45.21,43.40,47.03
280.0,44.66,42.89,46.42
290.0,44.72,42.93,46.51
300.0,44.35,42.43,46.27
310.0,44.72,43.05,46.39
320.0,43.39,41.89,44.90
330.0,44.02,42.23,45.81
340.0,43.36,41.79,44.94
350.0,44.24,42.53,45.96
360.0,44.19,42.44,45.94
370.0,43.39,41.59,45.18
380.0,42.80,41.15,44.46
390.0,43.08,41.45,44.72
400.0,42.57,40.88,44.26
410.0,42.87,41.24,44.51
420.0,43.44,41.67,45.21
430.0,42.80,41.09,44.51
440.0,43.18,41.39,44.97
450.0,42.53,40.77,44.29
460.0,42.16,40.45,43.86
470.0,42.23,40.51,43.96
480.0,42.32,40.53,44.11
490.0,42.45,40.43,44.46
500.0,42.55,40.73,44.38
510.0,41.47,39.61,43.32
520.0,42.37,40.57,44.16
530.0,41.66,40.05,43.28
540.0,41.81,40.07,43.55
550.0,42.20,40.45,43.95
560.0,42.08,40.23,43.94
570.0,41.88,40.01,43.75
580.0,41.79,40.01,43.58
590.0,41.26,39.29,43.24
600.0,41.21,39.46,42.96
610.0,42.01,40.04,43.97
620.0,40.61,38.98,42.25
630.0,40.93,39.33,42.52
640.0,41.14,39.24,43.05
650.0,41.35,39.57,43.13
660.0,41.24,39.46,43.03
670.0,41.40,39.68,43.13
680.0,41.29,39.59,43.00
690.0,41.08,39.42,42.74
700.0,41.23,39.42,43.03
710.0,40.89,39.02,42.76
720.0,40.44,38.66,42.23
730.0,40.68,39.09,42.28
740.0,40.18,38.29,42.06
750.0,40.41,38.62,42.19
760.0,40.96,39.11,42.81
770.0,40.26,38.59,41.92
780.0,40.32,38.61,42.03
790.0,40.97,39.11,42.83
800.0,40.74,39.16,42.31
810.0,39.85,38.15,41.55
820.0,40.16,38.38,41.94
830.0,39.69,38.08,41.29
840.0,40.18,38.45,41.91
850.0,39.98,38.27,41.70
860.0,39.70,38.05,41.34
870.0,40.64,38.86,42.42
880.0,39.90,38.18,41.63
890.0,40.01,38.16,41.87
900.0,40.38,38.54,42.23
910.0,39.81,37.96,41.65
920.0,40.32,38.40,42.25
930.0,40.20,38.43,41.98
940.0,39.63,37.92,41.33
950.0,39.92,38.28,41.56
960.0,39.88,38.40,41.36
970.0,40.09,38.11,42.07
980.0,39.63,37.99,41.28
990.0,39.94,38.10,41.79
1000.0,39.86,38.00,41.73
1010.0,40.07,38.36,41.78
1020.0,39.33,37.60,41.06
1030.0,39.75,38.03,41.46
1040.0,39.60,37.91,41.30
1050.0,39.15,37.44,40.86
1060.0,38.94,36.93,40.94
1070.0,39.70,38.00,41.41
1080.0,39.17,37.46,40.88
1090.0,40.09,38.23,41.96
1100.0,40.03,38.15,41.92
1110.0,39.52,37.80,41.23
1120.0,39.51,37.62,41.40
1130.0,40.10,38.26,41.94
1140.0,38.99,37.34,40.64
1150.0,38.67,37.01,40.34
1160.0,39.28,37.51,41.04
1170.0,38.56,36.94,40.18
1180.0,38.95,37.07,40.83
1190.0,39.34,37.54,41.14
1200.0,38.52,36.92,40.12
1210.0,39.34,37.39,41.29
1220.0,39.34,37.61,41.07
1230.0,39.59,37.59,41.59
1240.0,39.55,37.67,41.44
1250.0,39.48,37.72,41.24
1260.0,39.15,37.29,41.02
1270.0,39.20,37.18,41.22
1280.0,39.67,37.79,41.54
1290.0,39.74,37.93,41.55
1300.0,39.06,37.25,40.88
1310.0,39.83,38.18,41.48
1320.0,38.87,37.16,40.58
1330.0,38.91,37.18,40.63
1340.0,38.79,37.01,40.57
1350.0,38.64,37.00,40.29
1360.0,39.08,37.39,40.78
1370.0,40.05,38.12,41.98
1380.0,38.91,36.99,40.83
1390.0,38.67,36.78,40.57
1400.0,38.82,36.90,40.75
1410.0,38.98,37.16,40.80
1420.0,38.55,36.82,40.29
1430.0,39.09,37.24,40.95
1440.0,39.11,37.30,40.92
1450.0,39.20,37.47,40.93
1460.0,39.07,37.17,40.97
1470.0,38.48,36.71,40.25
1480.0,39.04,37.34,40.75
1490.0,38.91,36.91,40.91
1500.0,38.74,37.06,40.43
1510.0,38.97,37.17,40.76
1520.0,39.45,37.54,41.36
1530.0,38.59,36.84,40.34
1540.0,38.34,36.43,40.25
1550.0,38.95,37.13,40.77
1560.0,38.90,36.92,40.89
1570.0,37.94,36.11,39.77
1580.0,38.56,36.76,40.35
1590.0,38.31,36.41,40.22
1600.0,38.46,36.68,40.23
1610.0,38.33,36.64,40.03
1620.0,38.69,36.79,40.59
1630.0,38.85,36.88,40.83
1640.0,38.22,36.44,40.00
1650.0,38.19,36.34,40.04
1660.0,38.51,36.54,40.48
1670.0,38.32,36.58,40.06
1680.0,38.46,36.53,40.38
1690.0,38.89,36.98,40.80
1700.0,38.27,36.32,40.22
1710.0,38.74,36.87,40.60
1720.0,38.62,36.66,40.58
1730.0,38.23,36.31,40.15
1740.0,39.05,37.14,40.96
1750.0,38.45,36.59,40.31
1760.0,38.20,36.34,40.06
1770.0,38.83,37.00,40.67
1780.0,38.64,36.73,40.55
1790.0,38.76,36.89,40.63
1800.0,38.57,36.47,40.67
1810.0,38.71,36.81,40.62
1820.0,38.26,36.40,40.12
1830.0,38.69,36.75,40.62
1840.0,38.36,36.30,40.41
1850.0,38.44,36.59,40.29
1860.0,38.65,36.53,40.76
1870.0,38.84,37.05,40.64
1880.0,39.00,37.00,41.00
1890.0,38.46,36.51,40.41
1900.0,38.84,37.02,40.67
1910.0,38.47,36.61,40.33
1920.0,38.96,36.88,41.04
1930.0,39.18,37.24,41.13
1940.0,38.77,36.79,40.75
1950.0,38.14,36.35,39.92
1960.0,38.03,36.41,39.65
1970.0,38.04,36.18,39.90
1980.0,37.74,36.00,39.49
1990.0,38.22,36.41,40.03
2000.0,38.37,36.29,40.44
2010.0,38.37,36.46,40.29
2020.0,38.20,36.46,39.95
2030.0,38.36,36.45,40.28
2040.0,38.10,36.24,39.96
2050.0,38.91,36.97,40.85
2060.0,38.13,36.03,40.24
2070.0,37.87,36.15,39.59
2080.0,38.40,36.56,40.24
2090.0,38.41,36.51,40.30
2100.0,38.07,36.24,39.90
2110.0,38.42,36.49,40.34
2120.0,37.89,36.17,39.60
2130.0,37.94,36.14,39.75
2140.0,38.14,36.17,40.10
2150.0,38.57,36.67,40.47
2160.0,38.19,36.45,39.94
2170.0,37.87,36.07,39.67
2180.0,38.63,36.61,40.64
2190.0,38.06,36.17,39.95
2200.0,38.36,36.41,40.31
2210.0,37.30,35.31,39.29
2220.0,38.13,36.13,40.12
2230.0,38.38,36.55,40.21
2240.0,37.86,35.91,39.82
2250.0,38.21,36.22,40.20
2260.0,37.77,35.99,39.54
2270.0,38.03,35.99,40.06
2280.0,38.00,36.05,39.96
2290.0,37.88,36.03,39.73
2300.0,38.08,36.13,40.03
2310.0,38.19,36.27,40.12
2320.0,38.56,36.64,40.47
2330.0,38.20,36.35,40.06
2340.0,38.49,36.66,40.31
2350.0,37.91,36.00,39.83
2360.0,38.78,36.76,40.81
2370.0,38.47,36.75,40.20
2380.0,38.18,36.41,39.94
2390.0,38.43,36.48,40.37
2400.0,38.08,36.16,39.99
2410.0,37.95,35.85,40.06
2420.0,37.64,35.65,39.63
2430.0,38.07,36.26,39.87
2440.0,37.42,35.55,39.30
2450.0,38.22,36.32,40.12
2460.0,38.37,36.42,40.32
2470.0,37.89,36.10,39.69
2480.0,37.38,35.61,39.15
2490.0,38.98,36.96,40.99
2500.0,38.06,36.17,39.95
2510.0,37.84,36.02,39.67
2520.0,37.95,36.05,39.85
2530.0,38.38,36.47,40.30
2540.0,37.89,35.98,39.81
2550.0,37.82,35.91,39.74
2560.0,38.26,36.48,40.04
2570.0,38.13,36.24,40.03
2580.0,38.17,36.26,40.08
2590.0,38.03,36.04,40.03
2600.0,38.01,36.08,39.95
2610.0,38.26,36.35,40.17
2620.0,38.70,36.61,40.79
2630.0,37.95,36.08,39.82
2640.0,37.96,36.05,39.87
2650.0,38.23,36.30,40.15
2660.0,38.58,36.50,40.66
2670.0,37.88,35.94,39.82
2680.0,37.96,36.11,39.82
2690.0,37.90,35.95,39.84
2700.0,37.92,35.84,40.00
2710.0,37.64,35.66,39.61
2720.0,37.36,35.49,39.24
2730.0,37.87,36.00,39.74
2740.0,37.94,35.80,40.08
2750.0,37.97,35.98,39.95
2760.0,37.65,35.78,39.53
2770.0,37.64,35.69,39.58
2780.0,37.89,35.90,39.88
2790.0,37.82,35.79,39.85
2800.0,38.25,36.40,40.09
2810.0,38.20,36.28,40.13
2820.0,38.44,36.50,40.37
2830.0,37.77,35.92,39.63
2840.0,37.12,35.16,39.08
2850.0,38.15,36.16,40.14
2860.0,38.13,36.08,40.18
2870.0,37.73,35.89,39.56
2880.0,38.15,36.33,39.97
2890.0,37.60,35.70,39.49
2900.0,38.05,36.32,39.79
2910.0,38.41,36.36,40.46
2920.0,37.67,35.76,39.58
2930.0,37.72,35.82,39.61
2940.0,37.99,36.10,39.89
2950.0,38.26,36.34,40.18
2960.0,38.19,36.12,40.26
2970.0,37.49,35.61,39.38
2980.0,37.11,35.39,38.82
2990.0,37.93,35.84,40.02
3000.0,38.16,36.28,40.04
3010.0,38.53,36.38,40.68
3020.0,37.11,35.35,38.87
3030.0,37.37,35.44,39.31
3040.0,37.97,36.03,39.92
3050.0,36.94,35.23,38.65
3060.0,37.38,35.41,39.34
3070.0,37.69,35.79,39.58
3080.0,37.20,35.09,39.30
3090.0,37.84,35.84,39.83
3100.0,38.09,36.13,40.05
3110.0,37.81,35.76,39.87
3120.0,37.68,35.88,39.49
3130.0,37.91,36.02,39.80
3140.0,38.12,36.18,40.05
3150.0,37.58,35.61,39.56
3160.0,36.88,35.21,38.56
3170.0,38.16,36.34,39.99
3180.0,37.45,35.39,39.52
3190.0,37.74,35.88,39.60
3200.0,37.48,35.44,39.51
3210.0,37.45,35.47,39.43
3220.0,37.28,35.36,39.21
3230.0,36.70,34.80,38.61
3240.0,37.50,35.48,39.51
3250.0,38.03,35.91,40.14
3260.0,36.90,34.96,38.83
3270.0,37.80,35.75,39.85
3280.0,37.95,35.95,39.94
3290.0,37.38,35.59,39.18
3300.0,37.98,36.00,39.96
3310.0,38.24,36.25,40.22
3320.0,37.58,35.68,39.47
3330.0,37.14,35.29,39.00
3340.0,38.06,35.92,40.19
3350.0,37.63,35.75,39.52
3360.0,37.61,35.52,39.70
3370.0,37.14,35.32,38.96
3380.0,37.61,35.71,39.51
3390.0,37.10,35.04,39.16
3400.0,37.79,35.93,39.66
3410.0,37.72,35.83,39.61
3420.0,37.50,35.44,39.56
3430.0,38.17,36.11,40.23
3440.0,37.67,35.74,39.61
3450.0,37.26,35.25,39.27
3460.0,37.74,35.83,39.64
3470.0,37.44,35.43,39.46
3480.0,37.68,35.66,39.70
3490.0,37.19,35.29,39.08
3500.0,37.08,35.22,38.94
3510.0,37.64,35.86,39.41
3520.0,37.85,35.99,39.70
3530.0,37.12,35.20,39.03
3540.0,37.60,35.64,39.57
3550.0,37.31,35.43,39.19
3560.0,37.49,35.47,39.51
3570.0,37.46,35.41,39.51
3580.0,37.49,35.40,39.58
3590.0,37.27,35.31,39.23
3600.0,37.18,35.23,39.13
3610.0,37.57,35.73,39.41
3620.0,38.09,36.16,40.01
3630.0,37.23,35.24,39.22
3640.0,37.65,35.70,39.61
3650.0,37.62,35.66,39.57
3660.0,37.80,35.93,39.68
3670.0,37.48,35.62,39.35
3680.0,38.00,35.95,40.06
3690.0,37.89,35.92,39.86
3700.0,37.25,35.42,39.08
3710.0,37.40,35.42,39.37
3720.0,37.43,35.49,39.37
3730.0,37.73,35.72,39.75
3740.0,37.15,35.21,39.08
3750.0,37.10,35.15,39.05
3760.0,37.27,35.37,39.18
3770.0,37.32,35.30,39.33
3780.0,36.92,35.08,38.76
3790.0,38.12,35.90,40.34
3800.0,38.00,35.90,40.10
3810.0,38.20,36.09,40.31
3820.0,37.79,35.94,39.64
3830.0,37.45,35.38,39.51
3840.0,37.70,35.53,39.88
3850.0,37.64,35.71,39.58
3860.0,37.50,35.43,39.56
3870.0,37.71,35.81,39.61
3880.0,37.66,35.74,39.58
3890.0,37.29,35.13,39.45
3900.0,37.89,35.78,39.99
3910.0,37.54,35.47,39.61
3920.0,38.13,36.17,40.08
3930.0,37.98,35.85,40.12
3940.0,37.50,35.40,39.60
3950.0,37.26,35.33,39.19
3960.0,37.40,35.45,39.35
3970.0,37.65,35.81,39.48
3980.0,38.15,36.10,40.21
3990.0,37.84,35.88,39.81
4000.0,37.28,35.19,39.36
4010.0,37.64,35.63,39.64
4020.0,37.38,35.41,39.35
4030.0,38.19,36.26,40.12
4040.0,37.51,35.39,39.62
4050.0,37.25,35.29,39.21
4060.0,37.33,35.42,39.23
4070.0,38.09,35.85,40.34
4080.0,37.32,35.31,39.33
4090.0,37.30,35.22,39.38
4100.0,37.60,35.76,39.44
4110.0,37.78,35.74,39.81
4120.0,37.55,35.63,39.47
4130.0,37.62,35.55,39.69
4140.0,37.52,35.54,39.50
4150.0,37.66,35.82,39.51
4160.0,37.01,35.14,38.88
4170.0,37.05,35.08,39.01
4180.0,37.59,35.47,39.71
4190.0,37.07,35.20,38.95
4200.0,37.22,35.37,39.07
4210.0,37.88,35.91,39.84
4220.0,37.18,35.34,39.02
4230.0,37.32,35.21,39.42
4240.0,37.11,35.30,38.92
4250.0,36.97,35.05,38.89
4260.0,37.87,35.77,39.97
4270.0,37.00,34.91,39.09
4280.0,37.69,35.76,39.62
4290.0,37.74,35.89,39.59
4300.0,37.30,35.24,39.36
4310.0,38.04,36.05,40.03
4320.0,37.10,35.21,38.99
4330.0,37.67,35.77,39.57
4340.0,37.03,35.04,39.02
4350.0,37.31,35.45,39.16
4360.0,37.50,35.53,39.46
4370.0,37.14,35.12,39.17
4380.0,37.70,35.54,39.86
4390.0,37.63,35.58,39.67
4400.0,37.77,35.60,39.94
4410.0,37.14,35.07,39.21
4420.0,37.42,35.27,39.57
4430.0,37.60,35.50,39.70
4440.0,36.83,34.92,38.73
4450.0,37.09,35.39,38.80
4460.0,38.07,36.01,40.13
4470.0,37.48,35.48,39.48
4480.0,37.89,35.75,40.02
4490.0,37.95,35.90,40.01
4500.0,38.08,36.14,40.03
