trial,mean,ci_down,ci_up
0.0,0.13,0.08,0.17
10.0,0.14,0.07,0.21
20.0,0.17,0.08,0.25
30.0,0.18,0.11,0.25
40.0,0.16,0.10,0.23
50.0,0.16,0.10,0.23
60.0,0.17,0.11,0.24
70.0,0.19,0.12,0.27
80.0,0.18,0.11,0.25
90.0,0.19,0.11,0.26
100.0,0.17,0.10,0.24
110.0,0.17,0.10,0.25
120.0,0.20,0.12,0.28
130.0,0.16,0.09,0.23
140.0,0.19,0.12,0.26
150.0,0.16,0.10,0.23
160.0,0.19,0.11,0.27
170.0,0.19,0.12,0.25
180.0,0.22,0.14,0.30
190.0,0.16,0.09,0.24
200.0,0.19,0.12,0.27
210.0,0.20,0.12,0.28
220.0,0.15,0.08,0.21
230.0,0.21,0.12,0.29
240.0,0.18,0.10,0.26
250.0,0.19,0.12,0.26
260.0,0.21,0.14,0.28
270.0,0.17,0.10,0.23
280.0,0.19,0.12,0.27
290.0,0.20,0.12,0.28
300.0,0.18,0.10,0.25
310.0,0.15,0.09,0.21
320.0,0.22,0.14,0.29
330.0,0.20,0.13,0.27
340.0,0.20,0.13,0.28
350.0,0.21,0.12,0.30
360.0,0.19,0.11,0.27
370.0,0.14,0.08,0.20
380.0,0.19,0.11,0.27
390.0,0.17,0.11,0.24
400.0,0.18,0.10,0.25
410.0,0.20,0.11,0.28
420.0,0.20,0.12,0.28
430.0,0.17,0.10,0.23
440.0,0.19,0.11,0.27
450.0,0.20,0.13,0.27
460.0,0.20,0.13,0.27
470.0,0.22,0.13,0.31
480.0,0.20,0.13,0.28
490.0,0.18,0.10,0.25
500.0,0.19,0.12,0.26
510.0,0.18,0.11,0.24
520.0,0.19,0.11,0.27
530.0,0.19,0.11,0.26
540.0,0.21,0.14,0.29
550.0,0.15,0.10,0.21
560.0,0.17,0.12,0.23
570.0,0.20,0.13,0.26
580.0,0.20,0.12,0.27
590.0,0.17,0.11,0.23
600.0,0.16,0.10,0.22
610.0,0.14,0.08,0.20
620.0,0.21,0.14,0.28
630.0,0.20,0.13,0.27
640.0,0.17,0.10,0.24
650.0,0.18,0.11,0.26
660.0,0.16,0.10,0.23
670.0,0.21,0.12,0.29
680.0,0.18,0.11,0.25
690.0,0.18,0.12,0.25
700.0,0.18,0.11,0.24
710.0,0.18,0.11,0.26
720.0,0.21,0.13,0.29
730.0,0.17,0.10,0.24
740.0,0.21,0.13,0.28
750.0,0.22,0.13,0.31
760.0,0.22,0.13,0.31
770.0,0.24,0.16,0.32
780.0,0.21,0.13,0.29
790.0,0.22,0.13,0.31
800.0,0.25,0.16,0.33
810.0,0.19,0.12,0.26
820.0,0.17,0.10,0.23
830.0,0.22,0.14,0.30
840.0,0.18,0.10,0.25
850.0,0.20,0.12,0.28
860.0,0.16,0.09,0.23
870.0,0.22,0.13,0.31
880.0,0.20,0.12,0.28
890.0,0.21,0.13,0.29
900.0,0.18,0.13,0.24
910.0,0.20,0.13,0.28
920.0,0.17,0.11,0.23
930.0,0.21,0.13,0.29
940.0,0.21,0.12,0.30
950.0,0.20,0.12,0.27
960.0,0.20,0.13,0.27
970.0,0.20,0.12,0.27
980.0,0.19,0.12,0.26
990.0,0.17,0.10,0.23
1000.0,0.16,0.09,0.23
1010.0,0.20,0.12,0.27
1020.0,0.18,0.11,0.26
1030.0,0.21,0.14,0.28
1040.0,0.20,0.13,0.27
1050.0,0.23,0.15,0.31
1060.0,0.19,0.12,0.26
1070.0,0.16,0.10,0.22
1080.0,0.20,0.13,0.28
1090.0,0.20,0.13,0.27
1100.0,0.17,0.10,0.24
1110.0,0.14,0.09,0.20
1120.0,0.20,0.12,0.28
1130.0,0.24,0.15,0.33
1140.0,0.18,0.11,0.25
1150.0,0.23,0.15,0.31
1160.0,0.18,0.11,0.25
1170.0,0.24,0.16,0.32
1180.0,0.18,0.11,0.25
1190.0,0.21,0.13,0.30
1200.0,0.25,0.17,0.33
1210.0,0.20,0.12,0.27
1220.0,0.17,0.11,0.23
1230.0,0.24,0.15,0.32
1240.0,0.20,0.13,0.28
1250.0,0.21,0.13,0.29
1260.0,0.22,0.15,0.30
1270.0,0.23,0.15,0.31
1280.0,0.14,0.08,0.19
1290.0,0.21,0.14,0.29
1300.0,0.19,0.11,0.27
1310.0,0.19,0.12,0.26
1320.0,0.16,0.10,0.23
1330.0,0.22,0.14,0.30
1340.0,0.23,0.13,0.32
1350.0,0.22,0.14,0.30
1360.0,0.21,0.13,0.29
1370.0,0.19,0.13,0.26
1380.0,0.20,0.13,0.28
1390.0,0.16,0.11,0.22
1400.0,0.19,0.12,0.27
1410.0,0.20,0.13,0.27
1420.0,0.16,0.09,0.22
1430.0,0.21,0.14,0.28
1440.0,0.18,0.12,0.24
1450.0,0.21,0.13,0.30
1460.0,0.19,0.13,0.26
1470.0,0.22,0.13,0.30
1480.0,0.18,0.12,0.24
1490.0,0.24,0.16,0.31
1500.0,0.24,0.15,0.33
1510.0,0.24,0.16,0.32
1520.0,0.22,0.15,0.29
1530.0,0.20,0.13,0.28
1540.0,0.20,0.11,0.28
1550.0,0.20,0.13,0.27
1560.0,0.24,0.15,0.33
1570.0,0.23,0.14,0.31
1580.0,0.19,0.12,0.25
1590.0,0.23,0.15,0.31
1600.0,0.19,0.12,0.26
1610.0,0.22,0.15,0.30
1620.0,0.21,0.14,0.29
1630.0,0.16,0.10,0.23
1640.0,0.17,0.10,0.24
1650.0,0.20,0.12,0.28
1660.0,0.19,0.12,0.26
1670.0,0.22,0.14,0.30
1680.0,0.24,0.16,0.32
1690.0,0.21,0.15,0.27
1700.0,0.17,0.10,0.24
1710.0,0.22,0.15,0.29
1720.0,0.20,0.12,0.27
1730.0,0.19,0.11,0.27
1740.0,0.21,0.14,0.29
1750.0,0.17,0.11,0.23
1760.0,0.20,0.12,0.27
1770.0,0.22,0.13,0.30
1780.0,0.20,0.12,0.28
1790.0,0.19,0.13,0.25
1800.0,0.22,0.14,0.30
1810.0,0.22,0.14,0.30
1820.0,0.22,0.14,0.29
1830.0,0.21,0.14,0.28
1840.0,0.19,0.13,0.25
1850.0,0.22,0.14,0.31
1860.0,0.20,0.13,0.26
1870.0,0.18,0.11,0.24
1880.0,0.15,0.11,0.20
1890.0,0.23,0.13,0.32
1900.0,0.22,0.15,0.29
1910.0,0.22,0.15,0.30
1920.0,0.23,0.14,0.31
1930.0,0.17,0.11,0.24
1940.0,0.18,0.11,0.25
1950.0,0.24,0.16,0.31
1960.0,0.19,0.11,0.26
1970.0,0.24,0.15,0.33
1980.0,0.22,0.15,0.30
1990.0,0.22,0.14,0.31
2000.0,0.19,0.12,0.26
2010.0,0.17,0.11,0.24
2020.0,0.21,0.12,0.30
2030.0,0.22,0.14,0.30
2040.0,0.20,0.13,0.27
2050.0,0.24,0.16,0.33
2060.0,0.20,0.13,0.28
2070.0,0.17,0.10,0.24
2080.0,0.18,0.11,0.25
2090.0,0.19,0.11,0.26
2100.0,0.17,0.11,0.24
2110.0,0.25,0.16,0.34
2120.0,0.20,0.13,0.27
2130.0,0.24,0.16,0.32
2140.0,0.18,0.12,0.24
2150.0,0.22,0.13,0.30
2160.0,0.19,0.12,0.25
2170.0,0.24,0.15,0.34
2180.0,0.16,0.10,0.22
2190.0,0.21,0.13,0.29
2200.0,0.22,0.14,0.30
2210.0,0.26,0.18,0.35
2220.0,0.20,0.13,0.26
2230.0,0.20,0.13,0.26
2240.0,0.18,0.11,0.26
2250.0,0.20,0.12,0.28
2260.0,0.25,0.16,0.34
2270.0,0.24,0.15,0.32
2280.0,0.24,0.16,0.32
2290.0,0.23,0.15,0.31
2300.0,0.26,0.17,0.35
2310.0,0.22,0.15,0.29
2320.0,0.17,0.09,0.24
2330.0,0.20,0.13,0.28
2340.0,0.22,0.14,0.31
2350.0,0.21,0.14,0.27
2360.0,0.17,0.10,0.24
2370.0,0.22,0.14,0.30
2380.0,0.25,0.16,0.34
2390.0,0.21,0.14,0.29
2400.0,0.20,0.12,0.29
2410.0,0.20,0.12,0.27
2420.0,0.21,0.14,0.28
2430.0,0.24,0.15,0.32
2440.0,0.19,0.12,0.26
2450.0,0.22,0.14,0.31
2460.0,0.18,0.11,0.26
2470.0,0.22,0.14,0.30
2480.0,0.21,0.13,0.29
2490.0,0.23,0.15,0.31
2500.0,0.18,0.10,0.25
2510.0,0.19,0.12,0.26
2520.0,0.27,0.18,0.36
2530.0,0.22,0.14,0.30
2540.0,0.18,0.11,0.26
2550.0,0.20,0.13,0.28
2560.0,0.22,0.14,0.29
2570.0,0.19,0.13,0.24
2580.0,0.23,0.15,0.31
2590.0,0.23,0.16,0.31
2600.0,0.23,0.15,0.31
2610.0,0.27,0.17,0.36
2620.0,0.18,0.11,0.25
2630.0,0.18,0.12,0.24
2640.0,0.17,0.10,0.25
2650.0,0.22,0.14,0.30
2660.0,0.23,0.14,0.32
2670.0,0.19,0.13,0.26
2680.0,0.23,0.15,0.30
2690.0,0.19,0.11,0.26
2700.0,0.19,0.13,0.26
2710.0,0.23,0.15,0.31
2720.0,0.18,0.12,0.24
2730.0,0.21,0.13,0.30
2740.0,0.20,0.12,0.27
2750.0,0.27,0.18,0.35
2760.0,0.22,0.14,0.29
2770.0,0.22,0.14,0.30
2780.0,0.25,0.17,0.34
2790.0,0.21,0.13,0.28
2800.0,0.20,0.13,0.27
2810.0,0.21,0.13,0.28
2820.0,0.18,0.11,0.24
2830.0,0.18,0.11,0.25
2840.0,0.21,0.14,0.28
2850.0,0.24,0.17,0.31
2860.0,0.22,0.15,0.29
2870.0,0.22,0.14,0.29
2880.0,0.20,0.13,0.27
2890.0,0.20,0.13,0.27
2900.0,0.18,0.12,0.24
2910.0,0.26,0.18,0.34
2920.0,0.22,0.14,0.30
2930.0,0.21,0.13,0.29
2940.0,0.21,0.14,0.27
2950.0,0.20,0.12,0.28
2960.0,0.26,0.16,0.37
2970.0,0.17,0.10,0.23
2980.0,0.21,0.14,0.27
2990.0,0.20,0.13,0.28
3000.0,0.18,0.11,0.25
3010.0,0.18,0.12,0.25
3020.0,0.19,0.12,0.26
3030.0,0.22,0.15,0.30
3040.0,0.21,0.13,0.29
3050.0,0.19,0.10,0.28
3060.0,0.23,0.14,0.32
3070.0,0.20,0.14,0.27
3080.0,0.25,0.19,0.32
3090.0,0.22,0.14,0.29
3100.0,0.22,0.14,0.30
3110.0,0.19,0.13,0.26
3120.0,0.24,0.16,0.31
3130.0,0.19,0.12,0.25
3140.0,0.25,0.18,0.33
3150.0,0.23,0.13,0.32
3160.0,0.25,0.16,0.33
3170.0,0.22,0.15,0.30
3180.0,0.18,0.11,0.24
3190.0,0.21,0.13,0.28
3200.0,0.21,0.14,0.28
3210.0,0.20,0.13,0.27
3220.0,0.22,0.14,0.29
3230.0,0.23,0.16,0.31
3240.0,0.20,0.13,0.28
3250.0,0.22,0.15,0.29
3260.0,0.20,0.13,0.26
3270.0,0.22,0.14,0.30
3280.0,0.24,0.15,0.34
3290.0,0.25,0.17,0.33
3300.0,0.21,0.13,0.29
3310.0,0.24,0.16,0.31
3320.0,0.19,0.12,0.27
3330.0,0.19,0.12,0.26
3340.0,0.21,0.13,0.29
3350.0,0.26,0.16,0.36
3360.0,0.20,0.12,0.28
3370.0,0.21,0.13,0.29
3380.0,0.20,0.13,0.27
3390.0,0.23,0.15,0.31
3400.0,0.18,0.12,0.24
3410.0,0.22,0.15,0.29
3420.0,0.21,0.14,0.28
3430.0,0.26,0.16,0.35
3440.0,0.20,0.13,0.28
3450.0,0.22,0.14,0.30
3460.0,0.20,0.12,0.27
3470.0,0.24,0.16,0.32
3480.0,0.19,0.12,0.26
3490.0,0.21,0.14,0.28
3500.0,0.22,0.15,0.28
3510.0,0.24,0.16,0.32
3520.0,0.21,0.13,0.30
3530.0,0.22,0.13,0.31
3540.0,0.23,0.15,0.30
3550.0,0.23,0.16,0.31
3560.0,0.22,0.14,0.30
3570.0,0.21,0.14,0.28
3580.0,0.18,0.12,0.24
3590.0,0.25,0.16,0.34
3600.0,0.21,0.13,0.29
3610.0,0.19,0.11,0.26
3620.0,0.21,0.14,0.29
3630.0,0.24,0.15,0.32
3640.0,0.22,0.13,0.31
3650.0,0.24,0.15,0.33
3660.0,0.18,0.11,0.24
3670.0,0.22,0.14,0.30
3680.0,0.23,0.14,0.31
3690.0,0.22,0.14,0.29
3700.0,0.20,0.12,0.28
3710.0,0.21,0.13,0.29
3720.0,0.19,0.13,0.26
3730.0,0.24,0.17,0.32
3740.0,0.18,0.12,0.24
3750.0,0.21,0.14,0.28
3760.0,0.22,0.14,0.30
3770.0,0.18,0.11,0.26
3780.0,0.17,0.10,0.24
3790.0,0.20,0.14,0.26
3800.0,0.21,0.13,0.28
3810.0,0.20,0.13,0.27
3820.0,0.25,0.17,0.33
3830.0,0.25,0.16,0.35
3840.0,0.21,0.14,0.29
3850.0,0.25,0.17,0.33
3860.0,0.21,0.14,0.28
3870.0,0.18,0.11,0.25
3880.0,0.24,0.15,0.32
3890.0,0.22,0.15,0.29
3900.0,0.22,0.13,0.30
3910.0,0.23,0.14,0.31
3920.0,0.22,0.13,0.30
3930.0,0.25,0.17,0.34
3940.0,0.21,0.13,0.30
3950.0,0.23,0.13,0.33
3960.0,0.17,0.11,0.24
3970.0,0.18,0.13,0.24
3980.0,0.23,0.16,0.31
3990.0,0.18,0.11,0.25
4000.0,0.20,0.13,0.28
4010.0,0.19,0.13,0.25
4020.0,0.21,0.14,0.28
4030.0,0.23,0.15,0.31
4040.0,0.25,0.17,0.33
4050.0,0.18,0.12,0.24
4060.0,0.21,0.14,0.28
4070.0,0.25,0.17,0.33
4080.0,0.19,0.12,0.27
4090.0,0.21,0.13,0.28
4100.0,0.23,0.14,0.31
4110.0,0.18,0.11,0.25
4120.0,0.24,0.15,0.32
4130.0,0.19,0.11,0.26
4140.0,0.23,0.14,0.31
4150.0,0.24,0.16,0.31
4160.0,0.23,0.15,0.31
4170.0,0.22,0.15,0.29
4180.0,0.22,0.14,0.30
4190.0,0.18,0.12,0.24
4200.0,0.21,0.12,0.29
4210.0,0.21,0.13,0.29
4220.0,0.21,0.14,0.29
4230.0,0.26,0.18,0.34
4240.0,0.16,0.10,0.22
4250.0,0.21,0.13,0.29
4260.0,0.19,0.12,0.26
4270.0,0.19,0.12,0.26
4280.0,0.20,0.12,0.27
4290.0,0.24,0.16,0.32
4300.0,0.21,0.14,0.29
4310.0,0.23,0.15,0.30
4320.0,0.17,0.10,0.24
4330.0,0.18,0.11,0.25
4340.0,0.22,0.14,0.31
4350.0,0.21,0.14,0.28
4360.0,0.26,0.19,0.34
4370.0,0.20,0.14,0.27
4380.0,0.19,0.13,0.26
4390.0,0.17,0.11,0.23
4400.0,0.16,0.10,0.22
4410.0,0.15,0.10,0.21
4420.0,0.18,0.12,0.25
4430.0,0.22,0.14,0.30
4440.0,0.22,0.14,0.30
4450.0,0.21,0.13,0.28
4460.0,0.22,0.14,0.29
4470.0,0.19,0.12,0.25
4480.0,0.21,0.14,0.29
4490.0,0.18,0.11,0.24
4500.0,0.23,0.16,0.31
