episodes,mean,ci_down,ci_up
0.0,195.63,182.96,208.30
100.0,391.00,373.02,408.98
200.0,586.37,557.48,615.25
300.0,788.37,759.48,817.25
400.0,990.37,961.48,1019.25
500.0,1192.37,1163.48,1221.25
600.0,1394.37,1365.48,1423.25
700.0,1596.37,1567.48,1625.25
800.0,1798.37,1769.48,1827.25
900.0,2000.37,1971.48,2029.25
1000.0,2202.37,2173.48,2231.25
1100.0,2404.37,2375.48,2433.25
1200.0,2606.37,2577.48,2635.25
1300.0,2808.37,2779.48,2837.25
1400.0,3010.37,2981.48,3039.25
1500.0,3212.37,3183.48,3241.25
1600.0,3414.37,3385.48,3443.25
1700.0,3616.37,3587.48,3645.25
1800.0,3812.30,3781.51,3843.09
1900.0,4008.23,3971.46,4045.01
2000.0,4204.17,4158.90,4249.43
2100.0,4400.10,4345.00,4455.20
2200.0,4589.97,4523.79,4656.14
2300.0,4773.77,4694.29,4853.24
2400.0,4957.57,4862.34,5052.80
2500.0,5141.37,5028.96,5253.77
2600.0,5331.23,5204.08,5458.39
2700.0,5527.17,5394.43,5659.90
2800.0,5729.17,5596.43,5861.90
2900.0,5925.10,5792.62,6057.58
3000.0,6127.10,5994.62,6259.58
3100.0,6329.10,6196.62,6461.58
3200.0,6531.10,6398.62,6663.58
3300.0,6727.03,6594.84,6859.22
3400.0,6929.03,6796.84,7061.22
3500.0,7131.03,6998.84,7263.22
3600.0,7333.03,7200.84,7465.22
3700.0,7535.03,7402.84,7667.22
3800.0,7737.03,7604.84,7869.22
3900.0,7939.03,7806.84,8071.22
4000.0,8141.03,8008.84,8273.22
4100.0,8343.03,8210.84,8475.22
4200.0,8545.03,8412.84,8677.22
4300.0,8747.03,8614.84,8879.22
4400.0,8949.03,8816.84,9081.22
4500.0,9151.03,9018.84,9283.22
4600.0,9353.03,9220.84,9485.22
4700.0,9555.03,9422.84,9687.22
4800.0,9757.03,9624.84,9889.22
4900.0,9959.03,9826.84,10091.22
5000.0,10161.03,10028.84,10293.22
5100.0,10363.03,10230.84,10495.22
5200.0,10565.03,10432.84,10697.22
5300.0,10767.03,10634.84,10899.22
5400.0,10969.03,10836.84,11101.22
5500.0,11171.03,11038.84,11303.22
5600.0,11373.03,11240.84,11505.22
5700.0,11575.03,11442.84,11707.22
5800.0,11777.03,11644.84,11909.22
5900.0,11979.03,11846.84,12111.22
6000.0,12174.97,12043.11,12306.82
6100.0,12370.90,12238.27,12503.53
6200.0,12572.90,12440.27,12705.53
6300.0,12774.90,12642.27,12907.53
6400.0,12976.90,12844.27,13109.53
6500.0,13178.90,13046.27,13311.53
6600.0,13380.90,13248.27,13513.53
6700.0,13582.90,13450.27,13715.53
6800.0,13784.90,13652.27,13917.53
6900.0,13986.90,13854.27,14119.53
7000.0,14188.90,14056.27,14321.53
7100.0,14390.90,14258.27,14523.53
7200.0,14592.90,14460.27,14725.53
7300.0,14794.90,14662.27,14927.53
7400.0,14996.90,14864.27,15129.53
7500.0,15198.90,15066.27,15331.53
7600.0,15400.90,15268.27,15533.53
7700.0,15602.90,15470.27,15735.53
7800.0,15804.90,15672.27,15937.53
7900.0,16006.90,15874.27,16139.53
8000.0,16208.90,16076.27,16341.53
