episodes,mean,ci_down,ci_up
0.0,632.49,436.48,828.50
100.0,1432.76,1178.16,1687.37
200.0,2290.28,1886.91,2693.66
300.0,3276.20,2867.10,3685.30
400.0,4281.18,3870.15,4692.20
500.0,5313.70,4897.49,5729.90
600.0,6366.16,5949.87,6782.45
700.0,7433.27,7012.80,7853.74
800.0,8518.76,8090.15,8947.37
900.0,9619.43,9187.52,10051.34
1000.0,10742.14,10302.39,11181.89
1100.0,11882.77,11428.74,12336.81
1200.0,13051.97,12571.99,13531.94
1300.0,14234.14,13719.90,14748.38
1400.0,15400.88,14861.09,15940.67
1500.0,16603.76,16022.26,17185.26
1600.0,17812.47,17187.94,18436.99
1700.0,19034.84,18362.34,19707.34
1800.0,20278.54,19550.54,21006.53
1900.0,21540.41,20752.77,22328.05
2000.0,22780.87,21923.02,23638.73
2100.0,24066.59,23144.12,24989.05
2200.0,25375.14,24384.57,26365.70
2300.0,26730.18,25656.64,27803.73
2400.0,28094.16,26930.25,29258.06
2500.0,29473.38,28209.55,30737.21
2600.0,30912.03,29531.86,32292.19
2700.0,32373.15,30864.52,33881.78
2800.0,33922.55,32250.81,35594.29
2900.0,35480.56,33627.56,37333.56
3000.0,37054.90,35013.15,39096.65
3100.0,38666.73,36423.63,40909.82
3200.0,40290.94,37840.74,42741.13
3300.0,41922.14,39265.06,44579.22
3400.0,43576.40,40713.69,46439.12
3500.0,45242.83,42172.34,48313.32
3600.0,46959.81,43677.62,50241.99
3700.0,48696.76,45206.18,52187.35
3800.0,50434.77,46733.66,54135.89
3900.0,52227.28,48324.73,56129.82
4000.0,54028.67,49923.62,58133.73
4100.0,55857.75,51548.35,60167.16
4200.0,57698.68,53180.83,62216.54
4300.0,59582.96,54861.95,64303.98
4400.0,61502.42,56582.95,66421.89
4500.0,63442.01,58328.01,68556.01
4600.0,65413.08,60102.03,70724.13
4700.0,67412.77,61900.62,72924.93
4800.0,69411.93,63695.72,75128.14
4900.0,71447.01,65533.21,77360.81
5000.0,73486.41,67399.86,79572.95
5100.0,75480.24,69227.18,81733.31
5200.0,77507.38,71070.24,83944.51
5300.0,79643.07,73038.33,86247.81
5400.0,81814.43,75022.51,88606.35
5500.0,84010.48,77029.63,90991.34
5600.0,86235.11,79070.29,93399.93
5700.0,88420.98,81100.98,95740.98
5800.0,90674.71,83169.83,98179.59
5900.0,92919.44,85232.21,100606.67
6000.0,95191.88,87316.48,103067.29
6100.0,97438.87,89378.93,105498.81
6200.0,99740.00,91497.47,107982.53
6300.0,102045.30,93616.14,110474.46
6400.0,104350.60,95733.10,112968.10
6500.0,106669.86,97861.15,115478.57
6600.0,108951.61,99957.83,117945.39
6700.0,111274.08,102088.19,120459.98
6800.0,113548.22,104176.76,122919.68
6900.0,115882.47,106322.87,125442.07
7000.0,118204.87,108457.45,127952.29
7100.0,120507.34,110573.20,130441.48
7200.0,122829.74,112705.77,132953.70
7300.0,125113.89,114813.06,135414.72
7400.0,127369.18,116921.74,137816.61
7500.0,129651.65,119056.94,140246.36
7600.0,131971.05,121230.78,142711.31
7700.0,134332.47,123441.90,145223.04
7800.0,136727.73,125684.69,147770.78
7900.0,139126.16,127928.59,150323.73
8000.0,141519.44,130176.09,152862.78
