episodes,mean,ci_down,ci_up
0.0,632.49,436.48,828.50
100.0,800.27,616.59,983.95
200.0,857.52,668.83,1046.21
300.0,985.91,956.02,1015.81
400.0,1004.98,976.36,1033.60
500.0,1032.52,997.31,1067.73
600.0,1052.46,1017.96,1086.97
700.0,1067.11,1032.18,1102.05
800.0,1085.49,1050.37,1120.61
900.0,1100.67,1063.30,1138.04
1000.0,1122.71,1085.79,1159.63
1100.0,1140.63,1096.87,1184.39
1200.0,1169.19,1114.19,1224.19
1300.0,1182.17,1122.75,1241.60
1400.0,1166.74,1103.05,1230.43
1500.0,1202.88,1141.26,1264.49
1600.0,1208.71,1148.31,1269.11
1700.0,1222.37,1159.28,1285.46
1800.0,1243.70,1173.16,1314.24
1900.0,1261.88,1182.94,1340.81
2000.0,1240.46,1159.28,1321.64
2100.0,1285.72,1201.63,1369.80
2200.0,1308.55,1211.72,1405.39
2300.0,1355.05,1222.68,1487.41
2400.0,1363.97,1233.33,1494.62
2500.0,1379.22,1247.11,1511.34
2600.0,1438.65,1280.19,1597.11
2700.0,1461.12,1299.06,1623.19
2800.0,1549.39,1357.76,1741.03
2900.0,1558.02,1359.38,1756.65
3000.0,1574.34,1374.02,1774.66
3100.0,1611.82,1400.88,1822.77
3200.0,1624.21,1406.84,1841.58
3300.0,1631.20,1415.20,1847.20
3400.0,1654.27,1440.55,1867.99
3500.0,1666.43,1451.57,1881.28
3600.0,1716.98,1492.70,1941.25
3700.0,1736.96,1510.16,1963.76
3800.0,1738.01,1511.60,1964.42
3900.0,1792.50,1566.21,2018.79
4000.0,1801.40,1573.97,2028.82
4100.0,1829.08,1601.50,2056.66
4200.0,1840.93,1609.04,2072.82
4300.0,1884.28,1647.10,2121.46
4400.0,1919.46,1680.08,2158.84
4500.0,1939.59,1707.92,2171.25
4600.0,1971.07,1735.19,2206.95
4700.0,1999.69,1761.30,2238.09
4800.0,1999.15,1760.63,2237.68
4900.0,2035.08,1794.55,2275.61
5000.0,2039.39,1802.65,2276.14
5100.0,1993.84,1747.41,2240.26
5200.0,2027.13,1781.34,2272.93
5300.0,2135.69,1892.75,2378.62
5400.0,2171.36,1931.23,2411.49
5500.0,2196.06,1952.85,2439.26
5600.0,2224.63,1990.71,2458.54
5700.0,2185.87,1940.47,2431.26
5800.0,2253.73,2026.13,2481.33
5900.0,2244.73,2014.59,2474.87
6000.0,2272.44,2040.80,2504.08
6100.0,2246.99,2009.83,2484.15
6200.0,2301.13,2079.43,2522.83
6300.0,2305.30,2082.55,2528.05
6400.0,2305.30,2082.55,2528.05
6500.0,2319.26,2097.09,2541.43
6600.0,2281.75,2054.15,2509.35
6700.0,2322.47,2102.54,2542.40
6800.0,2274.13,2041.91,2506.36
6900.0,2334.25,2120.71,2547.79
7000.0,2322.40,2109.76,2535.04
7100.0,2302.47,2085.50,2519.44
7200.0,2322.40,2109.76,2535.04
7300.0,2284.15,2075.03,2493.26
7400.0,2255.29,2025.96,2484.62
7500.0,2282.47,2063.97,2500.97
7600.0,2319.40,2099.08,2539.71
7700.0,2361.42,2150.21,2572.63
7800.0,2395.26,2183.25,2607.28
7900.0,2398.43,2179.63,2617.22
8000.0,2393.28,2170.76,2615.79
