episodes,mean,ci_down,ci_up
0.0,195.63,182.96,208.30
100.0,195.37,182.17,208.57
200.0,195.37,182.17,208.57
300.0,202.00,202.00,202.00
400.0,202.00,202.00,202.00
500.0,202.00,202.00,202.00
600.0,202.00,202.00,202.00
700.0,202.00,202.00,202.00
800.0,202.00,202.00,202.00
900.0,202.00,202.00,202.00
1000.0,202.00,202.00,202.00
1100.0,202.00,202.00,202.00
1200.0,202.00,202.00,202.00
1300.0,202.00,202.00,202.00
1400.0,202.00,202.00,202.00
1500.0,202.00,202.00,202.00
1600.0,202.00,202.00,202.00
1700.0,202.00,202.00,202.00
1800.0,195.93,183.86,208.01
1900.0,195.93,183.86,208.01
2000.0,195.93,183.86,208.01
2100.0,195.93,183.86,208.01
2200.0,189.87,173.09,206.64
2300.0,183.80,163.62,203.98
2400.0,183.80,163.62,203.98
2500.0,183.80,163.62,203.98
2600.0,189.87,173.09,206.64
2700.0,195.93,183.86,208.01
2800.0,202.00,202.00,202.00
2900.0,195.93,183.86,208.01
3000.0,202.00,202.00,202.00
3100.0,202.00,202.00,202.00
3200.0,202.00,202.00,202.00
3300.0,195.93,183.86,208.01
3400.0,202.00,202.00,202.00
3500.0,202.00,202.00,202.00
3600.0,202.00,202.00,202.00
3700.0,202.00,202.00,202.00
3800.0,202.00,202.00,202.00
3900.0,202.00,202.00,202.00
4000.0,202.00,202.00,202.00
4100.0,202.00,202.00,202.00
4200.0,202.00,202.00,202.00
4300.0,202.00,202.00,202.00
4400.0,202.00,202.00,202.00
4500.0,202.00,202.00,202.00
4600.0,202.00,202.00,202.00
4700.0,202.00,202.00,202.00
4800.0,202.00,202.00,202.00
4900.0,202.00,202.00,202.00
5000.0,202.00,202.00,202.00
5100.0,202.00,202.00,202.00
5200.0,202.00,202.00,202.00
5300.0,202.00,202.00,202.00
5400.0,202.00,202.00,202.00
5500.0,202.00,202.00,202.00
5600.0,202.00,202.00,202.00
5700.0,202.00,202.00,202.00
5800.0,202.00,202.00,202.00
5900.0,202.00,202.00,202.00
6000.0,195.93,183.86,208.01
6100.0,195.93,183.86,208.01
6200.0,202.00,202.00,202.00
6300.0,202.00,202.00,202.00
6400.0,202.00,202.00,202.00
6500.0,202.00,202.00,202.00
6600.0,202.00,202.00,202.00
6700.0,202.00,202.00,202.00
6800.0,202.00,202.00,202.00
6900.0,202.00,202.00,202.00
7000.0,202.00,202.00,202.00
7100.0,202.00,202.00,202.00
7200.0,202.00,202.00,202.00
7300.0,202.00,202.00,202.00
7400.0,202.00,202.00,202.00
7500.0,202.00,202.00,202.00
7600.0,202.00,202.00,202.00
7700.0,202.00,202.00,202.00
7800.0,202.00,202.00,202.00
7900.0,202.00,202.00,202.00
8000.0,202.00,202.00,202.00
